t C
2.200000 32 0 2515073.10
2.200000 32 1 2512871.67
2.200000 32 2 2511823.21
2.200000 32 3 2511212.27
2.200000 32 4 2510754.86
2.200000 32 5 2510392.07
2.200000 32 6 2510131.25
2.200000 32 7 2509974.60
2.200000 32 8 2509815.19
2.200000 32 9 2509658.35
2.200000 32 10 2509511.58
2.200000 32 11 2509400.67
2.200000 32 12 2509289.46
2.200000 32 13 2509180.69
2.200000 32 14 2509119.72
2.200000 32 15 2509037.00
2.200000 32 16 2508998.43
2.200000 32 17 2508964.32
2.200000 32 18 2508929.68
2.200000 32 19 2508868.08
2.200000 32 20 2508797.26
2.200000 32 21 2508739.37
2.200000 32 22 2508696.56
2.200000 32 23 2508637.55
2.200000 32 24 2508694.18
2.200000 32 25 2508647.56
2.200000 32 26 2508624.24
2.200000 32 27 2508584.96
2.200000 32 28 2508571.70
2.200000 32 29 2508531.96
2.200000 32 30 2508439.81
2.200000 32 31 2508429.30
2.200000 32 32 2508437.96
2.200000 32 33 2508493.98
2.200000 32 34 2508449.78
2.200000 32 35 2508451.88
2.200000 32 36 2508400.53
2.200000 32 37 2508380.75
2.200000 32 38 2508375.79
2.200000 32 39 2508351.21
2.200000 32 40 2508332.75
2.200000 32 41 2508372.86
2.200000 32 42 2508361.18
2.200000 32 43 2508362.21
2.200000 32 44 2508294.34
2.200000 32 45 2508264.17
2.200000 32 46 2508217.29
2.200000 32 47 2508218.93
2.200000 32 48 2508233.70
2.200000 32 49 2508210.15
2.200000 32 50 2508164.49
2.200000 32 51 2508178.16
2.200000 32 52 2508183.51
2.200000 32 53 2508163.03
2.200000 32 54 2508180.89
2.200000 32 55 2508112.18
2.200000 32 56 2508180.11
2.200000 32 57 2508210.70
2.200000 32 58 2508190.02
2.200000 32 59 2508180.69
2.200000 32 60 2508204.00
2.200000 32 61 2508216.06
2.200000 32 62 2508184.47
2.200000 32 63 2508174.02
2.200000 32 64 2508165.09
2.200000 32 65 2508118.87
2.200000 32 66 2508096.34
2.200000 32 67 2508081.38
2.200000 32 68 2508015.47
2.200000 32 69 2507980.34
2.200000 32 70 2507872.30
2.200000 32 71 2507891.96
2.200000 32 72 2507886.67
2.200000 32 73 2507882.97
2.200000 32 74 2507915.31
2.200000 32 75 2507966.58
2.200000 32 76 2507974.31
2.200000 32 77 2507976.57
2.200000 32 78 2507905.73
2.200000 32 79 2507840.95
2.200000 32 80 2507837.48
2.200000 32 81 2507788.54
2.200000 32 82 2507785.03
2.200000 32 83 2507737.84
2.200000 32 84 2507723.76
2.200000 32 85 2507721.44
2.200000 32 86 2507764.82
2.200000 32 87 2507818.86
2.200000 32 88 2507799.95
2.200000 32 89 2507802.07
2.200000 32 90 2507813.44
2.200000 32 91 2507817.25
2.200000 32 92 2507788.51
2.200000 32 93 2507818.47
2.200000 32 94 2507813.15
2.200000 32 95 2507762.30
2.200000 32 96 2507785.92
2.200000 32 97 2507819.54
2.200000 32 98 2507858.01
2.200000 32 99 2507865.88
2.200000 32 100 2507871.49
2.200000 32 101 2507864.43
2.200000 32 102 2507834.68
2.200000 32 103 2507845.79
2.200000 32 104 2507813.01
2.200000 32 105 2507884.79
2.200000 32 106 2507882.65
2.200000 32 107 2507913.04
2.200000 32 108 2507920.27
2.200000 32 109 2507960.51
2.200000 32 110 2507969.29
2.200000 32 111 2507985.40
2.200000 32 112 2508065.05
2.200000 32 113 2508023.24
2.200000 32 114 2508029.68
2.200000 32 115 2507999.53
2.200000 32 116 2508045.59
2.200000 32 117 2508041.00
2.200000 32 118 2507961.86
2.200000 32 119 2507955.00
2.200000 32 120 2508025.27
2.200000 32 121 2508091.13
2.200000 32 122 2508219.59
2.200000 32 123 2508232.43
2.200000 32 124 2508268.73
2.200000 32 125 2508292.15
2.200000 32 126 2508284.05
2.200000 32 127 2508298.98
2.200000 32 128 2508261.74
2.200000 32 129 2508318.23
2.200000 32 130 2508334.16
2.200000 32 131 2508378.04
2.200000 32 132 2508445.92
2.200000 32 133 2508517.81
2.200000 32 134 2508470.20
2.200000 32 135 2508510.42
2.200000 32 136 2508513.00
2.200000 32 137 2508480.86
2.200000 32 138 2508506.90
2.200000 32 139 2508490.94
2.200000 32 140 2508536.12
2.200000 32 141 2508480.72
2.200000 32 142 2508490.65
2.200000 32 143 2508452.78
2.200000 32 144 2508461.58
2.200000 32 145 2508479.04
2.200000 32 146 2508508.20
2.200000 32 147 2508559.11
2.200000 32 148 2508557.05
2.200000 32 149 2508651.39
2.200000 32 150 2508662.33
2.200000 32 151 2508543.92
2.200000 32 152 2508554.66
2.200000 32 153 2508553.03
2.200000 32 154 2508541.16
2.200000 32 155 2508508.84
2.200000 32 156 2508528.13
2.200000 32 157 2508540.98
2.200000 32 158 2508462.10
2.200000 32 159 2508396.13
2.200000 32 160 2508345.28
2.200000 32 161 2508326.94
2.200000 32 162 2508318.53
2.200000 32 163 2508289.93
2.200000 32 164 2508261.99
2.200000 32 165 2508269.69
2.200000 32 166 2508265.48
2.200000 32 167 2508277.54
2.200000 32 168 2508317.91
2.200000 32 169 2508307.67
2.200000 32 170 2508281.94
2.200000 32 171 2508276.40
2.200000 32 172 2508284.74
2.200000 32 173 2508271.14
2.200000 32 174 2508307.40
2.200000 32 175 2508288.78
2.200000 32 176 2508308.82
2.200000 32 177 2508320.55
2.200000 32 178 2508343.94
2.200000 32 179 2508313.20
2.200000 32 180 2508315.93
2.200000 32 181 2508332.76
2.200000 32 182 2508360.82
2.200000 32 183 2508365.87
2.200000 32 184 2508358.72
2.200000 32 185 2508372.17
2.200000 32 186 2508327.67
2.200000 32 187 2508298.61
2.200000 32 188 2508266.46
2.200000 32 189 2508207.14
2.200000 32 190 2508197.00
2.200000 32 191 2508189.34
2.200000 32 192 2508149.22
2.200000 32 193 2508163.48
2.200000 32 194 2508208.43
2.200000 32 195 2508120.74
2.200000 32 196 2508066.86
2.200000 32 197 2508037.14
2.200000 32 198 2508069.23
2.200000 32 199 2508071.85
