t C
2.200000 8 0 10358.63
2.200000 8 1 10222.50
2.200000 8 2 10152.26
2.200000 8 3 10111.93
2.200000 8 4 10084.77
2.200000 8 5 10070.59
2.200000 8 6 10062.41
2.200000 8 7 10056.68
2.200000 8 8 10048.94
2.200000 8 9 10044.59
2.200000 8 10 10039.30
2.200000 8 11 10033.69
2.200000 8 12 10030.34
2.200000 8 13 10026.39
2.200000 8 14 10025.49
2.200000 8 15 10025.22
2.200000 8 16 10024.54
2.200000 8 17 10021.42
2.200000 8 18 10020.70
2.200000 8 19 10016.52
2.200000 8 20 10014.11
2.200000 8 21 10017.68
2.200000 8 22 10023.06
2.200000 8 23 10024.94
2.200000 8 24 10026.01
2.200000 8 25 10024.31
2.200000 8 26 10021.98
2.200000 8 27 10020.47
2.200000 8 28 10023.87
2.200000 8 29 10026.56
2.200000 8 30 10027.86
2.200000 8 31 10032.28
2.200000 8 32 10030.37
2.200000 8 33 10031.42
2.200000 8 34 10028.39
2.200000 8 35 10028.63
2.200000 8 36 10031.11
2.200000 8 37 10027.21
2.200000 8 38 10026.39
2.200000 8 39 10026.78
2.200000 8 40 10027.65
2.200000 8 41 10026.95
2.200000 8 42 10024.38
2.200000 8 43 10026.14
2.200000 8 44 10026.92
2.200000 8 45 10027.17
2.200000 8 46 10026.68
2.200000 8 47 10024.53
2.200000 8 48 10024.85
2.200000 8 49 10027.01
2.200000 8 50 10024.39
2.200000 8 51 10025.87
2.200000 8 52 10025.52
2.200000 8 53 10025.48
2.200000 8 54 10024.68
2.200000 8 55 10023.44
2.200000 8 56 10019.37
2.200000 8 57 10022.42
2.200000 8 58 10026.45
2.200000 8 59 10026.21
2.200000 8 60 10023.57
2.200000 8 61 10025.16
2.200000 8 62 10024.84
2.200000 8 63 10026.10
2.200000 8 64 10028.72
2.200000 8 65 10027.02
2.200000 8 66 10024.54
2.200000 8 67 10027.38
2.200000 8 68 10026.01
2.200000 8 69 10025.39
2.200000 8 70 10024.93
2.200000 8 71 10024.06
2.200000 8 72 10026.25
2.200000 8 73 10026.70
2.200000 8 74 10025.12
2.200000 8 75 10023.59
2.200000 8 76 10022.48
2.200000 8 77 10024.72
2.200000 8 78 10027.03
2.200000 8 79 10026.60
2.200000 8 80 10021.99
2.200000 8 81 10022.35
2.200000 8 82 10021.49
2.200000 8 83 10025.77
2.200000 8 84 10025.34
2.200000 8 85 10021.41
2.200000 8 86 10022.23
2.200000 8 87 10022.74
2.200000 8 88 10024.00
2.200000 8 89 10023.78
2.200000 8 90 10023.88
2.200000 8 91 10024.16
2.200000 8 92 10025.97
2.200000 8 93 10026.22
2.200000 8 94 10024.62
2.200000 8 95 10024.27
2.200000 8 96 10023.60
2.200000 8 97 10026.98
2.200000 8 98 10024.63
2.200000 8 99 10025.46
2.200000 8 100 10025.60
2.200000 8 101 10029.02
2.200000 8 102 10025.87
2.200000 8 103 10023.13
2.200000 8 104 10017.99
2.200000 8 105 10015.87
2.200000 8 106 10014.39
2.200000 8 107 10015.95
2.200000 8 108 10015.40
2.200000 8 109 10021.64
2.200000 8 110 10023.96
2.200000 8 111 10025.26
2.200000 8 112 10025.10
2.200000 8 113 10026.66
2.200000 8 114 10028.46
2.200000 8 115 10023.83
2.200000 8 116 10022.70
2.200000 8 117 10023.76
2.200000 8 118 10022.82
2.200000 8 119 10015.95
2.200000 8 120 10012.75
2.200000 8 121 10013.71
2.200000 8 122 10018.04
2.200000 8 123 10022.05
2.200000 8 124 10023.93
2.200000 8 125 10025.67
2.200000 8 126 10027.83
2.200000 8 127 10025.32
2.200000 8 128 10020.81
2.200000 8 129 10020.07
2.200000 8 130 10022.01
2.200000 8 131 10021.04
2.200000 8 132 10020.83
2.200000 8 133 10020.06
2.200000 8 134 10019.65
2.200000 8 135 10022.30
2.200000 8 136 10022.93
2.200000 8 137 10024.75
2.200000 8 138 10027.66
2.200000 8 139 10025.93
2.200000 8 140 10023.76
2.200000 8 141 10022.01
2.200000 8 142 10020.99
2.200000 8 143 10019.74
2.200000 8 144 10021.16
2.200000 8 145 10025.36
2.200000 8 146 10028.26
2.200000 8 147 10027.63
2.200000 8 148 10028.00
2.200000 8 149 10026.06
2.200000 8 150 10022.99
2.200000 8 151 10017.09
2.200000 8 152 10018.72
2.200000 8 153 10023.07
2.200000 8 154 10026.33
2.200000 8 155 10027.15
2.200000 8 156 10023.02
2.200000 8 157 10014.13
2.200000 8 158 10014.06
2.200000 8 159 10010.39
2.200000 8 160 10013.98
2.200000 8 161 10015.98
2.200000 8 162 10022.64
2.200000 8 163 10021.85
2.200000 8 164 10020.54
2.200000 8 165 10021.09
2.200000 8 166 10022.23
2.200000 8 167 10018.17
2.200000 8 168 10014.17
2.200000 8 169 10008.41
2.200000 8 170 10007.75
2.200000 8 171 10006.99
2.200000 8 172 10007.37
2.200000 8 173 10008.57
2.200000 8 174 10007.12
2.200000 8 175 10006.20
2.200000 8 176 10008.35
2.200000 8 177 10012.18
2.200000 8 178 10012.13
2.200000 8 179 10012.09
2.200000 8 180 10009.16
2.200000 8 181 10010.85
2.200000 8 182 10008.98
2.200000 8 183 10009.48
2.200000 8 184 10013.77
2.200000 8 185 10014.58
2.200000 8 186 10013.67
2.200000 8 187 10012.86
2.200000 8 188 10015.35
2.200000 8 189 10016.95
2.200000 8 190 10014.94
2.200000 8 191 10014.01
2.200000 8 192 10017.63
2.200000 8 193 10017.79
2.200000 8 194 10016.92
2.200000 8 195 10017.22
2.200000 8 196 10010.28
2.200000 8 197 10010.75
2.200000 8 198 10013.28
2.200000 8 199 10013.07
