2.200000 8 -1.567131 1.050879 0.821625
2.200000 8 -1.561781 1.102395 0.818241
2.200000 8 -1.570600 1.075568 0.823103
2.200000 8 -1.557456 1.077716 0.814669
2.200000 8 -1.570456 1.033166 0.823462
2.200000 8 -1.562013 1.089625 0.816003
2.200000 8 -1.558394 1.089255 0.815381
2.200000 8 -1.563919 1.103439 0.817456
2.200000 8 -1.568744 1.013116 0.823588
2.200000 8 -1.575312 1.037075 0.828869
2.200000 8 -1.565656 1.050514 0.819716
2.200000 8 -1.559163 1.067198 0.818925
2.200000 8 -1.564731 1.065487 0.819634
