L T t C
32 2.300000 0 1997322.49
32 2.300000 1 1995148.80
32 2.300000 2 1993540.66
32 2.300000 3 1992326.45
32 2.300000 4 1991360.55
32 2.300000 5 1990594.83
32 2.300000 6 1989989.05
32 2.300000 7 1989496.55
32 2.300000 8 1989103.43
32 2.300000 9 1988767.44
32 2.300000 10 1988518.44
32 2.300000 11 1988272.80
32 2.300000 12 1988057.67
32 2.300000 13 1987890.40
32 2.300000 14 1987756.62
32 2.300000 15 1987659.58
32 2.300000 16 1987561.08
32 2.300000 17 1987503.02
32 2.300000 18 1987415.58
32 2.300000 19 1987329.82
32 2.300000 20 1987237.69
32 2.300000 21 1987161.07
32 2.300000 22 1987124.31
32 2.300000 23 1987082.38
32 2.300000 24 1987049.76
32 2.300000 25 1987023.76
32 2.300000 26 1987000.16
32 2.300000 27 1986971.36
32 2.300000 28 1986967.02
32 2.300000 29 1986968.59
32 2.300000 30 1986961.45
32 2.300000 31 1986978.31
32 2.300000 32 1986984.93
32 2.300000 33 1987010.99
32 2.300000 34 1987026.42
32 2.300000 35 1987039.10
32 2.300000 36 1987070.06
32 2.300000 37 1987083.04
32 2.300000 38 1987081.57
32 2.300000 39 1987107.93
32 2.300000 40 1987124.26
32 2.300000 41 1987173.97
32 2.300000 42 1987212.81
32 2.300000 43 1987238.98
32 2.300000 44 1987250.45
32 2.300000 45 1987271.60
32 2.300000 46 1987286.48
32 2.300000 47 1987256.13
32 2.300000 48 1987243.03
32 2.300000 49 1987238.63
32 2.300000 50 1987216.58
32 2.300000 51 1987188.95
32 2.300000 52 1987152.42
32 2.300000 53 1987144.43
32 2.300000 54 1987147.83
32 2.300000 55 1987144.91
32 2.300000 56 1987151.38
32 2.300000 57 1987156.61
32 2.300000 58 1987163.54
32 2.300000 59 1987180.23
32 2.300000 60 1987207.90
32 2.300000 61 1987226.15
32 2.300000 62 1987253.94
32 2.300000 63 1987278.66
32 2.300000 64 1987298.75
32 2.300000 65 1987310.42
32 2.300000 66 1987320.34
32 2.300000 67 1987283.22
32 2.300000 68 1987264.90
32 2.300000 69 1987237.32
32 2.300000 70 1987199.94
32 2.300000 71 1987188.94
32 2.300000 72 1987167.23
32 2.300000 73 1987146.71
32 2.300000 74 1987167.65
32 2.300000 75 1987182.84
32 2.300000 76 1987195.79
32 2.300000 77 1987172.67
32 2.300000 78 1987151.65
32 2.300000 79 1987133.23
32 2.300000 80 1987119.70
32 2.300000 81 1987106.13
32 2.300000 82 1987102.04
32 2.300000 83 1987102.35
32 2.300000 84 1987081.13
32 2.300000 85 1987080.49
32 2.300000 86 1987132.55
32 2.300000 87 1987132.93
32 2.300000 88 1987138.10
32 2.300000 89 1987157.32
32 2.300000 90 1987178.07
32 2.300000 91 1987181.15
32 2.300000 92 1987197.50
32 2.300000 93 1987189.01
32 2.300000 94 1987156.98
32 2.300000 95 1987103.12
32 2.300000 96 1987056.91
32 2.300000 97 1987017.53
32 2.300000 98 1986976.61
32 2.300000 99 1986964.11
32 2.300000 100 1986963.30
32 2.300000 101 1986978.13
32 2.300000 102 1986978.40
32 2.300000 103 1986976.35
32 2.300000 104 1986966.79
32 2.300000 105 1986985.63
32 2.300000 106 1987020.16
32 2.300000 107 1987049.36
32 2.300000 108 1987051.15
32 2.300000 109 1987061.08
32 2.300000 110 1987064.00
32 2.300000 111 1987036.92
32 2.300000 112 1987052.37
32 2.300000 113 1987037.75
32 2.300000 114 1987031.38
32 2.300000 115 1987014.62
32 2.300000 116 1987011.19
32 2.300000 117 1987016.13
32 2.300000 118 1987040.48
32 2.300000 119 1987054.01
32 2.300000 120 1987060.33
32 2.300000 121 1987057.90
32 2.300000 122 1987050.85
32 2.300000 123 1987036.76
32 2.300000 124 1987036.28
32 2.300000 125 1987023.39
32 2.300000 126 1987016.24
32 2.300000 127 1987020.44
32 2.300000 128 1987043.76
32 2.300000 129 1987088.38
32 2.300000 130 1987118.56
32 2.300000 131 1987110.78
32 2.300000 132 1987103.99
32 2.300000 133 1987101.61
32 2.300000 134 1987140.10
32 2.300000 135 1987153.70
32 2.300000 136 1987154.43
32 2.300000 137 1987170.82
32 2.300000 138 1987205.46
32 2.300000 139 1987197.34
32 2.300000 140 1987185.33
32 2.300000 141 1987158.59
32 2.300000 142 1987167.34
32 2.300000 143 1987145.16
32 2.300000 144 1987111.61
32 2.300000 145 1987102.48
32 2.300000 146 1987110.14
32 2.300000 147 1987130.86
32 2.300000 148 1987135.30
32 2.300000 149 1987138.48
32 2.300000 150 1987119.61
32 2.300000 151 1987094.48
32 2.300000 152 1987077.92
32 2.300000 153 1987048.91
32 2.300000 154 1987038.75
32 2.300000 155 1987041.26
32 2.300000 156 1987064.56
32 2.300000 157 1987071.03
32 2.300000 158 1987066.72
32 2.300000 159 1987061.54
32 2.300000 160 1987068.23
32 2.300000 161 1987054.56
32 2.300000 162 1987018.17
32 2.300000 163 1987002.86
32 2.300000 164 1986991.53
32 2.300000 165 1986987.33
32 2.300000 166 1986978.99
32 2.300000 167 1986976.43
32 2.300000 168 1986968.47
32 2.300000 169 1986973.02
32 2.300000 170 1986997.45
32 2.300000 171 1987043.87
32 2.300000 172 1987076.86
32 2.300000 173 1987123.21
32 2.300000 174 1987154.26
32 2.300000 175 1987173.34
32 2.300000 176 1987196.07
32 2.300000 177 1987219.62
32 2.300000 178 1987247.92
32 2.300000 179 1987241.29
32 2.300000 180 1987242.44
32 2.300000 181 1987218.22
32 2.300000 182 1987198.78
32 2.300000 183 1987177.50
32 2.300000 184 1987173.94
32 2.300000 185 1987171.73
32 2.300000 186 1987146.10
32 2.300000 187 1987097.53
32 2.300000 188 1987079.54
32 2.300000 189 1987074.30
32 2.300000 190 1987059.31
32 2.300000 191 1987069.37
32 2.300000 192 1987088.41
32 2.300000 193 1987094.62
32 2.300000 194 1987102.51
32 2.300000 195 1987105.95
32 2.300000 196 1987135.17
32 2.300000 197 1987123.36
32 2.300000 198 1987117.68
32 2.300000 199 1987128.77
