2.400000 32 0 1550454.86
2.400000 32 1 1548228.45
2.400000 32 2 1547083.90
2.400000 32 3 1546389.16
2.400000 32 4 1545922.63
2.400000 32 5 1545574.16
2.400000 32 6 1545305.71
2.400000 32 7 1545097.06
2.400000 32 8 1544921.83
2.400000 32 9 1544773.97
2.400000 32 10 1544633.05
2.400000 32 11 1544515.08
2.400000 32 12 1544415.35
2.400000 32 13 1544324.89
2.400000 32 14 1544244.97
2.400000 32 15 1544174.23
2.400000 32 16 1544104.43
2.400000 32 17 1544050.87
2.400000 32 18 1543997.49
2.400000 32 19 1543943.73
2.400000 32 20 1543894.39
2.400000 32 21 1543856.94
2.400000 32 22 1543816.85
2.400000 32 23 1543782.17
2.400000 32 24 1543742.94
2.400000 32 25 1543701.39
2.400000 32 26 1543667.80
2.400000 32 27 1543625.05
2.400000 32 28 1543583.14
2.400000 32 29 1543553.72
2.400000 32 30 1543522.11
2.400000 32 31 1543494.32
2.400000 32 32 1543466.86
2.400000 32 33 1543443.20
2.400000 32 34 1543416.09
2.400000 32 35 1543388.23
2.400000 32 36 1543373.52
2.400000 32 37 1543351.83
2.400000 32 38 1543329.43
2.400000 32 39 1543298.74
2.400000 32 40 1543278.37
2.400000 32 41 1543265.73
2.400000 32 42 1543248.46
2.400000 32 43 1543226.51
2.400000 32 44 1543201.93
2.400000 32 45 1543183.32
2.400000 32 46 1543165.21
2.400000 32 47 1543146.15
2.400000 32 48 1543140.06
2.400000 32 49 1543123.62
2.400000 32 50 1543113.34
2.400000 32 51 1543109.60
2.400000 32 52 1543103.45
2.400000 32 53 1543100.98
2.400000 32 54 1543091.61
2.400000 32 55 1543080.69
2.400000 32 56 1543074.94
2.400000 32 57 1543063.87
2.400000 32 58 1543058.52
2.400000 32 59 1543050.69
2.400000 32 60 1543044.93
2.400000 32 61 1543033.10
2.400000 32 62 1543022.37
2.400000 32 63 1543017.59
2.400000 32 64 1543009.49
2.400000 32 65 1543002.79
2.400000 32 66 1542989.46
2.400000 32 67 1542982.70
2.400000 32 68 1542970.29
2.400000 32 69 1542963.76
2.400000 32 70 1542956.30
2.400000 32 71 1542951.87
2.400000 32 72 1542949.76
2.400000 32 73 1542958.37
2.400000 32 74 1542955.88
2.400000 32 75 1542954.48
2.400000 32 76 1542950.41
2.400000 32 77 1542948.81
2.400000 32 78 1542956.42
2.400000 32 79 1542959.57
2.400000 32 80 1542956.32
2.400000 32 81 1542946.70
2.400000 32 82 1542942.31
2.400000 32 83 1542939.77
2.400000 32 84 1542936.22
2.400000 32 85 1542939.71
2.400000 32 86 1542938.40
2.400000 32 87 1542923.34
2.400000 32 88 1542912.59
2.400000 32 89 1542905.11
2.400000 32 90 1542910.57
2.400000 32 91 1542919.30
2.400000 32 92 1542919.12
2.400000 32 93 1542906.84
2.400000 32 94 1542896.73
2.400000 32 95 1542891.98
2.400000 32 96 1542888.71
2.400000 32 97 1542886.54
2.400000 32 98 1542884.54
2.400000 32 99 1542880.39
2.400000 32 100 1542873.63
2.400000 32 101 1542869.18
2.400000 32 102 1542862.53
2.400000 32 103 1542862.44
2.400000 32 104 1542860.22
2.400000 32 105 1542867.71
2.400000 32 106 1542869.18
2.400000 32 107 1542869.32
2.400000 32 108 1542863.60
2.400000 32 109 1542860.89
2.400000 32 110 1542854.48
2.400000 32 111 1542854.27
2.400000 32 112 1542850.14
2.400000 32 113 1542849.69
2.400000 32 114 1542853.57
2.400000 32 115 1542844.81
2.400000 32 116 1542848.73
2.400000 32 117 1542854.97
2.400000 32 118 1542857.20
2.400000 32 119 1542859.10
2.400000 32 120 1542853.79
2.400000 32 121 1542851.36
2.400000 32 122 1542847.82
2.400000 32 123 1542849.49
2.400000 32 124 1542848.76
2.400000 32 125 1542844.61
2.400000 32 126 1542838.74
2.400000 32 127 1542832.00
2.400000 32 128 1542832.51
2.400000 32 129 1542830.88
2.400000 32 130 1542825.46
2.400000 32 131 1542816.51
2.400000 32 132 1542807.52
2.400000 32 133 1542812.67
2.400000 32 134 1542820.90
2.400000 32 135 1542819.81
2.400000 32 136 1542818.38
2.400000 32 137 1542811.67
2.400000 32 138 1542808.10
2.400000 32 139 1542812.42
2.400000 32 140 1542812.19
2.400000 32 141 1542811.30
2.400000 32 142 1542817.57
2.400000 32 143 1542819.50
2.400000 32 144 1542821.83
2.400000 32 145 1542820.84
2.400000 32 146 1542821.23
2.400000 32 147 1542821.48
2.400000 32 148 1542822.13
2.400000 32 149 1542821.77
2.400000 32 150 1542817.37
2.400000 32 151 1542808.86
2.400000 32 152 1542802.25
2.400000 32 153 1542815.01
2.400000 32 154 1542815.65
2.400000 32 155 1542821.13
2.400000 32 156 1542822.24
2.400000 32 157 1542815.83
2.400000 32 158 1542814.57
2.400000 32 159 1542806.89
2.400000 32 160 1542804.91
2.400000 32 161 1542807.03
2.400000 32 162 1542814.83
2.400000 32 163 1542824.70
2.400000 32 164 1542827.15
2.400000 32 165 1542826.42
2.400000 32 166 1542827.78
2.400000 32 167 1542836.08
2.400000 32 168 1542847.68
2.400000 32 169 1542856.09
2.400000 32 170 1542852.91
2.400000 32 171 1542848.41
2.400000 32 172 1542839.77
2.400000 32 173 1542843.84
2.400000 32 174 1542834.75
2.400000 32 175 1542838.50
2.400000 32 176 1542837.69
2.400000 32 177 1542838.75
2.400000 32 178 1542831.51
2.400000 32 179 1542826.03
2.400000 32 180 1542822.30
2.400000 32 181 1542821.25
2.400000 32 182 1542817.77
2.400000 32 183 1542814.83
2.400000 32 184 1542818.03
2.400000 32 185 1542822.70
2.400000 32 186 1542820.61
2.400000 32 187 1542823.14
2.400000 32 188 1542826.58
2.400000 32 189 1542822.63
2.400000 32 190 1542823.13
2.400000 32 191 1542819.13
2.400000 32 192 1542820.69
2.400000 32 193 1542817.08
2.400000 32 194 1542812.71
2.400000 32 195 1542827.15
2.400000 32 196 1542834.61
2.400000 32 197 1542831.87
2.400000 32 198 1542829.47
2.400000 32 199 1542830.82
