2.300000 32 0 1990289.08
2.300000 32 1 1987993.87
2.300000 32 2 1986800.89
2.300000 32 3 1986061.95
2.300000 32 4 1985540.01
2.300000 32 5 1985146.07
2.300000 32 6 1984840.50
2.300000 32 7 1984586.33
2.300000 32 8 1984355.52
2.300000 32 9 1984160.03
2.300000 32 10 1983985.65
2.300000 32 11 1983826.05
2.300000 32 12 1983677.28
2.300000 32 13 1983537.93
2.300000 32 14 1983419.36
2.300000 32 15 1983307.62
2.300000 32 16 1983204.67
2.300000 32 17 1983106.35
2.300000 32 18 1983007.93
2.300000 32 19 1982924.22
2.300000 32 20 1982835.78
2.300000 32 21 1982749.73
2.300000 32 22 1982675.52
2.300000 32 23 1982597.02
2.300000 32 24 1982527.77
2.300000 32 25 1982460.67
2.300000 32 26 1982396.06
2.300000 32 27 1982332.86
2.300000 32 28 1982267.22
2.300000 32 29 1982205.82
2.300000 32 30 1982136.59
2.300000 32 31 1982081.25
2.300000 32 32 1982017.89
2.300000 32 33 1981972.12
2.300000 32 34 1981930.30
2.300000 32 35 1981878.21
2.300000 32 36 1981826.76
2.300000 32 37 1981785.42
2.300000 32 38 1981740.09
2.300000 32 39 1981694.19
2.300000 32 40 1981650.45
2.300000 32 41 1981616.91
2.300000 32 42 1981582.31
2.300000 32 43 1981542.74
2.300000 32 44 1981506.65
2.300000 32 45 1981468.11
2.300000 32 46 1981441.26
2.300000 32 47 1981410.13
2.300000 32 48 1981382.22
2.300000 32 49 1981346.69
2.300000 32 50 1981311.68
2.300000 32 51 1981279.77
2.300000 32 52 1981246.15
2.300000 32 53 1981209.33
2.300000 32 54 1981174.50
2.300000 32 55 1981149.10
2.300000 32 56 1981127.93
2.300000 32 57 1981105.16
2.300000 32 58 1981080.68
2.300000 32 59 1981052.45
2.300000 32 60 1981025.73
2.300000 32 61 1981000.74
2.300000 32 62 1980979.01
2.300000 32 63 1980963.84
2.300000 32 64 1980936.96
2.300000 32 65 1980910.54
2.300000 32 66 1980890.60
2.300000 32 67 1980874.25
2.300000 32 68 1980850.75
2.300000 32 69 1980833.48
2.300000 32 70 1980818.46
2.300000 32 71 1980800.05
2.300000 32 72 1980776.51
2.300000 32 73 1980765.32
2.300000 32 74 1980752.53
2.300000 32 75 1980735.10
2.300000 32 76 1980715.65
2.300000 32 77 1980697.90
2.300000 32 78 1980679.22
2.300000 32 79 1980670.54
2.300000 32 80 1980659.36
2.300000 32 81 1980645.84
2.300000 32 82 1980636.45
2.300000 32 83 1980629.03
2.300000 32 84 1980613.56
2.300000 32 85 1980599.49
2.300000 32 86 1980580.48
2.300000 32 87 1980558.40
2.300000 32 88 1980546.15
2.300000 32 89 1980530.53
2.300000 32 90 1980523.08
2.300000 32 91 1980510.93
2.300000 32 92 1980495.05
2.300000 32 93 1980488.35
2.300000 32 94 1980481.09
2.300000 32 95 1980471.92
2.300000 32 96 1980455.30
2.300000 32 97 1980445.92
2.300000 32 98 1980436.69
2.300000 32 99 1980430.27
2.300000 32 100 1980421.60
2.300000 32 101 1980415.39
2.300000 32 102 1980410.37
2.300000 32 103 1980404.22
2.300000 32 104 1980403.50
2.300000 32 105 1980398.84
2.300000 32 106 1980394.35
2.300000 32 107 1980389.70
2.300000 32 108 1980387.62
2.300000 32 109 1980378.14
2.300000 32 110 1980378.66
2.300000 32 111 1980371.89
2.300000 32 112 1980366.44
2.300000 32 113 1980357.32
2.300000 32 114 1980348.90
2.300000 32 115 1980343.36
2.300000 32 116 1980337.17
2.300000 32 117 1980331.66
2.300000 32 118 1980323.28
2.300000 32 119 1980319.72
2.300000 32 120 1980316.76
2.300000 32 121 1980321.89
2.300000 32 122 1980311.58
2.300000 32 123 1980301.12
2.300000 32 124 1980301.71
2.300000 32 125 1980301.80
2.300000 32 126 1980303.58
2.300000 32 127 1980311.90
2.300000 32 128 1980315.96
2.300000 32 129 1980315.49
2.300000 32 130 1980311.43
2.300000 32 131 1980306.49
2.300000 32 132 1980296.37
2.300000 32 133 1980293.23
2.300000 32 134 1980285.92
2.300000 32 135 1980278.24
2.300000 32 136 1980279.66
2.300000 32 137 1980279.04
2.300000 32 138 1980284.06
2.300000 32 139 1980276.17
2.300000 32 140 1980263.65
2.300000 32 141 1980255.32
2.300000 32 142 1980252.71
2.300000 32 143 1980252.76
2.300000 32 144 1980249.95
2.300000 32 145 1980251.05
2.300000 32 146 1980247.11
2.300000 32 147 1980246.64
2.300000 32 148 1980248.00
2.300000 32 149 1980247.63
2.300000 32 150 1980251.79
2.300000 32 151 1980252.07
2.300000 32 152 1980251.25
2.300000 32 153 1980242.32
2.300000 32 154 1980243.34
2.300000 32 155 1980245.92
2.300000 32 156 1980245.11
2.300000 32 157 1980237.06
2.300000 32 158 1980234.15
2.300000 32 159 1980236.50
2.300000 32 160 1980237.15
2.300000 32 161 1980240.88
2.300000 32 162 1980236.18
2.300000 32 163 1980228.54
2.300000 32 164 1980227.15
2.300000 32 165 1980230.45
2.300000 32 166 1980234.68
2.300000 32 167 1980226.15
2.300000 32 168 1980214.32
2.300000 32 169 1980195.79
2.300000 32 170 1980190.44
2.300000 32 171 1980186.30
2.300000 32 172 1980189.97
2.300000 32 173 1980184.64
2.300000 32 174 1980177.41
2.300000 32 175 1980172.41
2.300000 32 176 1980163.90
2.300000 32 177 1980152.53
2.300000 32 178 1980146.15
2.300000 32 179 1980145.84
2.300000 32 180 1980145.37
2.300000 32 181 1980146.04
2.300000 32 182 1980148.89
2.300000 32 183 1980142.72
2.300000 32 184 1980146.17
2.300000 32 185 1980137.39
2.300000 32 186 1980133.37
2.300000 32 187 1980132.51
2.300000 32 188 1980134.27
2.300000 32 189 1980129.03
2.300000 32 190 1980129.85
2.300000 32 191 1980130.39
2.300000 32 192 1980137.88
2.300000 32 193 1980137.15
2.300000 32 194 1980135.35
2.300000 32 195 1980137.94
2.300000 32 196 1980130.89
2.300000 32 197 1980136.16
2.300000 32 198 1980135.71
2.300000 32 199 1980139.31
