2.800000 32 0 869200.33
2.800000 32 1 867060.63
2.800000 32 2 866114.48
2.800000 32 3 865653.09
2.800000 32 4 865409.82
2.800000 32 5 865278.15
2.800000 32 6 865193.70
2.800000 32 7 865150.53
2.800000 32 8 865120.42
2.800000 32 9 865102.11
2.800000 32 10 865095.00
2.800000 32 11 865087.84
2.800000 32 12 865082.06
2.800000 32 13 865077.94
2.800000 32 14 865074.23
2.800000 32 15 865074.76
2.800000 32 16 865081.46
2.800000 32 17 865079.30
2.800000 32 18 865078.53
2.800000 32 19 865078.13
2.800000 32 20 865083.24
2.800000 32 21 865084.14
2.800000 32 22 865090.80
2.800000 32 23 865085.39
2.800000 32 24 865080.91
2.800000 32 25 865082.47
2.800000 32 26 865082.21
2.800000 32 27 865080.93
2.800000 32 28 865080.30
2.800000 32 29 865081.12
2.800000 32 30 865079.79
2.800000 32 31 865074.80
2.800000 32 32 865079.77
2.800000 32 33 865078.44
2.800000 32 34 865073.78
2.800000 32 35 865078.17
2.800000 32 36 865076.93
2.800000 32 37 865077.62
2.800000 32 38 865083.42
2.800000 32 39 865084.09
2.800000 32 40 865079.47
2.800000 32 41 865090.48
2.800000 32 42 865084.17
2.800000 32 43 865075.04
2.800000 32 44 865074.73
2.800000 32 45 865074.51
2.800000 32 46 865071.85
2.800000 32 47 865074.27
2.800000 32 48 865080.39
2.800000 32 49 865080.70
2.800000 32 50 865077.23
2.800000 32 51 865075.35
2.800000 32 52 865077.35
2.800000 32 53 865082.75
2.800000 32 54 865084.99
2.800000 32 55 865085.16
2.800000 32 56 865085.03
2.800000 32 57 865081.98
2.800000 32 58 865082.65
2.800000 32 59 865088.65
2.800000 32 60 865087.75
2.800000 32 61 865082.48
2.800000 32 62 865084.79
2.800000 32 63 865076.64
2.800000 32 64 865073.78
2.800000 32 65 865074.24
2.800000 32 66 865079.08
2.800000 32 67 865075.95
2.800000 32 68 865075.97
2.800000 32 69 865076.60
2.800000 32 70 865074.66
2.800000 32 71 865079.06
2.800000 32 72 865081.29
2.800000 32 73 865085.71
2.800000 32 74 865081.98
2.800000 32 75 865081.05
2.800000 32 76 865081.58
2.800000 32 77 865079.48
2.800000 32 78 865082.54
2.800000 32 79 865089.35
2.800000 32 80 865088.55
2.800000 32 81 865085.78
2.800000 32 82 865090.89
2.800000 32 83 865085.53
2.800000 32 84 865083.42
2.800000 32 85 865089.16
2.800000 32 86 865091.91
2.800000 32 87 865088.08
2.800000 32 88 865090.10
2.800000 32 89 865087.15
2.800000 32 90 865078.78
2.800000 32 91 865079.22
2.800000 32 92 865078.44
2.800000 32 93 865073.71
2.800000 32 94 865069.17
2.800000 32 95 865064.26
2.800000 32 96 865067.45
2.800000 32 97 865071.54
2.800000 32 98 865072.58
2.800000 32 99 865072.84
2.800000 32 100 865072.10
2.800000 32 101 865072.03
2.800000 32 102 865080.90
2.800000 32 103 865088.77
2.800000 32 104 865088.82
2.800000 32 105 865088.14
2.800000 32 106 865080.57
2.800000 32 107 865074.41
2.800000 32 108 865076.08
2.800000 32 109 865076.81
2.800000 32 110 865079.44
2.800000 32 111 865083.45
2.800000 32 112 865083.20
2.800000 32 113 865081.31
2.800000 32 114 865075.59
2.800000 32 115 865080.01
2.800000 32 116 865084.45
2.800000 32 117 865089.07
2.800000 32 118 865093.28
2.800000 32 119 865087.90
2.800000 32 120 865084.04
2.800000 32 121 865076.45
2.800000 32 122 865080.52
2.800000 32 123 865087.72
2.800000 32 124 865085.33
2.800000 32 125 865081.85
2.800000 32 126 865078.98
2.800000 32 127 865076.77
2.800000 32 128 865072.81
2.800000 32 129 865075.10
2.800000 32 130 865078.91
2.800000 32 131 865077.21
2.800000 32 132 865069.91
2.800000 32 133 865075.12
2.800000 32 134 865086.13
2.800000 32 135 865079.26
2.800000 32 136 865076.22
2.800000 32 137 865078.49
2.800000 32 138 865084.72
2.800000 32 139 865087.18
2.800000 32 140 865086.85
2.800000 32 141 865088.50
2.800000 32 142 865080.59
2.800000 32 143 865075.50
2.800000 32 144 865078.45
2.800000 32 145 865079.57
2.800000 32 146 865085.08
2.800000 32 147 865088.78
2.800000 32 148 865085.85
2.800000 32 149 865082.56
2.800000 32 150 865082.84
2.800000 32 151 865081.11
2.800000 32 152 865081.69
2.800000 32 153 865090.74
2.800000 32 154 865091.16
2.800000 32 155 865095.20
2.800000 32 156 865094.43
2.800000 32 157 865091.92
2.800000 32 158 865091.63
2.800000 32 159 865081.47
2.800000 32 160 865081.36
2.800000 32 161 865080.58
2.800000 32 162 865083.70
2.800000 32 163 865084.94
2.800000 32 164 865081.09
2.800000 32 165 865071.48
2.800000 32 166 865073.60
2.800000 32 167 865072.88
2.800000 32 168 865079.79
2.800000 32 169 865079.30
2.800000 32 170 865080.89
2.800000 32 171 865081.65
2.800000 32 172 865078.32
2.800000 32 173 865077.67
2.800000 32 174 865079.10
2.800000 32 175 865073.12
2.800000 32 176 865072.74
2.800000 32 177 865068.24
2.800000 32 178 865067.13
2.800000 32 179 865063.52
2.800000 32 180 865066.15
2.800000 32 181 865066.38
2.800000 32 182 865069.25
2.800000 32 183 865071.31
2.800000 32 184 865076.79
2.800000 32 185 865078.10
2.800000 32 186 865075.08
2.800000 32 187 865075.37
2.800000 32 188 865078.35
2.800000 32 189 865080.10
2.800000 32 190 865076.84
2.800000 32 191 865079.32
2.800000 32 192 865083.46
2.800000 32 193 865079.53
2.800000 32 194 865067.97
2.800000 32 195 865065.68
2.800000 32 196 865064.90
2.800000 32 197 865065.64
2.800000 32 198 865068.90
2.800000 32 199 865071.07
