2.500000 32 0 5687.55
2.500000 32 1 3493.98
2.500000 32 2 2399.10
2.500000 32 3 1768.19
2.500000 32 4 1356.69
2.500000 32 5 1074.52
2.500000 32 6 872.06
2.500000 32 7 722.60
2.500000 32 8 613.06
2.500000 32 9 528.02
2.500000 32 10 456.64
2.500000 32 11 394.15
2.500000 32 12 346.09
2.500000 32 13 306.74
2.500000 32 14 283.87
2.500000 32 15 249.65
2.500000 32 16 222.26
2.500000 32 17 197.16
2.500000 32 18 180.96
2.500000 32 19 167.01
2.500000 32 20 151.23
2.500000 32 21 131.96
2.500000 32 22 126.02
2.500000 32 23 112.08
2.500000 32 24 105.42
2.500000 32 25 90.90
2.500000 32 26 80.35
2.500000 32 27 79.85
2.500000 32 28 74.87
2.500000 32 29 62.83
2.500000 32 30 60.66
2.500000 32 31 49.15
2.500000 32 32 38.98
2.500000 32 33 35.35
2.500000 32 34 36.33
2.500000 32 35 37.86
2.500000 32 36 31.65
2.500000 32 37 29.39
2.500000 32 38 28.82
2.500000 32 39 27.51
2.500000 32 40 30.51
2.500000 32 41 20.92
2.500000 32 42 15.78
2.500000 32 43 14.03
2.500000 32 44 12.71
2.500000 32 45  8.09
2.500000 32 46 10.41
2.500000 32 47  5.19
2.500000 32 48 -0.65
2.500000 32 49 -0.04
2.500000 32 50 -5.03
2.500000 32 51 -11.85
2.500000 32 52 -24.19
2.500000 32 53 -27.49
2.500000 32 54 -27.15
2.500000 32 55 -23.11
2.500000 32 56 -14.67
2.500000 32 57 -7.46
2.500000 32 58 -2.39
2.500000 32 59 -3.54
2.500000 32 60 -3.18
2.500000 32 61 -8.55
2.500000 32 62 -17.86
2.500000 32 63 -18.08
2.500000 32 64 -18.03
2.500000 32 65 -19.42
2.500000 32 66 -21.53
2.500000 32 67 -19.45
2.500000 32 68 -20.87
2.500000 32 69 -14.90
2.500000 32 70 -16.93
2.500000 32 71 -11.37
2.500000 32 72 -5.25
2.500000 32 73 -5.31
2.500000 32 74 -5.21
2.500000 32 75 -9.29
2.500000 32 76 -6.12
2.500000 32 77 -7.35
2.500000 32 78 -7.36
2.500000 32 79 -5.31
2.500000 32 80 -4.98
2.500000 32 81  4.45
2.500000 32 82 -2.23
2.500000 32 83 -2.90
2.500000 32 84 -1.56
2.500000 32 85 -1.53
2.500000 32 86  1.20
2.500000 32 87  6.41
2.500000 32 88  4.66
2.500000 32 89  9.66
2.500000 32 90 10.05
2.500000 32 91  9.49
2.500000 32 92  6.27
2.500000 32 93  1.60
2.500000 32 94  3.31
2.500000 32 95 -0.47
2.500000 32 96 -6.76
2.500000 32 97 -7.58
2.500000 32 98 -5.32
2.500000 32 99 -11.08
2.500000 32 100 -8.37
2.500000 32 101 -2.25
2.500000 32 102 -0.01
2.500000 32 103  3.15
2.500000 32 104  4.40
2.500000 32 105  4.13
2.500000 32 106  4.51
2.500000 32 107  3.37
2.500000 32 108  7.50
2.500000 32 109 12.53
2.500000 32 110  8.13
2.500000 32 111  4.36
2.500000 32 112  5.28
2.500000 32 113  8.44
2.500000 32 114  8.44
2.500000 32 115 11.24
2.500000 32 116  7.55
2.500000 32 117  8.75
2.500000 32 118  0.13
2.500000 32 119 -0.72
2.500000 32 120  0.17
2.500000 32 121  5.50
2.500000 32 122  5.66
2.500000 32 123  4.82
2.500000 32 124 -4.37
2.500000 32 125 -2.61
2.500000 32 126 -0.72
2.500000 32 127 -0.63
2.500000 32 128  5.16
2.500000 32 129  6.33
2.500000 32 130 10.26
2.500000 32 131  9.49
2.500000 32 132  4.02
2.500000 32 133  5.50
2.500000 32 134 11.77
2.500000 32 135  9.57
2.500000 32 136 10.97
2.500000 32 137 10.70
2.500000 32 138 12.75
2.500000 32 139 14.81
2.500000 32 140 17.57
2.500000 32 141 17.46
2.500000 32 142  8.89
2.500000 32 143  3.76
2.500000 32 144  1.81
2.500000 32 145 -4.91
2.500000 32 146 -2.72
2.500000 32 147  2.50
2.500000 32 148  3.60
2.500000 32 149  4.77
2.500000 32 150  5.77
2.500000 32 151  6.89
2.500000 32 152  7.67
2.500000 32 153  4.81
2.500000 32 154  5.72
2.500000 32 155  5.21
2.500000 32 156  1.93
2.500000 32 157 -0.99
2.500000 32 158 -2.32
2.500000 32 159 -5.00
2.500000 32 160 -3.05
2.500000 32 161 -12.12
2.500000 32 162 -7.12
2.500000 32 163 -10.13
2.500000 32 164 -9.71
2.500000 32 165 -3.13
2.500000 32 166 -0.77
2.500000 32 167 -6.71
2.500000 32 168 -7.20
2.500000 32 169 -11.46
2.500000 32 170 -14.20
2.500000 32 171 -10.43
2.500000 32 172 -12.35
2.500000 32 173 -12.91
2.500000 32 174 -11.53
2.500000 32 175 -11.98
2.500000 32 176 -11.30
2.500000 32 177 -5.06
2.500000 32 178 -2.46
2.500000 32 179 -0.09
2.500000 32 180 -8.57
2.500000 32 181 -12.27
2.500000 32 182 -5.89
2.500000 32 183 -2.43
2.500000 32 184 -0.87
2.500000 32 185  8.01
2.500000 32 186  2.02
2.500000 32 187 -2.90
2.500000 32 188 -5.90
2.500000 32 189 -8.94
2.500000 32 190 -7.38
2.500000 32 191 -17.27
2.500000 32 192 -19.70
2.500000 32 193 -22.54
2.500000 32 194 -17.27
2.500000 32 195 -17.58
2.500000 32 196 -14.43
2.500000 32 197 -11.91
2.500000 32 198 -9.02
2.500000 32 199 -5.65
