2.000000 32 0 3198098.67
2.000000 32 1 3196491.45
2.000000 32 2 3195867.58
2.000000 32 3 3195576.11
2.000000 32 4 3195412.75
2.000000 32 5 3195320.41
2.000000 32 6 3195263.23
2.000000 32 7 3195232.16
2.000000 32 8 3195207.06
2.000000 32 9 3195188.01
2.000000 32 10 3195173.86
2.000000 32 11 3195164.67
2.000000 32 12 3195158.60
2.000000 32 13 3195152.11
2.000000 32 14 3195146.28
2.000000 32 15 3195143.32
2.000000 32 16 3195140.28
2.000000 32 17 3195139.32
2.000000 32 18 3195139.95
2.000000 32 19 3195138.46
2.000000 32 20 3195140.33
2.000000 32 21 3195138.56
2.000000 32 22 3195134.93
2.000000 32 23 3195134.67
2.000000 32 24 3195136.97
2.000000 32 25 3195134.89
2.000000 32 26 3195132.10
2.000000 32 27 3195134.20
2.000000 32 28 3195137.10
2.000000 32 29 3195135.24
2.000000 32 30 3195135.30
2.000000 32 31 3195133.71
2.000000 32 32 3195129.68
2.000000 32 33 3195130.25
2.000000 32 34 3195128.08
2.000000 32 35 3195126.85
2.000000 32 36 3195132.69
2.000000 32 37 3195133.22
2.000000 32 38 3195132.20
2.000000 32 39 3195131.85
2.000000 32 40 3195134.22
2.000000 32 41 3195133.91
2.000000 32 42 3195132.17
2.000000 32 43 3195139.69
2.000000 32 44 3195137.85
2.000000 32 45 3195137.97
2.000000 32 46 3195135.73
2.000000 32 47 3195132.00
2.000000 32 48 3195131.91
2.000000 32 49 3195134.21
2.000000 32 50 3195133.32
2.000000 32 51 3195136.78
2.000000 32 52 3195134.09
2.000000 32 53 3195134.36
2.000000 32 54 3195133.14
2.000000 32 55 3195133.69
2.000000 32 56 3195132.66
2.000000 32 57 3195134.89
2.000000 32 58 3195135.07
2.000000 32 59 3195134.72
2.000000 32 60 3195140.98
2.000000 32 61 3195139.58
2.000000 32 62 3195131.29
2.000000 32 63 3195131.59
2.000000 32 64 3195128.71
2.000000 32 65 3195134.21
2.000000 32 66 3195129.40
2.000000 32 67 3195130.35
2.000000 32 68 3195131.41
2.000000 32 69 3195132.48
2.000000 32 70 3195124.79
2.000000 32 71 3195126.00
2.000000 32 72 3195129.66
2.000000 32 73 3195133.50
2.000000 32 74 3195133.12
2.000000 32 75 3195134.37
2.000000 32 76 3195134.61
2.000000 32 77 3195132.06
2.000000 32 78 3195133.93
2.000000 32 79 3195137.60
2.000000 32 80 3195138.99
2.000000 32 81 3195138.54
2.000000 32 82 3195138.71
2.000000 32 83 3195135.16
2.000000 32 84 3195132.19
2.000000 32 85 3195130.49
2.000000 32 86 3195128.99
2.000000 32 87 3195126.37
2.000000 32 88 3195130.07
2.000000 32 89 3195129.30
2.000000 32 90 3195127.16
2.000000 32 91 3195125.98
2.000000 32 92 3195125.47
2.000000 32 93 3195130.78
2.000000 32 94 3195136.48
2.000000 32 95 3195132.99
2.000000 32 96 3195132.76
2.000000 32 97 3195127.15
2.000000 32 98 3195129.75
2.000000 32 99 3195130.62
2.000000 32 100 3195131.69
2.000000 32 101 3195130.40
2.000000 32 102 3195130.15
2.000000 32 103 3195132.90
2.000000 32 104 3195133.78
2.000000 32 105 3195132.24
2.000000 32 106 3195133.12
2.000000 32 107 3195130.98
2.000000 32 108 3195124.84
2.000000 32 109 3195129.42
2.000000 32 110 3195132.76
2.000000 32 111 3195133.92
2.000000 32 112 3195132.49
2.000000 32 113 3195130.24
2.000000 32 114 3195129.88
2.000000 32 115 3195132.96
2.000000 32 116 3195137.27
2.000000 32 117 3195135.46
2.000000 32 118 3195134.12
2.000000 32 119 3195132.52
2.000000 32 120 3195130.23
2.000000 32 121 3195127.22
2.000000 32 122 3195123.61
2.000000 32 123 3195130.05
2.000000 32 124 3195129.33
2.000000 32 125 3195133.79
2.000000 32 126 3195133.58
2.000000 32 127 3195134.28
2.000000 32 128 3195134.96
2.000000 32 129 3195132.16
2.000000 32 130 3195127.00
2.000000 32 131 3195129.91
2.000000 32 132 3195134.99
2.000000 32 133 3195136.60
2.000000 32 134 3195131.11
2.000000 32 135 3195131.09
2.000000 32 136 3195133.95
2.000000 32 137 3195135.47
2.000000 32 138 3195136.77
2.000000 32 139 3195135.30
2.000000 32 140 3195137.03
2.000000 32 141 3195135.62
2.000000 32 142 3195135.77
2.000000 32 143 3195134.34
2.000000 32 144 3195130.24
2.000000 32 145 3195132.45
2.000000 32 146 3195129.95
2.000000 32 147 3195133.73
2.000000 32 148 3195141.31
2.000000 32 149 3195141.56
2.000000 32 150 3195134.77
2.000000 32 151 3195127.62
2.000000 32 152 3195130.54
2.000000 32 153 3195132.09
2.000000 32 154 3195135.08
2.000000 32 155 3195130.24
2.000000 32 156 3195129.74
2.000000 32 157 3195135.26
2.000000 32 158 3195134.00
2.000000 32 159 3195130.91
2.000000 32 160 3195129.35
2.000000 32 161 3195129.73
2.000000 32 162 3195125.10
2.000000 32 163 3195127.54
2.000000 32 164 3195129.09
2.000000 32 165 3195129.85
2.000000 32 166 3195133.07
2.000000 32 167 3195135.65
2.000000 32 168 3195137.13
2.000000 32 169 3195131.09
2.000000 32 170 3195129.15
2.000000 32 171 3195127.49
2.000000 32 172 3195131.63
2.000000 32 173 3195135.44
2.000000 32 174 3195138.52
2.000000 32 175 3195138.03
2.000000 32 176 3195138.46
2.000000 32 177 3195136.98
2.000000 32 178 3195135.79
2.000000 32 179 3195133.53
2.000000 32 180 3195127.12
2.000000 32 181 3195125.93
2.000000 32 182 3195122.68
2.000000 32 183 3195124.85
2.000000 32 184 3195123.98
2.000000 32 185 3195127.26
2.000000 32 186 3195134.91
2.000000 32 187 3195129.78
2.000000 32 188 3195127.88
2.000000 32 189 3195126.03
2.000000 32 190 3195119.80
2.000000 32 191 3195121.73
2.000000 32 192 3195126.64
2.000000 32 193 3195133.67
2.000000 32 194 3195135.58
2.000000 32 195 3195139.49
2.000000 32 196 3195139.58
2.000000 32 197 3195132.82
2.000000 32 198 3195128.09
2.000000 32 199 3195131.65
