2.700000 32 0 977920.39
2.700000 32 1 975758.02
2.700000 32 2 974755.66
2.700000 32 3 974240.41
2.700000 32 4 973948.59
2.700000 32 5 973775.83
2.700000 32 6 973665.99
2.700000 32 7 973604.27
2.700000 32 8 973568.26
2.700000 32 9 973539.47
2.700000 32 10 973519.97
2.700000 32 11 973510.87
2.700000 32 12 973504.11
2.700000 32 13 973496.42
2.700000 32 14 973484.37
2.700000 32 15 973481.02
2.700000 32 16 973482.72
2.700000 32 17 973489.55
2.700000 32 18 973483.29
2.700000 32 19 973487.63
2.700000 32 20 973485.74
2.700000 32 21 973483.97
2.700000 32 22 973484.92
2.700000 32 23 973486.50
2.700000 32 24 973485.39
2.700000 32 25 973480.10
2.700000 32 26 973478.12
2.700000 32 27 973478.10
2.700000 32 28 973471.98
2.700000 32 29 973473.84
2.700000 32 30 973474.67
2.700000 32 31 973473.33
2.700000 32 32 973468.83
2.700000 32 33 973475.90
2.700000 32 34 973484.00
2.700000 32 35 973488.22
2.700000 32 36 973482.69
2.700000 32 37 973481.30
2.700000 32 38 973487.03
2.700000 32 39 973486.74
2.700000 32 40 973491.92
2.700000 32 41 973496.51
2.700000 32 42 973493.28
2.700000 32 43 973485.72
2.700000 32 44 973485.61
2.700000 32 45 973480.26
2.700000 32 46 973472.86
2.700000 32 47 973473.71
2.700000 32 48 973475.97
2.700000 32 49 973474.59
2.700000 32 50 973475.17
2.700000 32 51 973473.00
2.700000 32 52 973475.63
2.700000 32 53 973476.98
2.700000 32 54 973477.78
2.700000 32 55 973470.60
2.700000 32 56 973473.55
2.700000 32 57 973475.64
2.700000 32 58 973483.25
2.700000 32 59 973484.42
2.700000 32 60 973489.58
2.700000 32 61 973490.21
2.700000 32 62 973485.93
2.700000 32 63 973480.41
2.700000 32 64 973476.86
2.700000 32 65 973471.54
2.700000 32 66 973474.81
2.700000 32 67 973477.39
2.700000 32 68 973475.25
2.700000 32 69 973475.24
2.700000 32 70 973477.70
2.700000 32 71 973484.64
2.700000 32 72 973484.83
2.700000 32 73 973479.91
2.700000 32 74 973474.44
2.700000 32 75 973480.04
2.700000 32 76 973479.93
2.700000 32 77 973474.75
2.700000 32 78 973475.34
2.700000 32 79 973471.22
2.700000 32 80 973472.62
2.700000 32 81 973468.19
2.700000 32 82 973469.86
2.700000 32 83 973469.36
2.700000 32 84 973476.44
2.700000 32 85 973476.66
2.700000 32 86 973481.26
2.700000 32 87 973482.64
2.700000 32 88 973483.65
2.700000 32 89 973494.11
2.700000 32 90 973488.78
2.700000 32 91 973491.03
2.700000 32 92 973490.88
2.700000 32 93 973493.79
2.700000 32 94 973489.99
2.700000 32 95 973487.12
2.700000 32 96 973482.69
2.700000 32 97 973486.35
2.700000 32 98 973487.23
2.700000 32 99 973490.88
2.700000 32 100 973488.97
2.700000 32 101 973492.00
2.700000 32 102 973496.55
2.700000 32 103 973497.05
2.700000 32 104 973489.95
2.700000 32 105 973483.88
2.700000 32 106 973479.05
2.700000 32 107 973474.00
2.700000 32 108 973467.84
2.700000 32 109 973470.68
2.700000 32 110 973472.94
2.700000 32 111 973479.04
2.700000 32 112 973486.06
2.700000 32 113 973484.01
2.700000 32 114 973477.90
2.700000 32 115 973476.08
2.700000 32 116 973482.55
2.700000 32 117 973491.80
2.700000 32 118 973482.01
2.700000 32 119 973480.39
2.700000 32 120 973486.16
2.700000 32 121 973485.88
2.700000 32 122 973486.48
2.700000 32 123 973485.22
2.700000 32 124 973472.43
2.700000 32 125 973471.61
2.700000 32 126 973476.68
2.700000 32 127 973480.48
2.700000 32 128 973484.55
2.700000 32 129 973487.48
2.700000 32 130 973480.88
2.700000 32 131 973480.41
2.700000 32 132 973484.75
2.700000 32 133 973484.76
2.700000 32 134 973486.31
2.700000 32 135 973485.57
2.700000 32 136 973485.34
2.700000 32 137 973482.98
2.700000 32 138 973487.29
2.700000 32 139 973484.47
2.700000 32 140 973485.79
2.700000 32 141 973485.77
2.700000 32 142 973490.10
2.700000 32 143 973487.86
2.700000 32 144 973488.75
2.700000 32 145 973494.85
2.700000 32 146 973494.24
2.700000 32 147 973494.79
2.700000 32 148 973491.20
2.700000 32 149 973487.38
2.700000 32 150 973484.48
2.700000 32 151 973478.87
2.700000 32 152 973479.10
2.700000 32 153 973478.28
2.700000 32 154 973482.96
2.700000 32 155 973486.30
2.700000 32 156 973487.32
2.700000 32 157 973486.96
2.700000 32 158 973485.95
2.700000 32 159 973481.13
2.700000 32 160 973483.46
2.700000 32 161 973484.03
2.700000 32 162 973487.05
2.700000 32 163 973488.59
2.700000 32 164 973486.48
2.700000 32 165 973482.93
2.700000 32 166 973482.81
2.700000 32 167 973481.94
2.700000 32 168 973479.91
2.700000 32 169 973488.11
2.700000 32 170 973493.03
2.700000 32 171 973496.96
2.700000 32 172 973488.62
2.700000 32 173 973489.30
2.700000 32 174 973489.04
2.700000 32 175 973486.41
2.700000 32 176 973485.01
2.700000 32 177 973477.58
2.700000 32 178 973476.45
2.700000 32 179 973478.71
2.700000 32 180 973481.31
2.700000 32 181 973481.19
2.700000 32 182 973479.26
2.700000 32 183 973477.68
2.700000 32 184 973479.90
2.700000 32 185 973470.77
2.700000 32 186 973465.38
2.700000 32 187 973470.67
2.700000 32 188 973477.88
2.700000 32 189 973488.40
2.700000 32 190 973486.04
2.700000 32 191 973485.61
2.700000 32 192 973482.74
2.700000 32 193 973479.40
2.700000 32 194 973481.49
2.700000 32 195 973486.56
2.700000 32 196 973478.51
2.700000 32 197 973475.16
2.700000 32 198 973470.07
2.700000 32 199 973472.87
