2.200000 32 0 6919.84
2.200000 32 1 4689.43
2.200000 32 2 3596.26
2.200000 32 3 2940.53
2.200000 32 4 2509.72
2.200000 32 5 2197.18
2.200000 32 6 1952.33
2.200000 32 7 1762.33
2.200000 32 8 1605.48
2.200000 32 9 1474.58
2.200000 32 10 1367.68
2.200000 32 11 1275.76
2.200000 32 12 1187.03
2.200000 32 13 1114.51
2.200000 32 14 1054.40
2.200000 32 15 996.78
2.200000 32 16 939.08
2.200000 32 17 886.42
2.200000 32 18 836.61
2.200000 32 19 797.20
2.200000 32 20 765.22
2.200000 32 21 730.89
2.200000 32 22 696.98
2.200000 32 23 666.56
2.200000 32 24 642.09
2.200000 32 25 615.82
2.200000 32 26 591.76
2.200000 32 27 564.63
2.200000 32 28 540.94
2.200000 32 29 518.88
2.200000 32 30 499.60
2.200000 32 31 474.52
2.200000 32 32 455.61
2.200000 32 33 441.76
2.200000 32 34 425.55
2.200000 32 35 423.11
2.200000 32 36 402.55
2.200000 32 37 388.73
2.200000 32 38 363.36
2.200000 32 39 345.92
2.200000 32 40 334.20
2.200000 32 41 317.96
2.200000 32 42 309.32
2.200000 32 43 298.46
2.200000 32 44 289.10
2.200000 32 45 277.95
2.200000 32 46 270.70
2.200000 32 47 262.91
2.200000 32 48 251.78
2.200000 32 49 243.94
2.200000 32 50 237.77
2.200000 32 51 239.55
2.200000 32 52 238.66
2.200000 32 53 233.37
2.200000 32 54 230.71
2.200000 32 55 221.03
2.200000 32 56 213.85
2.200000 32 57 202.46
2.200000 32 58 192.84
2.200000 32 59 193.51
2.200000 32 60 190.74
2.200000 32 61 187.78
2.200000 32 62 191.57
2.200000 32 63 183.45
2.200000 32 64 190.63
2.200000 32 65 195.29
2.200000 32 66 193.59
2.200000 32 67 182.93
2.200000 32 68 173.71
2.200000 32 69 173.72
2.200000 32 70 172.23
2.200000 32 71 170.43
2.200000 32 72 170.85
2.200000 32 73 157.97
2.200000 32 74 149.97
2.200000 32 75 135.37
2.200000 32 76 134.39
2.200000 32 77 130.36
2.200000 32 78 125.79
2.200000 32 79 121.43
2.200000 32 80 113.48
2.200000 32 81 104.60
2.200000 32 82 97.32
2.200000 32 83 98.36
2.200000 32 84 97.28
2.200000 32 85 89.44
2.200000 32 86 91.93
2.200000 32 87 95.89
2.200000 32 88 98.26
2.200000 32 89 97.11
2.200000 32 90 97.55
2.200000 32 91 90.64
2.200000 32 92 88.41
2.200000 32 93 78.09
2.200000 32 94 62.81
2.200000 32 95 61.85
2.200000 32 96 60.81
2.200000 32 97 55.24
2.200000 32 98 56.64
2.200000 32 99 64.21
2.200000 32 100 60.91
2.200000 32 101 57.25
2.200000 32 102 53.79
2.200000 32 103 52.89
2.200000 32 104 52.14
2.200000 32 105 47.92
2.200000 32 106 42.19
2.200000 32 107 30.96
2.200000 32 108 35.59
2.200000 32 109 37.25
2.200000 32 110 45.16
2.200000 32 111 49.02
2.200000 32 112 53.67
2.200000 32 113 56.88
2.200000 32 114 56.90
2.200000 32 115 58.99
2.200000 32 116 57.51
2.200000 32 117 49.99
2.200000 32 118 43.04
2.200000 32 119 42.48
2.200000 32 120 34.16
2.200000 32 121 40.37
2.200000 32 122 39.11
2.200000 32 123 33.40
2.200000 32 124 31.70
2.200000 32 125 29.13
2.200000 32 126 24.07
2.200000 32 127 22.64
2.200000 32 128 30.22
2.200000 32 129 31.99
2.200000 32 130 27.85
2.200000 32 131 24.68
2.200000 32 132 25.05
2.200000 32 133 30.10
2.200000 32 134 33.28
2.200000 32 135 36.29
2.200000 32 136 40.67
2.200000 32 137 42.27
2.200000 32 138 31.87
2.200000 32 139 35.02
2.200000 32 140 41.57
2.200000 32 141 41.03
2.200000 32 142 39.09
2.200000 32 143 40.71
2.200000 32 144 46.49
2.200000 32 145 39.59
2.200000 32 146 31.20
2.200000 32 147 32.66
2.200000 32 148 29.10
2.200000 32 149 28.34
2.200000 32 150 26.05
2.200000 32 151 20.32
2.200000 32 152 28.07
2.200000 32 153 28.43
2.200000 32 154 29.21
2.200000 32 155 27.90
2.200000 32 156 40.22
2.200000 32 157 43.54
2.200000 32 158 45.49
2.200000 32 159 39.15
2.200000 32 160 31.45
2.200000 32 161 30.00
2.200000 32 162 32.01
2.200000 32 163 29.23
2.200000 32 164 31.06
2.200000 32 165 29.63
2.200000 32 166 25.59
2.200000 32 167 14.67
2.200000 32 168 10.00
2.200000 32 169  0.71
2.200000 32 170  1.26
2.200000 32 171  7.38
2.200000 32 172 11.56
2.200000 32 173  1.37
2.200000 32 174  3.42
2.200000 32 175  6.66
2.200000 32 176 13.13
2.200000 32 177 15.42
2.200000 32 178 12.79
2.200000 32 179 16.41
2.200000 32 180 18.49
2.200000 32 181 21.19
2.200000 32 182 21.14
2.200000 32 183 28.38
2.200000 32 184 31.30
2.200000 32 185 31.52
2.200000 32 186 34.24
2.200000 32 187 31.80
2.200000 32 188 31.09
2.200000 32 189 30.95
2.200000 32 190 26.69
2.200000 32 191 16.50
2.200000 32 192 17.02
2.200000 32 193 19.02
2.200000 32 194 17.02
2.200000 32 195 17.23
2.200000 32 196 17.00
2.200000 32 197 17.39
2.200000 32 198 12.78
2.200000 32 199  7.59
