2.200000 8 0 385.62
2.200000 8 1 198.30
2.200000 8 2 117.63
2.200000 8 3 76.50
2.200000 8 4 32.44
2.200000 8 5  7.98
2.200000 8 6 11.56
2.200000 8 7  6.27
2.200000 8 8  4.63
2.200000 8 9 15.63
2.200000 8 10 12.53
2.200000 8 11 26.79
2.200000 8 12 20.57
2.200000 8 13 14.17
2.200000 8 14 24.44
2.200000 8 15 25.81
2.200000 8 16 17.43
2.200000 8 17  7.34
2.200000 8 18  6.17
2.200000 8 19 -3.31
2.200000 8 20  5.94
2.200000 8 21  1.71
2.200000 8 22 -6.09
2.200000 8 23 -13.04
2.200000 8 24 -20.95
2.200000 8 25 -30.74
2.200000 8 26 -29.61
2.200000 8 27 -22.99
2.200000 8 28 -22.98
2.200000 8 29 -9.64
2.200000 8 30 -10.36
2.200000 8 31 -4.12
2.200000 8 32 -7.58
2.200000 8 33 -15.69
2.200000 8 34 -18.87
2.200000 8 35 -32.50
2.200000 8 36 -26.43
2.200000 8 37 -13.91
2.200000 8 38 -27.80
2.200000 8 39 -20.77
2.200000 8 40 -19.89
2.200000 8 41 -0.63
2.200000 8 42  1.41
2.200000 8 43 13.40
2.200000 8 44  6.55
2.200000 8 45 -6.59
2.200000 8 46 -9.12
2.200000 8 47 -23.68
2.200000 8 48 -18.92
2.200000 8 49 -26.24
2.200000 8 50 -36.93
2.200000 8 51 -35.30
2.200000 8 52 -29.99
2.200000 8 53 -25.42
2.200000 8 54 -8.99
2.200000 8 55 -16.55
2.200000 8 56 -18.20
2.200000 8 57 -11.06
2.200000 8 58 -8.91
2.200000 8 59 -14.30
2.200000 8 60 -12.00
2.200000 8 61 -15.27
2.200000 8 62 -22.46
2.200000 8 63 -11.13
2.200000 8 64 -4.48
2.200000 8 65 -1.33
2.200000 8 66 -9.13
2.200000 8 67 -10.13
2.200000 8 68 -13.56
2.200000 8 69 -36.13
2.200000 8 70 -34.41
2.200000 8 71 -28.26
2.200000 8 72 -37.40
2.200000 8 73 -29.46
2.200000 8 74 -26.02
2.200000 8 75 -22.97
2.200000 8 76 -32.19
2.200000 8 77 -18.78
2.200000 8 78 -10.64
2.200000 8 79 -13.88
2.200000 8 80 -12.86
2.200000 8 81 -23.28
2.200000 8 82 -31.34
2.200000 8 83 -52.54
2.200000 8 84 -51.76
2.200000 8 85 -54.27
2.200000 8 86 -47.01
2.200000 8 87 -63.41
2.200000 8 88 -67.99
2.200000 8 89 -70.00
2.200000 8 90 -78.06
2.200000 8 91 -73.88
2.200000 8 92 -77.03
2.200000 8 93 -61.22
2.200000 8 94 -60.34
2.200000 8 95 -54.07
2.200000 8 96 -44.08
2.200000 8 97 -20.53
2.200000 8 98 -34.74
2.200000 8 99 -27.55
2.200000 8 100 -14.41
2.200000 8 101 -5.08
2.200000 8 102 -0.53
2.200000 8 103 -3.69
2.200000 8 104 12.95
2.200000 8 105  8.35
2.200000 8 106 12.77
2.200000 8 107 30.63
2.200000 8 108 33.17
2.200000 8 109 29.90
2.200000 8 110 15.97
2.200000 8 111  9.27
2.200000 8 112 10.27
2.200000 8 113 12.86
2.200000 8 114 26.35
2.200000 8 115 26.96
2.200000 8 116 36.96
2.200000 8 117 44.36
2.200000 8 118 44.06
2.200000 8 119 51.76
2.200000 8 120 56.18
2.200000 8 121 61.87
2.200000 8 122 74.72
2.200000 8 123 85.45
2.200000 8 124 61.00
2.200000 8 125 53.69
2.200000 8 126 38.52
2.200000 8 127 17.54
2.200000 8 128 28.99
2.200000 8 129 20.85
2.200000 8 130 19.49
2.200000 8 131 32.79
2.200000 8 132 32.68
2.200000 8 133 22.27
2.200000 8 134 43.08
2.200000 8 135 53.73
2.200000 8 136 70.42
2.200000 8 137 68.15
2.200000 8 138 70.03
2.200000 8 139 56.62
2.200000 8 140 53.78
2.200000 8 141 54.31
2.200000 8 142 36.23
2.200000 8 143 20.29
2.200000 8 144 -0.23
2.200000 8 145 10.23
2.200000 8 146 22.01
2.200000 8 147 20.02
2.200000 8 148 25.08
2.200000 8 149 38.08
2.200000 8 150 30.11
2.200000 8 151 23.08
2.200000 8 152 33.14
2.200000 8 153 36.90
2.200000 8 154 17.01
2.200000 8 155 19.51
2.200000 8 156 31.40
2.200000 8 157 23.01
2.200000 8 158 26.78
2.200000 8 159 25.14
2.200000 8 160 17.30
2.200000 8 161  6.78
2.200000 8 162 15.55
2.200000 8 163 14.78
2.200000 8 164 29.69
2.200000 8 165 28.46
2.200000 8 166 21.16
2.200000 8 167 43.41
2.200000 8 168 55.60
2.200000 8 169 35.97
2.200000 8 170 40.35
2.200000 8 171 38.49
2.200000 8 172 43.27
2.200000 8 173 39.90
2.200000 8 174 50.62
2.200000 8 175 54.09
2.200000 8 176 49.17
2.200000 8 177 46.91
2.200000 8 178 52.03
2.200000 8 179 85.28
2.200000 8 180 85.76
2.200000 8 181 75.49
2.200000 8 182 74.85
2.200000 8 183 69.52
2.200000 8 184 57.51
2.200000 8 185 37.87
2.200000 8 186 22.52
2.200000 8 187  7.16
2.200000 8 188 23.76
2.200000 8 189 40.89
2.200000 8 190 42.01
2.200000 8 191 44.65
2.200000 8 192 56.67
2.200000 8 193 71.11
2.200000 8 194 81.56
2.200000 8 195 90.73
2.200000 8 196 86.08
2.200000 8 197 69.23
2.200000 8 198 60.82
2.200000 8 199 52.25
