3.639000 32 0 11095.04
3.639000 32 1 8193.63
3.639000 32 2 6162.18
3.639000 32 3 4699.03
3.639000 32 4 3611.78
3.639000 32 5 2732.42
3.639000 32 6 2120.74
3.639000 32 7 1632.71
3.639000 32 8 1246.94
3.639000 32 9 989.03
3.639000 32 10 792.05
3.639000 32 11 647.52
3.639000 32 12 579.55
3.639000 32 13 527.82
3.639000 32 14 407.73
3.639000 32 15 386.52
3.639000 32 16 338.41
3.639000 32 17 319.20
3.639000 32 18 330.40
3.639000 32 19 358.95
3.639000 32 20 395.97
3.639000 32 21 311.57
3.639000 32 22 312.93
3.639000 32 23 199.88
3.639000 32 24 126.04
3.639000 32 25 132.44
3.639000 32 26 192.15
3.639000 32 27 132.23
3.639000 32 28 36.13
3.639000 32 29 40.78
3.639000 32 30 101.48
3.639000 32 31 83.99
3.639000 32 32 35.49
3.639000 32 33 23.20
3.639000 32 34 23.99
3.639000 32 35 -3.36
3.639000 32 36 -55.59
3.639000 32 37 -88.27
3.639000 32 38 -161.91
3.639000 32 39 -230.62
3.639000 32 40 -259.59
3.639000 32 41 -251.84
3.639000 32 42 -261.71
3.639000 32 43 -284.78
3.639000 32 44 -270.88
3.639000 32 45 -319.21
3.639000 32 46 -276.25
3.639000 32 47 -174.63
3.639000 32 48 -124.88
3.639000 32 49 -121.96
3.639000 32 50 -114.54
3.639000 32 51 -185.31
3.639000 32 52 -156.64
3.639000 32 53 -163.60
3.639000 32 54 -252.02
3.639000 32 55 -193.06
3.639000 32 56 -278.18
3.639000 32 57 -283.31
3.639000 32 58 -291.66
3.639000 32 59 -344.07
3.639000 32 60 -409.78
3.639000 32 61 -474.27
3.639000 32 62 -561.85
3.639000 32 63 -528.16
3.639000 32 64 -498.93
3.639000 32 65 -497.66
3.639000 32 66 -475.07
3.639000 32 67 -474.64
3.639000 32 68 -399.54
3.639000 32 69 -348.72
3.639000 32 70 -281.95
3.639000 32 71 -322.72
3.639000 32 72 -293.42
3.639000 32 73 -322.42
3.639000 32 74 -333.86
3.639000 32 75 -388.87
3.639000 32 76 -435.66
3.639000 32 77 -469.44
3.639000 32 78 -449.69
3.639000 32 79 -425.29
3.639000 32 80 -420.66
3.639000 32 81 -442.75
3.639000 32 82 -521.74
3.639000 32 83 -483.94
3.639000 32 84 -394.31
3.639000 32 85 -270.82
3.639000 32 86 -254.30
3.639000 32 87 -300.92
3.639000 32 88 -286.30
3.639000 32 89 -275.75
3.639000 32 90 -332.33
3.639000 32 91 -395.38
3.639000 32 92 -471.65
3.639000 32 93 -528.96
3.639000 32 94 -511.87
3.639000 32 95 -427.00
3.639000 32 96 -443.76
3.639000 32 97 -425.01
3.639000 32 98 -534.74
3.639000 32 99 -634.22
3.639000 32 100 -649.72
3.639000 32 101 -674.78
3.639000 32 102 -675.51
3.639000 32 103 -630.64
3.639000 32 104 -533.09
3.639000 32 105 -365.05
3.639000 32 106 -267.71
3.639000 32 107 -225.26
3.639000 32 108 -241.76
3.639000 32 109 -247.86
3.639000 32 110 -362.72
3.639000 32 111 -383.61
3.639000 32 112 -384.36
3.639000 32 113 -316.68
3.639000 32 114 -236.60
3.639000 32 115 -132.58
3.639000 32 116 -99.84
3.639000 32 117 -112.91
3.639000 32 118 -129.95
3.639000 32 119 -150.23
3.639000 32 120 -232.02
3.639000 32 121 -405.60
3.639000 32 122 -455.71
3.639000 32 123 -471.75
3.639000 32 124 -478.17
3.639000 32 125 -437.65
3.639000 32 126 -449.35
3.639000 32 127 -425.78
3.639000 32 128 -452.45
3.639000 32 129 -483.34
3.639000 32 130 -550.90
3.639000 32 131 -616.00
3.639000 32 132 -703.94
3.639000 32 133 -753.40
3.639000 32 134 -774.07
3.639000 32 135 -717.45
3.639000 32 136 -639.65
3.639000 32 137 -558.65
3.639000 32 138 -565.97
3.639000 32 139 -633.48
3.639000 32 140 -726.05
3.639000 32 141 -775.67
3.639000 32 142 -791.35
3.639000 32 143 -840.76
3.639000 32 144 -831.48
3.639000 32 145 -817.03
3.639000 32 146 -780.32
3.639000 32 147 -761.85
3.639000 32 148 -645.03
3.639000 32 149 -536.19
3.639000 32 150 -469.84
3.639000 32 151 -541.93
3.639000 32 152 -615.19
3.639000 32 153 -633.78
3.639000 32 154 -609.81
3.639000 32 155 -469.90
3.639000 32 156 -364.63
3.639000 32 157 -249.08
3.639000 32 158 -209.35
3.639000 32 159 -251.88
3.639000 32 160 -265.02
3.639000 32 161 -362.69
3.639000 32 162 -343.59
3.639000 32 163 -304.37
3.639000 32 164 -322.87
3.639000 32 165 -408.56
3.639000 32 166 -519.28
3.639000 32 167 -627.29
3.639000 32 168 -665.37
3.639000 32 169 -623.98
3.639000 32 170 -686.55
3.639000 32 171 -602.55
3.639000 32 172 -561.34
3.639000 32 173 -546.63
3.639000 32 174 -577.32
3.639000 32 175 -523.68
3.639000 32 176 -510.49
3.639000 32 177 -595.47
3.639000 32 178 -658.12
3.639000 32 179 -694.19
3.639000 32 180 -674.24
3.639000 32 181 -639.65
3.639000 32 182 -660.68
3.639000 32 183 -621.99
3.639000 32 184 -610.41
3.639000 32 185 -509.12
3.639000 32 186 -442.76
3.639000 32 187 -460.27
3.639000 32 188 -455.44
3.639000 32 189 -476.88
3.639000 32 190 -410.67
3.639000 32 191 -386.01
3.639000 32 192 -465.23
3.639000 32 193 -523.79
3.639000 32 194 -574.68
3.639000 32 195 -612.47
3.639000 32 196 -610.79
3.639000 32 197 -578.82
3.639000 32 198 -513.57
3.639000 32 199 -475.17
