3.641000 128 0 261219.88
3.641000 128 1 228058.20
3.641000 128 2 201484.97
3.641000 128 3 177324.79
3.641000 128 4 158376.25
3.641000 128 5 141584.03
3.641000 128 6 126972.61
3.641000 128 7 112742.02
3.641000 128 8 100035.28
3.641000 128 9 88659.92
3.641000 128 10 78126.27
3.641000 128 11 67633.31
3.641000 128 12 55697.73
3.641000 128 13 45680.16
3.641000 128 14 36886.52
3.641000 128 15 28045.14
3.641000 128 16 18686.30
3.641000 128 17 10653.10
3.641000 128 18 4351.01
3.641000 128 19 -124.48
3.641000 128 20 -3310.55
3.641000 128 21 -7058.50
3.641000 128 22 -11578.39
3.641000 128 23 -14638.30
3.641000 128 24 -17823.31
3.641000 128 25 -21674.85
3.641000 128 26 -24272.78
3.641000 128 27 -25314.40
3.641000 128 28 -26649.47
3.641000 128 29 -29661.90
3.641000 128 30 -31094.74
3.641000 128 31 -33668.70
3.641000 128 32 -34841.05
3.641000 128 33 -34646.40
3.641000 128 34 -33846.41
3.641000 128 35 -33354.80
3.641000 128 36 -32891.28
3.641000 128 37 -31143.60
3.641000 128 38 -28239.12
3.641000 128 39 -24896.24
3.641000 128 40 -21194.66
3.641000 128 41 -19488.42
3.641000 128 42 -20079.12
3.641000 128 43 -19742.67
3.641000 128 44 -20336.44
3.641000 128 45 -20680.34
3.641000 128 46 -21875.92
3.641000 128 47 -21578.62
3.641000 128 48 -20113.89
3.641000 128 49 -19447.44
3.641000 128 50 -21710.89
3.641000 128 51 -23094.20
3.641000 128 52 -24679.55
3.641000 128 53 -26483.62
3.641000 128 54 -27839.81
3.641000 128 55 -28241.16
3.641000 128 56 -30380.48
3.641000 128 57 -33071.19
3.641000 128 58 -36942.11
3.641000 128 59 -39910.40
3.641000 128 60 -43595.39
3.641000 128 61 -45194.86
3.641000 128 62 -47097.89
3.641000 128 63 -47776.22
3.641000 128 64 -47346.78
3.641000 128 65 -47666.91
3.641000 128 66 -48570.41
3.641000 128 67 -49504.99
3.641000 128 68 -49619.12
3.641000 128 69 -50048.48
3.641000 128 70 -49534.27
3.641000 128 71 -49688.75
3.641000 128 72 -50089.63
3.641000 128 73 -49105.65
3.641000 128 74 -47109.45
3.641000 128 75 -45000.09
3.641000 128 76 -43253.02
3.641000 128 77 -41964.04
3.641000 128 78 -41328.44
3.641000 128 79 -42210.37
3.641000 128 80 -44609.50
3.641000 128 81 -47544.52
3.641000 128 82 -53874.93
3.641000 128 83 -60592.51
3.641000 128 84 -64424.03
3.641000 128 85 -67732.08
3.641000 128 86 -70554.76
3.641000 128 87 -72744.58
3.641000 128 88 -74588.94
3.641000 128 89 -76399.70
3.641000 128 90 -77266.72
3.641000 128 91 -78094.11
3.641000 128 92 -79736.94
3.641000 128 93 -82140.42
3.641000 128 94 -85460.04
3.641000 128 95 -87576.20
3.641000 128 96 -88904.35
3.641000 128 97 -89588.23
3.641000 128 98 -90571.40
3.641000 128 99 -91677.84
3.641000 128 100 -94847.23
3.641000 128 101 -97749.22
3.641000 128 102 -99542.91
3.641000 128 103 -100168.68
3.641000 128 104 -100372.83
3.641000 128 105 -99772.92
3.641000 128 106 -100292.84
3.641000 128 107 -101183.54
3.641000 128 108 -100873.52
3.641000 128 109 -101465.99
3.641000 128 110 -102488.35
3.641000 128 111 -102419.55
3.641000 128 112 -102006.73
3.641000 128 113 -102019.95
3.641000 128 114 -102499.90
3.641000 128 115 -101683.90
3.641000 128 116 -101042.08
3.641000 128 117 -100188.18
3.641000 128 118 -98892.98
3.641000 128 119 -98086.62
3.641000 128 120 -96841.16
3.641000 128 121 -96704.72
3.641000 128 122 -95169.74
3.641000 128 123 -93571.72
3.641000 128 124 -90379.53
3.641000 128 125 -86184.75
3.641000 128 126 -83457.00
3.641000 128 127 -79721.20
3.641000 128 128 -77854.17
3.641000 128 129 -74937.19
3.641000 128 130 -74221.52
3.641000 128 131 -73657.85
3.641000 128 132 -73288.19
3.641000 128 133 -73147.45
3.641000 128 134 -72281.57
3.641000 128 135 -70785.47
3.641000 128 136 -67852.36
3.641000 128 137 -65547.84
3.641000 128 138 -63562.80
3.641000 128 139 -61816.57
3.641000 128 140 -63106.11
3.641000 128 141 -63996.77
3.641000 128 142 -65159.90
3.641000 128 143 -65566.48
3.641000 128 144 -63703.91
3.641000 128 145 -61245.42
3.641000 128 146 -61196.83
3.641000 128 147 -61791.37
3.641000 128 148 -62611.91
3.641000 128 149 -63680.57
3.641000 128 150 -64215.17
3.641000 128 151 -64488.69
3.641000 128 152 -64044.90
3.641000 128 153 -63155.77
3.641000 128 154 -61912.01
3.641000 128 155 -60779.04
3.641000 128 156 -60399.73
3.641000 128 157 -60678.46
3.641000 128 158 -62291.28
3.641000 128 159 -63424.02
3.641000 128 160 -62998.38
3.641000 128 161 -63856.24
3.641000 128 162 -64975.03
3.641000 128 163 -66794.95
3.641000 128 164 -67791.88
3.641000 128 165 -68337.54
3.641000 128 166 -70748.12
3.641000 128 167 -71057.07
3.641000 128 168 -72148.69
3.641000 128 169 -73427.48
3.641000 128 170 -75677.44
3.641000 128 171 -76807.36
3.641000 128 172 -77692.98
3.641000 128 173 -77165.50
3.641000 128 174 -76758.76
3.641000 128 175 -76140.40
3.641000 128 176 -75662.90
3.641000 128 177 -74725.91
3.641000 128 178 -75054.68
3.641000 128 179 -75817.60
3.641000 128 180 -79031.98
3.641000 128 181 -80649.84
3.641000 128 182 -82758.32
3.641000 128 183 -83736.22
3.641000 128 184 -84816.25
3.641000 128 185 -85524.02
3.641000 128 186 -87558.82
3.641000 128 187 -89160.26
3.641000 128 188 -89281.03
3.641000 128 189 -89425.79
3.641000 128 190 -90443.45
3.641000 128 191 -90023.40
3.641000 128 192 -90492.73
3.641000 128 193 -92060.71
3.641000 128 194 -93572.32
3.641000 128 195 -94896.20
3.641000 128 196 -95919.03
3.641000 128 197 -96733.67
3.641000 128 198 -97620.57
3.641000 128 199 -99219.94
