3.700000 24 0 14148.53
3.700000 24 1 10747.15
3.700000 24 2 8291.34
3.700000 24 3 6483.34
3.700000 24 4 5151.39
3.700000 24 5 4138.50
3.700000 24 6 3365.92
3.700000 24 7 2747.68
3.700000 24 8 2249.74
3.700000 24 9 1837.18
3.700000 24 10 1500.16
3.700000 24 11 1240.78
3.700000 24 12 1036.79
3.700000 24 13 872.24
3.700000 24 14 725.51
3.700000 24 15 609.47
3.700000 24 16 513.34
3.700000 24 17 450.51
3.700000 24 18 424.55
3.700000 24 19 358.20
3.700000 24 20 285.67
3.700000 24 21 214.28
3.700000 24 22 156.73
3.700000 24 23 99.43
3.700000 24 24 74.86
3.700000 24 25 109.12
3.700000 24 26 80.48
3.700000 24 27 51.31
3.700000 24 28 82.94
3.700000 24 29 112.00
3.700000 24 30 157.85
3.700000 24 31 200.96
3.700000 24 32 211.61
3.700000 24 33 208.43
3.700000 24 34 210.16
3.700000 24 35 204.21
3.700000 24 36 185.53
3.700000 24 37 178.62
3.700000 24 38 187.19
3.700000 24 39 166.05
3.700000 24 40 154.58
3.700000 24 41 159.88
3.700000 24 42 196.95
3.700000 24 43 232.63
3.700000 24 44 203.08
3.700000 24 45 173.46
3.700000 24 46 140.46
3.700000 24 47 117.71
3.700000 24 48 98.00
3.700000 24 49 68.83
3.700000 24 50 70.76
3.700000 24 51 53.73
3.700000 24 52 62.41
3.700000 24 53 52.64
3.700000 24 54 66.31
3.700000 24 55 123.65
3.700000 24 56 123.45
3.700000 24 57 119.67
3.700000 24 58 95.89
3.700000 24 59 64.14
3.700000 24 60 17.94
3.700000 24 61 -15.92
3.700000 24 62 -68.59
3.700000 24 63 -99.33
3.700000 24 64 -130.72
3.700000 24 65 -101.28
3.700000 24 66 -84.43
3.700000 24 67 -80.66
3.700000 24 68 -88.03
3.700000 24 69 -100.30
3.700000 24 70 -90.25
3.700000 24 71 -98.12
3.700000 24 72 -117.55
3.700000 24 73 -115.87
3.700000 24 74 -133.65
3.700000 24 75 -129.34
3.700000 24 76 -154.56
3.700000 24 77 -158.54
3.700000 24 78 -153.83
3.700000 24 79 -157.49
3.700000 24 80 -124.75
3.700000 24 81 -130.80
3.700000 24 82 -82.79
3.700000 24 83 -66.47
3.700000 24 84 -84.79
3.700000 24 85 -72.61
3.700000 24 86 -75.58
3.700000 24 87 -88.50
3.700000 24 88 -65.51
3.700000 24 89 -39.52
3.700000 24 90 -24.18
3.700000 24 91 -34.38
3.700000 24 92 -14.07
3.700000 24 93 30.76
3.700000 24 94 51.04
3.700000 24 95 90.00
3.700000 24 96 94.44
3.700000 24 97 82.20
3.700000 24 98 88.09
3.700000 24 99 93.74
3.700000 24 100 106.16
3.700000 24 101 117.08
3.700000 24 102 149.35
3.700000 24 103 152.23
3.700000 24 104 139.85
3.700000 24 105 131.01
3.700000 24 106 143.20
3.700000 24 107 168.71
3.700000 24 108 189.24
3.700000 24 109 207.18
3.700000 24 110 184.43
3.700000 24 111 213.03
3.700000 24 112 249.93
3.700000 24 113 295.18
3.700000 24 114 343.13
3.700000 24 115 345.21
3.700000 24 116 319.91
3.700000 24 117 258.31
3.700000 24 118 185.95
3.700000 24 119 145.92
3.700000 24 120 123.94
3.700000 24 121 121.09
3.700000 24 122 112.55
3.700000 24 123 96.10
3.700000 24 124 95.87
3.700000 24 125 90.96
3.700000 24 126 97.48
3.700000 24 127 76.96
3.700000 24 128 112.92
3.700000 24 129 134.76
3.700000 24 130 133.99
3.700000 24 131 141.50
3.700000 24 132 153.25
3.700000 24 133 157.43
3.700000 24 134 160.85
3.700000 24 135 190.85
3.700000 24 136 187.67
3.700000 24 137 179.06
3.700000 24 138 182.27
3.700000 24 139 185.40
3.700000 24 140 168.65
3.700000 24 141 164.47
3.700000 24 142 169.00
3.700000 24 143 165.58
3.700000 24 144 176.72
3.700000 24 145 177.27
3.700000 24 146 232.67
3.700000 24 147 238.84
3.700000 24 148 252.13
3.700000 24 149 264.26
3.700000 24 150 279.60
3.700000 24 151 281.21
3.700000 24 152 290.72
3.700000 24 153 323.24
3.700000 24 154 325.81
3.700000 24 155 358.32
3.700000 24 156 357.44
3.700000 24 157 362.39
3.700000 24 158 386.03
3.700000 24 159 376.51
3.700000 24 160 381.65
3.700000 24 161 382.32
3.700000 24 162 352.65
3.700000 24 163 341.37
3.700000 24 164 297.50
3.700000 24 165 301.30
3.700000 24 166 245.14
3.700000 24 167 182.48
3.700000 24 168 129.99
3.700000 24 169 89.32
3.700000 24 170 60.73
3.700000 24 171 20.70
3.700000 24 172 -17.51
3.700000 24 173 -55.66
3.700000 24 174 -88.06
3.700000 24 175 -84.93
3.700000 24 176 -86.10
3.700000 24 177 -111.80
3.700000 24 178 -118.48
3.700000 24 179 -91.09
3.700000 24 180 -44.50
3.700000 24 181  5.67
3.700000 24 182 38.42
3.700000 24 183 42.12
3.700000 24 184 26.38
3.700000 24 185 12.48
3.700000 24 186 10.46
3.700000 24 187 18.01
3.700000 24 188 -0.47
3.700000 24 189 -18.25
3.700000 24 190 -7.24
3.700000 24 191  6.11
3.700000 24 192 -1.75
3.700000 24 193  8.82
3.700000 24 194 31.15
3.700000 24 195 69.86
3.700000 24 196 87.96
3.700000 24 197 93.77
3.700000 24 198 71.47
3.700000 24 199 78.81
