3.420000 128 0 94657.25
3.420000 128 1 47555.89
3.420000 128 2 25348.33
3.420000 128 3 13701.04
3.420000 128 4 7022.29
3.420000 128 5 3384.27
3.420000 128 6 759.78
3.420000 128 7 -899.01
3.420000 128 8 -593.55
3.420000 128 9 2944.98
3.420000 128 10 3579.60
3.420000 128 11 6193.45
3.420000 128 12 7739.45
3.420000 128 13 6404.90
3.420000 128 14 4326.68
3.420000 128 15 5141.76
3.420000 128 16 3620.27
3.420000 128 17 3691.93
3.420000 128 18 4776.32
3.420000 128 19 6009.56
3.420000 128 20 7927.28
3.420000 128 21 7721.74
3.420000 128 22 7943.39
3.420000 128 23 7655.84
3.420000 128 24 9504.52
3.420000 128 25 10603.39
3.420000 128 26 11237.13
3.420000 128 27 13104.64
3.420000 128 28 13407.77
3.420000 128 29 12960.90
3.420000 128 30 11813.63
3.420000 128 31 12003.52
3.420000 128 32 10713.10
3.420000 128 33 9279.90
3.420000 128 34 7511.07
3.420000 128 35 6499.77
3.420000 128 36 7106.74
3.420000 128 37 8328.16
3.420000 128 38 7651.52
3.420000 128 39 9035.88
3.420000 128 40 10958.17
3.420000 128 41 11067.43
3.420000 128 42 10851.23
3.420000 128 43 9786.88
3.420000 128 44 9163.97
3.420000 128 45 9847.35
3.420000 128 46 7870.14
3.420000 128 47 8001.48
3.420000 128 48 8610.18
3.420000 128 49 10260.83
3.420000 128 50 11147.66
3.420000 128 51 10727.27
3.420000 128 52 9911.82
3.420000 128 53 9798.78
3.420000 128 54 11401.83
3.420000 128 55 11871.66
3.420000 128 56 9455.31
3.420000 128 57 8031.72
3.420000 128 58 7638.72
3.420000 128 59 4443.00
3.420000 128 60 4963.71
3.420000 128 61 5268.52
3.420000 128 62 5516.80
3.420000 128 63 4470.26
3.420000 128 64 5156.88
3.420000 128 65 6208.27
3.420000 128 66 5336.15
3.420000 128 67 5804.73
3.420000 128 68 5124.72
3.420000 128 69 3771.07
3.420000 128 70 4151.22
3.420000 128 71 4547.84
3.420000 128 72 6242.37
3.420000 128 73 6295.86
3.420000 128 74 5623.46
3.420000 128 75 4261.61
3.420000 128 76 4617.45
3.420000 128 77 5199.78
3.420000 128 78 5918.09
3.420000 128 79 6934.97
3.420000 128 80 6713.21
3.420000 128 81 8292.85
3.420000 128 82 7989.80
3.420000 128 83 7920.43
3.420000 128 84 7157.80
3.420000 128 85 7361.52
3.420000 128 86 7929.79
3.420000 128 87 9401.21
3.420000 128 88 8776.01
3.420000 128 89 9166.18
3.420000 128 90 10417.93
3.420000 128 91 13018.10
3.420000 128 92 14731.16
3.420000 128 93 15633.89
3.420000 128 94 18064.22
3.420000 128 95 17927.64
3.420000 128 96 17335.56
3.420000 128 97 18178.32
3.420000 128 98 17335.74
3.420000 128 99 19200.08
3.420000 128 100 20702.29
3.420000 128 101 21245.60
3.420000 128 102 18008.15
3.420000 128 103 16077.15
3.420000 128 104 14085.67
3.420000 128 105 12452.98
3.420000 128 106 9794.84
3.420000 128 107 8048.62
3.420000 128 108 8346.76
3.420000 128 109 10819.35
3.420000 128 110 12134.43
3.420000 128 111 13121.05
3.420000 128 112 13694.27
3.420000 128 113 12184.11
3.420000 128 114 12576.68
3.420000 128 115 14831.49
3.420000 128 116 16951.16
3.420000 128 117 19659.73
3.420000 128 118 23108.38
3.420000 128 119 26276.71
3.420000 128 120 26322.08
3.420000 128 121 26117.24
3.420000 128 122 25923.50
3.420000 128 123 24838.55
3.420000 128 124 25307.06
3.420000 128 125 25980.43
3.420000 128 126 27046.05
3.420000 128 127 25967.09
3.420000 128 128 24413.36
3.420000 128 129 23868.34
3.420000 128 130 24237.42
3.420000 128 131 24013.63
3.420000 128 132 22987.64
3.420000 128 133 21477.02
3.420000 128 134 21411.01
3.420000 128 135 23114.66
3.420000 128 136 24552.99
3.420000 128 137 25354.23
3.420000 128 138 25647.22
3.420000 128 139 25152.99
3.420000 128 140 25279.64
3.420000 128 141 26647.60
3.420000 128 142 27211.37
3.420000 128 143 30172.97
3.420000 128 144 30621.00
3.420000 128 145 29558.62
3.420000 128 146 30303.51
3.420000 128 147 31095.52
3.420000 128 148 29770.20
3.420000 128 149 29213.56
3.420000 128 150 30000.91
3.420000 128 151 30128.97
3.420000 128 152 32219.81
3.420000 128 153 32360.49
3.420000 128 154 31313.40
3.420000 128 155 32122.00
3.420000 128 156 32397.91
3.420000 128 157 32472.77
3.420000 128 158 32423.18
3.420000 128 159 33084.16
3.420000 128 160 31576.74
3.420000 128 161 29965.11
3.420000 128 162 29608.38
3.420000 128 163 29288.27
3.420000 128 164 28545.70
3.420000 128 165 28500.37
3.420000 128 166 29402.80
3.420000 128 167 28724.99
3.420000 128 168 27055.53
3.420000 128 169 27134.31
3.420000 128 170 27854.42
3.420000 128 171 30551.09
3.420000 128 172 31272.48
3.420000 128 173 32510.10
3.420000 128 174 32354.14
3.420000 128 175 32088.19
3.420000 128 176 33023.65
3.420000 128 177 33435.21
3.420000 128 178 32721.19
3.420000 128 179 31740.09
3.420000 128 180 30142.68
3.420000 128 181 29283.60
3.420000 128 182 29094.05
3.420000 128 183 27697.95
3.420000 128 184 28196.83
3.420000 128 185 26133.22
3.420000 128 186 25050.46
3.420000 128 187 23579.23
3.420000 128 188 23409.60
3.420000 128 189 24311.96
3.420000 128 190 24506.89
3.420000 128 191 24782.00
3.420000 128 192 24320.75
3.420000 128 193 27248.66
3.420000 128 194 30977.93
3.420000 128 195 32850.73
3.420000 128 196 34504.47
3.420000 128 197 36181.92
3.420000 128 198 36119.36
3.420000 128 199 35997.76
