3.420000 16 0 1494.66
3.420000 16 1 753.67
3.420000 16 2 406.84
3.420000 16 3 227.31
3.420000 16 4 125.93
3.420000 16 5 53.69
3.420000 16 6 32.52
3.420000 16 7 14.87
3.420000 16 8 22.56
3.420000 16 9 20.34
3.420000 16 10 12.32
3.420000 16 11 12.70
3.420000 16 12  8.06
3.420000 16 13 -2.18
3.420000 16 14 -13.60
3.420000 16 15 -25.27
3.420000 16 16 -19.25
3.420000 16 17 -40.05
3.420000 16 18 -55.13
3.420000 16 19 -47.91
3.420000 16 20 -23.31
3.420000 16 21 -10.63
3.420000 16 22 -15.37
3.420000 16 23 -7.92
3.420000 16 24 -14.72
3.420000 16 25  2.51
3.420000 16 26  8.62
3.420000 16 27  5.56
3.420000 16 28 -10.58
3.420000 16 29 -10.97
3.420000 16 30 -41.56
3.420000 16 31 -51.61
3.420000 16 32 -62.12
3.420000 16 33 -41.63
3.420000 16 34 -44.37
3.420000 16 35 -35.07
3.420000 16 36 -48.51
3.420000 16 37 -58.06
3.420000 16 38 -57.10
3.420000 16 39 -35.05
3.420000 16 40 -47.07
3.420000 16 41 -52.36
3.420000 16 42 -73.18
3.420000 16 43 -88.18
3.420000 16 44 -86.49
3.420000 16 45 -72.76
3.420000 16 46 -81.71
3.420000 16 47 -62.81
3.420000 16 48 -63.99
3.420000 16 49 -59.03
3.420000 16 50 -59.72
3.420000 16 51 -49.68
3.420000 16 52 -61.69
3.420000 16 53 -63.18
3.420000 16 54 -64.46
3.420000 16 55 -49.09
3.420000 16 56 -44.82
3.420000 16 57 -43.30
3.420000 16 58 -74.22
3.420000 16 59 -58.24
3.420000 16 60 -55.71
3.420000 16 61 -54.65
3.420000 16 62 -52.70
3.420000 16 63 -53.64
3.420000 16 64 -70.99
3.420000 16 65 -84.21
3.420000 16 66 -97.23
3.420000 16 67 -118.77
3.420000 16 68 -105.87
3.420000 16 69 -101.23
3.420000 16 70 -94.12
3.420000 16 71 -86.32
3.420000 16 72 -70.26
3.420000 16 73 -80.83
3.420000 16 74 -87.61
3.420000 16 75 -76.40
3.420000 16 76 -65.70
3.420000 16 77 -67.45
3.420000 16 78 -46.99
3.420000 16 79 -52.46
3.420000 16 80 -27.05
3.420000 16 81 -22.64
3.420000 16 82 -4.80
3.420000 16 83 -1.60
3.420000 16 84 -1.18
3.420000 16 85 20.58
3.420000 16 86 14.83
3.420000 16 87  2.05
3.420000 16 88 -18.89
3.420000 16 89 -25.83
3.420000 16 90 -34.50
3.420000 16 91 -33.24
3.420000 16 92 -43.34
3.420000 16 93 -59.75
3.420000 16 94 -46.85
3.420000 16 95 -41.36
3.420000 16 96 -25.08
3.420000 16 97 -13.62
3.420000 16 98 -3.86
3.420000 16 99 -17.08
3.420000 16 100 -19.93
3.420000 16 101 -10.56
3.420000 16 102 -24.25
3.420000 16 103 -20.81
3.420000 16 104 -26.30
3.420000 16 105 -25.28
3.420000 16 106 -25.88
3.420000 16 107 -28.37
3.420000 16 108 -35.73
3.420000 16 109 -31.35
3.420000 16 110 -3.49
3.420000 16 111 20.56
3.420000 16 112 20.07
3.420000 16 113 22.18
3.420000 16 114 13.61
3.420000 16 115  0.65
3.420000 16 116 -14.27
3.420000 16 117 -19.16
3.420000 16 118 -22.92
3.420000 16 119 -0.78
3.420000 16 120  9.48
3.420000 16 121 14.82
3.420000 16 122 10.96
3.420000 16 123 16.51
3.420000 16 124  6.45
3.420000 16 125  8.57
3.420000 16 126 32.20
3.420000 16 127 31.98
3.420000 16 128 51.20
3.420000 16 129 41.09
3.420000 16 130 51.04
3.420000 16 131 45.80
3.420000 16 132 28.53
3.420000 16 133 48.61
3.420000 16 134 83.00
3.420000 16 135 75.06
3.420000 16 136 62.45
3.420000 16 137 68.51
3.420000 16 138 63.22
3.420000 16 139 55.70
3.420000 16 140 38.53
3.420000 16 141 38.10
3.420000 16 142 55.64
3.420000 16 143 47.99
3.420000 16 144 29.80
3.420000 16 145 31.75
3.420000 16 146 31.00
3.420000 16 147 33.51
3.420000 16 148 42.57
3.420000 16 149 61.42
3.420000 16 150 64.37
3.420000 16 151 52.44
3.420000 16 152 52.76
3.420000 16 153 41.81
3.420000 16 154 29.02
3.420000 16 155 40.44
3.420000 16 156 50.27
3.420000 16 157 50.55
3.420000 16 158 51.07
3.420000 16 159 52.10
3.420000 16 160 44.76
3.420000 16 161 66.33
3.420000 16 162 79.27
3.420000 16 163 83.05
3.420000 16 164 83.79
3.420000 16 165 94.93
3.420000 16 166 97.44
3.420000 16 167 104.50
3.420000 16 168 95.31
3.420000 16 169 81.70
3.420000 16 170 84.21
3.420000 16 171 80.48
3.420000 16 172 77.00
3.420000 16 173 82.86
3.420000 16 174 92.60
3.420000 16 175 85.14
3.420000 16 176 74.50
3.420000 16 177 85.23
3.420000 16 178 73.36
3.420000 16 179 68.82
3.420000 16 180 74.26
3.420000 16 181 87.86
3.420000 16 182 78.36
3.420000 16 183 68.69
3.420000 16 184 74.46
3.420000 16 185 72.16
3.420000 16 186 63.20
3.420000 16 187 91.11
3.420000 16 188 80.92
3.420000 16 189 86.28
3.420000 16 190 85.48
3.420000 16 191 70.83
3.420000 16 192 75.77
3.420000 16 193 70.83
3.420000 16 194 76.91
3.420000 16 195 70.74
3.420000 16 196 53.51
3.420000 16 197 43.61
3.420000 16 198 43.86
3.420000 16 199 41.45
