3.800000 16 0 5604.81
3.800000 16 1 4117.69
3.800000 16 2 3101.52
3.800000 16 3 2369.46
3.800000 16 4 1823.39
3.800000 16 5 1424.08
3.800000 16 6 1115.74
3.800000 16 7 888.85
3.800000 16 8 710.82
3.800000 16 9 562.34
3.800000 16 10 452.72
3.800000 16 11 353.84
3.800000 16 12 279.25
3.800000 16 13 217.30
3.800000 16 14 157.86
3.800000 16 15 119.58
3.800000 16 16 90.57
3.800000 16 17 65.49
3.800000 16 18 44.57
3.800000 16 19 16.29
3.800000 16 20  7.28
3.800000 16 21 -16.60
3.800000 16 22 -24.01
3.800000 16 23 -36.21
3.800000 16 24 -23.64
3.800000 16 25 -24.14
3.800000 16 26 -29.26
3.800000 16 27 -34.20
3.800000 16 28 -35.22
3.800000 16 29 -22.86
3.800000 16 30 -13.46
3.800000 16 31 -1.49
3.800000 16 32 12.43
3.800000 16 33  3.57
3.800000 16 34  5.80
3.800000 16 35 18.18
3.800000 16 36 28.51
3.800000 16 37 32.64
3.800000 16 38 29.25
3.800000 16 39 26.67
3.800000 16 40 30.61
3.800000 16 41 32.48
3.800000 16 42 34.54
3.800000 16 43 22.43
3.800000 16 44 19.46
3.800000 16 45  8.50
3.800000 16 46  4.46
3.800000 16 47 14.11
3.800000 16 48 18.71
3.800000 16 49 31.40
3.800000 16 50 33.65
3.800000 16 51 30.43
3.800000 16 52 38.63
3.800000 16 53 33.04
3.800000 16 54 36.45
3.800000 16 55 40.73
3.800000 16 56 44.98
3.800000 16 57 44.46
3.800000 16 58 32.09
3.800000 16 59 25.14
3.800000 16 60 22.78
3.800000 16 61 15.70
3.800000 16 62 10.29
3.800000 16 63  2.56
3.800000 16 64 -11.74
3.800000 16 65 -20.33
3.800000 16 66 -23.01
3.800000 16 67  2.93
3.800000 16 68 17.40
3.800000 16 69 15.52
3.800000 16 70  5.57
3.800000 16 71 -1.74
3.800000 16 72 -1.94
3.800000 16 73 -8.24
3.800000 16 74 -19.41
3.800000 16 75 -29.73
3.800000 16 76 -33.79
3.800000 16 77 -33.16
3.800000 16 78 -30.17
3.800000 16 79 -27.68
3.800000 16 80 -31.02
3.800000 16 81 -43.18
3.800000 16 82 -52.81
3.800000 16 83 -48.37
3.800000 16 84 -54.80
3.800000 16 85 -73.20
3.800000 16 86 -73.24
3.800000 16 87 -65.04
3.800000 16 88 -57.37
3.800000 16 89 -49.64
3.800000 16 90 -30.12
3.800000 16 91 -0.40
3.800000 16 92 13.52
3.800000 16 93 18.40
3.800000 16 94 26.87
3.800000 16 95 24.18
3.800000 16 96 14.09
3.800000 16 97 -8.48
3.800000 16 98 -2.05
3.800000 16 99 -0.11
3.800000 16 100  4.56
3.800000 16 101 -0.97
3.800000 16 102 -21.27
3.800000 16 103 -12.07
3.800000 16 104 -22.40
3.800000 16 105 -17.79
3.800000 16 106 -3.37
3.800000 16 107 -1.62
3.800000 16 108 -1.09
3.800000 16 109  8.07
3.800000 16 110  3.56
3.800000 16 111 10.50
3.800000 16 112 22.12
3.800000 16 113 24.64
3.800000 16 114 28.87
3.800000 16 115 32.35
3.800000 16 116 17.73
3.800000 16 117 13.88
3.800000 16 118  8.49
3.800000 16 119  3.55
3.800000 16 120  9.28
3.800000 16 121 18.03
3.800000 16 122  5.68
3.800000 16 123 13.62
3.800000 16 124 11.99
3.800000 16 125  0.31
3.800000 16 126 -10.09
3.800000 16 127 -20.90
3.800000 16 128 -16.24
3.800000 16 129 -7.10
3.800000 16 130  9.11
3.800000 16 131 19.45
3.800000 16 132 30.27
3.800000 16 133 21.05
3.800000 16 134  4.77
3.800000 16 135 -13.61
3.800000 16 136 -16.92
3.800000 16 137 -14.54
3.800000 16 138 -12.01
3.800000 16 139 -22.61
3.800000 16 140 -29.01
3.800000 16 141 -31.48
3.800000 16 142 -53.15
3.800000 16 143 -61.83
3.800000 16 144 -62.66
3.800000 16 145 -46.40
3.800000 16 146 -32.14
3.800000 16 147 -37.06
3.800000 16 148 -25.61
3.800000 16 149 -22.10
3.800000 16 150 -15.01
3.800000 16 151 -7.40
3.800000 16 152  2.52
3.800000 16 153  4.32
3.800000 16 154  4.77
3.800000 16 155  6.93
3.800000 16 156  8.69
3.800000 16 157  8.03
3.800000 16 158 -0.60
3.800000 16 159 -4.71
3.800000 16 160 -8.13
3.800000 16 161 -12.77
3.800000 16 162 -7.47
3.800000 16 163 -7.08
3.800000 16 164 -4.31
3.800000 16 165 -11.49
3.800000 16 166 -6.73
3.800000 16 167 -4.76
3.800000 16 168  4.08
3.800000 16 169  6.83
3.800000 16 170 13.11
3.800000 16 171 13.71
3.800000 16 172 25.82
3.800000 16 173 33.60
3.800000 16 174 28.65
3.800000 16 175 35.31
3.800000 16 176 40.04
3.800000 16 177 39.36
3.800000 16 178 29.03
3.800000 16 179 27.05
3.800000 16 180 23.33
3.800000 16 181 24.16
3.800000 16 182 27.62
3.800000 16 183 31.74
3.800000 16 184 32.25
3.800000 16 185 33.21
3.800000 16 186 30.81
3.800000 16 187 39.30
3.800000 16 188 42.98
3.800000 16 189 37.03
3.800000 16 190 31.58
3.800000 16 191 42.11
3.800000 16 192 52.41
3.800000 16 193 66.62
3.800000 16 194 62.15
3.800000 16 195 44.30
3.800000 16 196 31.39
3.800000 16 197 19.47
3.800000 16 198  9.53
3.800000 16 199  4.60
