2.277000 256 0 977611.42
2.277000 256 1 917983.40
2.277000 256 2 856855.99
2.277000 256 3 794804.87
2.277000 256 4 724988.80
2.277000 256 5 649229.72
2.277000 256 6 576463.70
2.277000 256 7 508695.44
2.277000 256 8 444185.35
2.277000 256 9 381063.87
2.277000 256 10 320879.71
2.277000 256 11 260694.03
2.277000 256 12 203305.34
2.277000 256 13 141422.68
2.277000 256 14 88561.14
2.277000 256 15 35022.10
2.277000 256 16 -18408.30
2.277000 256 17 -67101.57
2.277000 256 18 -109031.94
2.277000 256 19 -148374.80
2.277000 256 20 -180077.54
2.277000 256 21 -201545.83
2.277000 256 22 -228311.56
2.277000 256 23 -255261.87
2.277000 256 24 -281043.63
2.277000 256 25 -309855.08
2.277000 256 26 -342003.70
2.277000 256 27 -374398.78
2.277000 256 28 -408631.36
2.277000 256 29 -441967.60
2.277000 256 30 -467915.98
2.277000 256 31 -503462.03
2.277000 256 32 -537417.10
2.277000 256 33 -565416.27
2.277000 256 34 -588559.49
2.277000 256 35 -612460.80
2.277000 256 36 -640045.33
2.277000 256 37 -673847.06
2.277000 256 38 -703855.36
2.277000 256 39 -732581.24
2.277000 256 40 -761999.56
2.277000 256 41 -790460.39
2.277000 256 42 -805680.63
2.277000 256 43 -817646.24
2.277000 256 44 -828563.86
2.277000 256 45 -840660.73
2.277000 256 46 -863966.27
2.277000 256 47 -887564.90
2.277000 256 48 -910519.29
2.277000 256 49 -930557.98
2.277000 256 50 -936321.84
2.277000 256 51 -944317.79
2.277000 256 52 -952928.66
2.277000 256 53 -961922.65
2.277000 256 54 -961344.51
2.277000 256 55 -964299.17
2.277000 256 56 -967314.57
2.277000 256 57 -969315.09
2.277000 256 58 -965380.18
2.277000 256 59 -959915.52
2.277000 256 60 -953828.34
2.277000 256 61 -948637.03
2.277000 256 62 -944022.71
2.277000 256 63 -939325.19
2.277000 256 64 -933461.27
2.277000 256 65 -929344.51
2.277000 256 66 -924929.44
2.277000 256 67 -921656.46
2.277000 256 68 -921579.86
2.277000 256 69 -913742.97
2.277000 256 70 -911397.44
2.277000 256 71 -907621.10
2.277000 256 72 -899394.44
2.277000 256 73 -892988.50
2.277000 256 74 -883322.90
2.277000 256 75 -875062.15
2.277000 256 76 -869715.44
2.277000 256 77 -861120.04
2.277000 256 78 -851759.46
2.277000 256 79 -842847.19
2.277000 256 80 -833468.08
2.277000 256 81 -822215.31
2.277000 256 82 -812353.73
2.277000 256 83 -807689.21
2.277000 256 84 -801603.72
2.277000 256 85 -802044.85
2.277000 256 86 -806907.46
2.277000 256 87 -813217.39
2.277000 256 88 -817060.89
2.277000 256 89 -825367.59
2.277000 256 90 -836570.57
2.277000 256 91 -849186.98
2.277000 256 92 -860716.47
2.277000 256 93 -874880.77
2.277000 256 94 -885473.45
2.277000 256 95 -904040.15
2.277000 256 96 -923244.97
2.277000 256 97 -938833.01
2.277000 256 98 -958363.74
2.277000 256 99 -983426.52
2.277000 256 100 -1008183.91
2.277000 256 101 -1043332.28
2.277000 256 102 -1073998.19
2.277000 256 103 -1103579.94
2.277000 256 104 -1131614.73
2.277000 256 105 -1149491.13
2.277000 256 106 -1166725.94
2.277000 256 107 -1175091.16
2.277000 256 108 -1186088.55
2.277000 256 109 -1191155.02
2.277000 256 110 -1194989.93
2.277000 256 111 -1195775.61
2.277000 256 112 -1196956.34
2.277000 256 113 -1196580.75
2.277000 256 114 -1197673.50
2.277000 256 115 -1199030.95
2.277000 256 116 -1199365.06
2.277000 256 117 -1197312.42
2.277000 256 118 -1196429.68
2.277000 256 119 -1191171.02
2.277000 256 120 -1182724.71
2.277000 256 121 -1174075.72
2.277000 256 122 -1165357.83
2.277000 256 123 -1157163.02
2.277000 256 124 -1148747.31
2.277000 256 125 -1137169.56
2.277000 256 126 -1128152.58
2.277000 256 127 -1117658.28
2.277000 256 128 -1105514.79
2.277000 256 129 -1098392.93
2.277000 256 130 -1087582.49
2.277000 256 131 -1081578.16
2.277000 256 132 -1077161.34
2.277000 256 133 -1079290.12
2.277000 256 134 -1084046.02
2.277000 256 135 -1092393.19
2.277000 256 136 -1100026.85
2.277000 256 137 -1099251.62
2.277000 256 138 -1100395.40
2.277000 256 139 -1099359.19
2.277000 256 140 -1101219.71
2.277000 256 141 -1104038.50
2.277000 256 142 -1104521.34
2.277000 256 143 -1115205.23
2.277000 256 144 -1118907.40
2.277000 256 145 -1121603.96
2.277000 256 146 -1118383.83
2.277000 256 147 -1116239.54
2.277000 256 148 -1118537.77
2.277000 256 149 -1114382.81
2.277000 256 150 -1110625.79
2.277000 256 151 -1108478.26
2.277000 256 152 -1107190.68
2.277000 256 153 -1106764.69
2.277000 256 154 -1112993.11
2.277000 256 155 -1122134.87
2.277000 256 156 -1134571.01
2.277000 256 157 -1146543.73
2.277000 256 158 -1167435.33
2.277000 256 159 -1170499.44
2.277000 256 160 -1178505.76
2.277000 256 161 -1187641.14
2.277000 256 162 -1197018.81
2.277000 256 163 -1205872.45
2.277000 256 164 -1207050.70
2.277000 256 165 -1209087.40
2.277000 256 166 -1210432.33
2.277000 256 167 -1203621.72
2.277000 256 168 -1193141.07
2.277000 256 169 -1192237.42
2.277000 256 170 -1183400.53
2.277000 256 171 -1175115.47
2.277000 256 172 -1166206.50
2.277000 256 173 -1152884.03
2.277000 256 174 -1141441.41
2.277000 256 175 -1128375.13
2.277000 256 176 -1116303.43
2.277000 256 177 -1110525.38
2.277000 256 178 -1101480.88
2.277000 256 179 -1089136.67
2.277000 256 180 -1075704.03
2.277000 256 181 -1060841.93
2.277000 256 182 -1048579.62
2.277000 256 183 -1040784.86
2.277000 256 184 -1031482.32
2.277000 256 185 -1022177.99
2.277000 256 186 -1018589.09
2.277000 256 187 -1009017.92
2.277000 256 188 -999339.49
2.277000 256 189 -990179.97
2.277000 256 190 -978740.04
2.277000 256 191 -960501.79
2.277000 256 192 -948297.69
2.277000 256 193 -935768.35
2.277000 256 194 -923830.81
2.277000 256 195 -912512.89
2.277000 256 196 -899920.30
2.277000 256 197 -888482.72
2.277000 256 198 -882409.56
2.277000 256 199 -879022.19
