3.560000 128 0 145745.08
3.560000 128 1 94022.85
3.560000 128 2 61608.45
3.560000 128 3 40748.42
3.560000 128 4 27305.87
3.560000 128 5 16266.53
3.560000 128 6 6814.25
3.560000 128 7 3339.16
3.560000 128 8 -1964.27
3.560000 128 9 -4100.99
3.560000 128 10 -5273.03
3.560000 128 11 -8910.32
3.560000 128 12 -13003.51
3.560000 128 13 -15851.14
3.560000 128 14 -17018.03
3.560000 128 15 -17353.07
3.560000 128 16 -18914.02
3.560000 128 17 -18564.21
3.560000 128 18 -17149.33
3.560000 128 19 -16309.39
3.560000 128 20 -15935.46
3.560000 128 21 -14688.21
3.560000 128 22 -17942.99
3.560000 128 23 -20310.80
3.560000 128 24 -22415.44
3.560000 128 25 -27108.43
3.560000 128 26 -30034.57
3.560000 128 27 -32836.52
3.560000 128 28 -35400.74
3.560000 128 29 -36405.52
3.560000 128 30 -37976.73
3.560000 128 31 -40058.48
3.560000 128 32 -40354.88
3.560000 128 33 -41358.41
3.560000 128 34 -43326.29
3.560000 128 35 -44738.08
3.560000 128 36 -46662.55
3.560000 128 37 -49286.06
3.560000 128 38 -50980.67
3.560000 128 39 -52097.78
3.560000 128 40 -52621.46
3.560000 128 41 -52181.12
3.560000 128 42 -51335.64
3.560000 128 43 -50971.82
3.560000 128 44 -50285.43
3.560000 128 45 -49996.69
3.560000 128 46 -49020.46
3.560000 128 47 -48971.94
3.560000 128 48 -49075.00
3.560000 128 49 -47303.90
3.560000 128 50 -47600.93
3.560000 128 51 -47372.50
3.560000 128 52 -44902.83
3.560000 128 53 -42946.98
3.560000 128 54 -40450.64
3.560000 128 55 -38746.85
3.560000 128 56 -37048.71
3.560000 128 57 -36297.28
3.560000 128 58 -35936.84
3.560000 128 59 -36058.95
3.560000 128 60 -35642.02
3.560000 128 61 -35700.12
3.560000 128 62 -35776.04
3.560000 128 63 -37243.89
3.560000 128 64 -39904.38
3.560000 128 65 -41133.10
3.560000 128 66 -43825.23
3.560000 128 67 -45669.44
3.560000 128 68 -48267.51
3.560000 128 69 -48972.33
3.560000 128 70 -48726.65
3.560000 128 71 -47270.57
3.560000 128 72 -45635.04
3.560000 128 73 -43665.62
3.560000 128 74 -43120.84
3.560000 128 75 -43049.25
3.560000 128 76 -43464.08
3.560000 128 77 -44964.16
3.560000 128 78 -45384.37
3.560000 128 79 -47898.80
3.560000 128 80 -52413.49
3.560000 128 81 -53476.43
3.560000 128 82 -55451.32
3.560000 128 83 -54642.38
3.560000 128 84 -54102.41
3.560000 128 85 -54015.33
3.560000 128 86 -53604.77
3.560000 128 87 -50592.89
3.560000 128 88 -48970.63
3.560000 128 89 -46080.82
3.560000 128 90 -46082.77
3.560000 128 91 -47452.76
3.560000 128 92 -48507.52
3.560000 128 93 -48987.62
3.560000 128 94 -49925.15
3.560000 128 95 -49324.78
3.560000 128 96 -49845.53
3.560000 128 97 -49823.89
3.560000 128 98 -48379.05
3.560000 128 99 -47649.14
3.560000 128 100 -47509.61
3.560000 128 101 -47380.04
3.560000 128 102 -45927.20
3.560000 128 103 -44926.80
3.560000 128 104 -44124.35
3.560000 128 105 -44347.56
3.560000 128 106 -45223.72
3.560000 128 107 -46511.96
3.560000 128 108 -45585.65
3.560000 128 109 -44283.06
3.560000 128 110 -42191.82
3.560000 128 111 -40554.37
3.560000 128 112 -39322.02
3.560000 128 113 -37646.34
3.560000 128 114 -35761.84
3.560000 128 115 -35059.90
3.560000 128 116 -32505.47
3.560000 128 117 -28691.94
3.560000 128 118 -24931.08
3.560000 128 119 -22091.14
3.560000 128 120 -18858.00
3.560000 128 121 -17037.53
3.560000 128 122 -13481.58
3.560000 128 123 -10225.90
3.560000 128 124 -8825.10
3.560000 128 125 -7688.08
3.560000 128 126 -3864.73
3.560000 128 127 -1469.30
3.560000 128 128 1125.18
3.560000 128 129 1317.63
3.560000 128 130 2305.02
3.560000 128 131 3499.71
3.560000 128 132 5633.18
3.560000 128 133 6624.76
3.560000 128 134 5615.93
3.560000 128 135 6443.05
3.560000 128 136 8712.10
3.560000 128 137 12012.25
3.560000 128 138 15013.28
3.560000 128 139 15298.89
3.560000 128 140 15545.60
3.560000 128 141 15648.71
3.560000 128 142 16198.52
3.560000 128 143 18270.19
3.560000 128 144 19668.66
3.560000 128 145 19531.41
3.560000 128 146 17877.72
3.560000 128 147 15248.84
3.560000 128 148 12569.83
3.560000 128 149 12603.41
3.560000 128 150 13967.99
3.560000 128 151 14423.73
3.560000 128 152 15568.20
3.560000 128 153 18652.33
3.560000 128 154 18813.44
3.560000 128 155 19967.53
3.560000 128 156 21583.01
3.560000 128 157 22378.10
3.560000 128 158 22640.04
3.560000 128 159 22377.73
3.560000 128 160 21877.50
3.560000 128 161 21260.18
3.560000 128 162 19736.02
3.560000 128 163 19301.66
3.560000 128 164 20865.25
3.560000 128 165 22195.32
3.560000 128 166 24003.98
3.560000 128 167 25596.63
3.560000 128 168 26077.43
3.560000 128 169 23082.30
3.560000 128 170 23508.46
3.560000 128 171 26849.36
3.560000 128 172 28023.16
3.560000 128 173 30359.29
3.560000 128 174 32576.15
3.560000 128 175 34811.45
3.560000 128 176 36484.89
3.560000 128 177 36583.23
3.560000 128 178 34672.75
3.560000 128 179 34351.18
3.560000 128 180 34482.02
3.560000 128 181 34065.71
3.560000 128 182 33928.27
3.560000 128 183 32680.17
3.560000 128 184 34229.05
3.560000 128 185 37229.49
3.560000 128 186 39660.04
3.560000 128 187 42032.24
3.560000 128 188 44038.97
3.560000 128 189 46093.47
3.560000 128 190 45404.08
3.560000 128 191 44894.41
3.560000 128 192 44404.18
3.560000 128 193 44962.76
3.560000 128 194 46183.73
3.560000 128 195 46824.71
3.560000 128 196 46746.19
3.560000 128 197 46739.81
3.560000 128 198 47984.50
3.560000 128 199 49810.20
