3.780000 64 0 38982.72
3.780000 64 1 36684.99
3.780000 64 2 34539.94
3.780000 64 3 32581.25
3.780000 64 4 30807.59
3.780000 64 5 29111.48
3.780000 64 6 27727.26
3.780000 64 7 26471.31
3.780000 64 8 25274.92
3.780000 64 9 24140.70
3.780000 64 10 23021.43
3.780000 64 11 21937.40
3.780000 64 12 20890.10
3.780000 64 13 19885.49
3.780000 64 14 18892.52
3.780000 64 15 17849.25
3.780000 64 16 16924.50
3.780000 64 17 16046.99
3.780000 64 18 15112.56
3.780000 64 19 14153.82
3.780000 64 20 13269.29
3.780000 64 21 12418.27
3.780000 64 22 11572.96
3.780000 64 23 10865.21
3.780000 64 24 10182.51
3.780000 64 25 9604.31
3.780000 64 26 9046.98
3.780000 64 27 8563.96
3.780000 64 28 8018.09
3.780000 64 29 7579.89
3.780000 64 30 7078.37
3.780000 64 31 6618.43
3.780000 64 32 6226.36
3.780000 64 33 5830.55
3.780000 64 34 5551.87
3.780000 64 35 5353.66
3.780000 64 36 5187.94
3.780000 64 37 5051.02
3.780000 64 38 4863.01
3.780000 64 39 4786.06
3.780000 64 40 4665.59
3.780000 64 41 4571.17
3.780000 64 42 4516.55
3.780000 64 43 4442.51
3.780000 64 44 4429.36
3.780000 64 45 4493.54
3.780000 64 46 4567.97
3.780000 64 47 4609.79
3.780000 64 48 4687.09
3.780000 64 49 4692.10
3.780000 64 50 4648.94
3.780000 64 51 4551.77
3.780000 64 52 4513.51
3.780000 64 53 4375.08
3.780000 64 54 4221.67
3.780000 64 55 4054.54
3.780000 64 56 3923.81
3.780000 64 57 3764.13
3.780000 64 58 3592.10
3.780000 64 59 3486.68
3.780000 64 60 3446.56
3.780000 64 61 3435.36
3.780000 64 62 3409.38
3.780000 64 63 3353.83
3.780000 64 64 3325.94
3.780000 64 65 3362.77
3.780000 64 66 3344.72
3.780000 64 67 3391.85
3.780000 64 68 3498.04
3.780000 64 69 3427.84
3.780000 64 70 3356.63
3.780000 64 71 3301.89
3.780000 64 72 3285.92
3.780000 64 73 3317.51
3.780000 64 74 3466.43
3.780000 64 75 3576.11
3.780000 64 76 3685.01
3.780000 64 77 3794.87
3.780000 64 78 3871.65
3.780000 64 79 3922.88
3.780000 64 80 3914.68
3.780000 64 81 3893.10
3.780000 64 82 3957.47
3.780000 64 83 4001.41
3.780000 64 84 4119.38
3.780000 64 85 4280.95
3.780000 64 86 4429.38
3.780000 64 87 4527.13
3.780000 64 88 4607.14
3.780000 64 89 4701.64
3.780000 64 90 4719.40
3.780000 64 91 4710.03
3.780000 64 92 4633.82
3.780000 64 93 4518.12
3.780000 64 94 4383.27
3.780000 64 95 4242.05
3.780000 64 96 4207.52
3.780000 64 97 4315.50
3.780000 64 98 4405.01
3.780000 64 99 4435.75
3.780000 64 100 4513.25
3.780000 64 101 4507.85
3.780000 64 102 4557.81
3.780000 64 103 4596.89
3.780000 64 104 4584.80
3.780000 64 105 4607.39
3.780000 64 106 4575.46
3.780000 64 107 4607.26
3.780000 64 108 4684.92
3.780000 64 109 4778.48
3.780000 64 110 4907.14
3.780000 64 111 5045.90
3.780000 64 112 5183.38
3.780000 64 113 5336.11
3.780000 64 114 5491.44
3.780000 64 115 5562.33
3.780000 64 116 5699.91
3.780000 64 117 5773.23
3.780000 64 118 5741.07
3.780000 64 119 5740.89
3.780000 64 120 5795.52
3.780000 64 121 5900.19
3.780000 64 122 6102.26
3.780000 64 123 6380.24
3.780000 64 124 6599.07
3.780000 64 125 6832.09
3.780000 64 126 7032.95
3.780000 64 127 7232.68
3.780000 64 128 7361.46
3.780000 64 129 7547.34
3.780000 64 130 7659.62
3.780000 64 131 7821.71
3.780000 64 132 7978.37
3.780000 64 133 8119.76
3.780000 64 134 8213.77
3.780000 64 135 8305.27
3.780000 64 136 8240.27
3.780000 64 137 8075.52
3.780000 64 138 8007.33
3.780000 64 139 7846.16
3.780000 64 140 7569.83
3.780000 64 141 7330.78
3.780000 64 142 7143.09
3.780000 64 143 6968.09
3.780000 64 144 6816.25
3.780000 64 145 6549.51
3.780000 64 146 6286.25
3.780000 64 147 6063.19
3.780000 64 148 5877.82
3.780000 64 149 5686.37
3.780000 64 150 5613.64
3.780000 64 151 5588.52
3.780000 64 152 5529.57
3.780000 64 153 5330.55
3.780000 64 154 5070.15
3.780000 64 155 4830.90
3.780000 64 156 4652.19
3.780000 64 157 4569.60
3.780000 64 158 4538.87
3.780000 64 159 4429.12
3.780000 64 160 4325.14
3.780000 64 161 4218.67
3.780000 64 162 4198.59
3.780000 64 163 4099.06
3.780000 64 164 4000.25
3.780000 64 165 4057.09
3.780000 64 166 3939.08
3.780000 64 167 3731.17
3.780000 64 168 3522.76
3.780000 64 169 3202.80
3.780000 64 170 2968.31
3.780000 64 171 2824.08
3.780000 64 172 2661.97
3.780000 64 173 2487.94
3.780000 64 174 2386.98
3.780000 64 175 2161.74
3.780000 64 176 1770.04
3.780000 64 177 1206.91
3.780000 64 178 645.53
3.780000 64 179 214.56
3.780000 64 180 -249.50
3.780000 64 181 -568.82
3.780000 64 182 -813.87
3.780000 64 183 -1055.38
3.780000 64 184 -1287.81
3.780000 64 185 -1456.08
3.780000 64 186 -1808.14
3.780000 64 187 -1972.41
3.780000 64 188 -2080.21
3.780000 64 189 -2169.60
3.780000 64 190 -2294.50
3.780000 64 191 -2391.09
3.780000 64 192 -2499.07
3.780000 64 193 -2496.12
3.780000 64 194 -2483.48
3.780000 64 195 -2530.35
3.780000 64 196 -2617.00
3.780000 64 197 -2799.37
3.780000 64 198 -2984.98
3.780000 64 199 -3119.29
