3.639000 48 0 27768.45
3.639000 48 1 21619.21
3.639000 48 2 17250.68
3.639000 48 3 13954.40
3.639000 48 4 11438.20
3.639000 48 5 9283.91
3.639000 48 6 7492.31
3.639000 48 7 5997.23
3.639000 48 8 4817.73
3.639000 48 9 3832.39
3.639000 48 10 3079.15
3.639000 48 11 2347.30
3.639000 48 12 1610.72
3.639000 48 13 1164.59
3.639000 48 14 777.58
3.639000 48 15 390.28
3.639000 48 16 127.16
3.639000 48 17 10.11
3.639000 48 18 -224.86
3.639000 48 19 -413.63
3.639000 48 20 -450.44
3.639000 48 21 -613.28
3.639000 48 22 -546.44
3.639000 48 23 -636.65
3.639000 48 24 -642.71
3.639000 48 25 -817.20
3.639000 48 26 -925.25
3.639000 48 27 -1141.53
3.639000 48 28 -1214.99
3.639000 48 29 -1021.48
3.639000 48 30 -850.37
3.639000 48 31 -938.62
3.639000 48 32 -852.42
3.639000 48 33 -954.33
3.639000 48 34 -1098.71
3.639000 48 35 -1343.58
3.639000 48 36 -1318.26
3.639000 48 37 -1287.29
3.639000 48 38 -1405.09
3.639000 48 39 -1308.97
3.639000 48 40 -1073.87
3.639000 48 41 -798.48
3.639000 48 42 -627.79
3.639000 48 43 -539.80
3.639000 48 44 -465.35
3.639000 48 45 -384.18
3.639000 48 46 -364.07
3.639000 48 47 -337.68
3.639000 48 48 -230.10
3.639000 48 49 -77.90
3.639000 48 50 243.10
3.639000 48 51 353.20
3.639000 48 52 445.15
3.639000 48 53 588.19
3.639000 48 54 836.78
3.639000 48 55 1121.31
3.639000 48 56 1226.12
3.639000 48 57 1163.73
3.639000 48 58 1072.93
3.639000 48 59 903.23
3.639000 48 60 847.90
3.639000 48 61 660.21
3.639000 48 62 428.87
3.639000 48 63 280.96
3.639000 48 64 309.36
3.639000 48 65 183.20
3.639000 48 66 -14.46
3.639000 48 67 -132.78
3.639000 48 68 -190.30
3.639000 48 69 -36.93
3.639000 48 70 139.73
3.639000 48 71 376.16
3.639000 48 72 537.62
3.639000 48 73 534.20
3.639000 48 74 330.29
3.639000 48 75 155.93
3.639000 48 76 175.35
3.639000 48 77 198.74
3.639000 48 78 252.90
3.639000 48 79 359.66
3.639000 48 80 367.97
3.639000 48 81 244.13
3.639000 48 82 222.38
3.639000 48 83 -3.78
3.639000 48 84 -62.98
3.639000 48 85 -199.94
3.639000 48 86 -222.42
3.639000 48 87 -197.31
3.639000 48 88 -460.38
3.639000 48 89 -805.19
3.639000 48 90 -1085.46
3.639000 48 91 -1324.47
3.639000 48 92 -1362.55
3.639000 48 93 -1483.36
3.639000 48 94 -1389.23
3.639000 48 95 -1291.21
3.639000 48 96 -1397.74
3.639000 48 97 -1469.26
3.639000 48 98 -1719.29
3.639000 48 99 -1759.65
3.639000 48 100 -2131.93
3.639000 48 101 -2179.44
3.639000 48 102 -2104.80
3.639000 48 103 -2114.71
3.639000 48 104 -2244.09
3.639000 48 105 -2440.30
3.639000 48 106 -2610.42
3.639000 48 107 -2778.07
3.639000 48 108 -2878.03
3.639000 48 109 -2910.47
3.639000 48 110 -2791.12
3.639000 48 111 -2679.74
3.639000 48 112 -2828.06
3.639000 48 113 -2834.60
3.639000 48 114 -2688.28
3.639000 48 115 -2782.22
3.639000 48 116 -2612.71
3.639000 48 117 -2491.23
3.639000 48 118 -2470.22
3.639000 48 119 -2399.32
3.639000 48 120 -2272.43
3.639000 48 121 -2077.84
3.639000 48 122 -2121.99
3.639000 48 123 -2447.83
3.639000 48 124 -2563.36
3.639000 48 125 -2652.93
3.639000 48 126 -2610.99
3.639000 48 127 -2508.02
3.639000 48 128 -2626.22
3.639000 48 129 -2849.80
3.639000 48 130 -3104.16
3.639000 48 131 -3305.83
3.639000 48 132 -3375.11
3.639000 48 133 -3401.31
3.639000 48 134 -3561.36
3.639000 48 135 -3588.27
3.639000 48 136 -3508.29
3.639000 48 137 -3452.14
3.639000 48 138 -3486.83
3.639000 48 139 -3669.06
3.639000 48 140 -3801.87
3.639000 48 141 -3861.83
3.639000 48 142 -3844.73
3.639000 48 143 -3845.90
3.639000 48 144 -3929.32
3.639000 48 145 -3927.87
3.639000 48 146 -3805.33
3.639000 48 147 -3726.85
3.639000 48 148 -3678.89
3.639000 48 149 -3797.09
3.639000 48 150 -3868.38
3.639000 48 151 -3988.01
3.639000 48 152 -4094.34
3.639000 48 153 -4019.81
3.639000 48 154 -3892.37
3.639000 48 155 -3912.07
3.639000 48 156 -3908.17
3.639000 48 157 -3981.37
3.639000 48 158 -4040.93
3.639000 48 159 -3878.65
3.639000 48 160 -3886.86
3.639000 48 161 -3895.78
3.639000 48 162 -3960.36
3.639000 48 163 -4032.90
3.639000 48 164 -4008.62
3.639000 48 165 -3858.24
3.639000 48 166 -3710.27
3.639000 48 167 -3678.70
3.639000 48 168 -3646.30
3.639000 48 169 -3622.85
3.639000 48 170 -3411.29
3.639000 48 171 -3143.26
3.639000 48 172 -3069.18
3.639000 48 173 -2908.68
3.639000 48 174 -2685.73
3.639000 48 175 -2409.60
3.639000 48 176 -2337.13
3.639000 48 177 -2573.22
3.639000 48 178 -2729.90
3.639000 48 179 -2756.68
3.639000 48 180 -2749.50
3.639000 48 181 -2809.77
3.639000 48 182 -3086.67
3.639000 48 183 -3016.86
3.639000 48 184 -2880.25
3.639000 48 185 -2777.34
3.639000 48 186 -2544.83
3.639000 48 187 -2534.49
3.639000 48 188 -2550.33
3.639000 48 189 -2405.15
3.639000 48 190 -2357.25
3.639000 48 191 -2062.07
3.639000 48 192 -2082.25
3.639000 48 193 -2102.47
3.639000 48 194 -2269.58
3.639000 48 195 -2478.93
3.639000 48 196 -2669.50
3.639000 48 197 -2763.22
3.639000 48 198 -2597.17
3.639000 48 199 -2458.85
