3.420000 24 0 7389.45
3.420000 24 1 3652.00
3.420000 24 2 1913.02
3.420000 24 3 1049.75
3.420000 24 4 601.70
3.420000 24 5 332.93
3.420000 24 6 235.60
3.420000 24 7 166.39
3.420000 24 8 132.65
3.420000 24 9 90.77
3.420000 24 10 32.97
3.420000 24 11 11.74
3.420000 24 12 35.16
3.420000 24 13 14.76
3.420000 24 14 19.67
3.420000 24 15 46.93
3.420000 24 16 50.22
3.420000 24 17 47.39
3.420000 24 18 47.05
3.420000 24 19 36.93
3.420000 24 20 28.15
3.420000 24 21 20.27
3.420000 24 22 26.03
3.420000 24 23 -27.41
3.420000 24 24 -40.93
3.420000 24 25 -35.96
3.420000 24 26  1.15
3.420000 24 27 14.89
3.420000 24 28 -1.58
3.420000 24 29 -21.92
3.420000 24 30 -24.76
3.420000 24 31 -38.76
3.420000 24 32 -18.30
3.420000 24 33 -33.75
3.420000 24 34 20.72
3.420000 24 35 21.36
3.420000 24 36 36.99
3.420000 24 37 -5.64
3.420000 24 38  9.45
3.420000 24 39  9.91
3.420000 24 40 -33.39
3.420000 24 41 -35.43
3.420000 24 42 -23.30
3.420000 24 43 32.14
3.420000 24 44 47.90
3.420000 24 45 42.70
3.420000 24 46 25.01
3.420000 24 47 -23.17
3.420000 24 48 -29.66
3.420000 24 49 -18.79
3.420000 24 50 35.23
3.420000 24 51 67.44
3.420000 24 52 94.04
3.420000 24 53 116.33
3.420000 24 54 119.82
3.420000 24 55 64.51
3.420000 24 56 42.84
3.420000 24 57 56.40
3.420000 24 58 63.38
3.420000 24 59 89.14
3.420000 24 60 81.43
3.420000 24 61 106.63
3.420000 24 62 82.49
3.420000 24 63 53.27
3.420000 24 64 13.07
3.420000 24 65  5.77
3.420000 24 66 -1.56
3.420000 24 67 -0.90
3.420000 24 68  4.89
3.420000 24 69 47.60
3.420000 24 70 60.12
3.420000 24 71 38.48
3.420000 24 72 34.19
3.420000 24 73 11.32
3.420000 24 74 19.95
3.420000 24 75 13.39
3.420000 24 76  3.64
3.420000 24 77 26.06
3.420000 24 78 15.17
3.420000 24 79  9.09
3.420000 24 80 -15.21
3.420000 24 81 -56.76
3.420000 24 82 -61.28
3.420000 24 83 -43.55
3.420000 24 84 -24.02
3.420000 24 85 -2.81
3.420000 24 86 -13.23
3.420000 24 87 -39.87
3.420000 24 88 -38.06
3.420000 24 89 -51.54
3.420000 24 90 -81.40
3.420000 24 91 -43.84
3.420000 24 92 -34.86
3.420000 24 93 -55.46
3.420000 24 94 -87.62
3.420000 24 95 -67.64
3.420000 24 96 -67.23
3.420000 24 97 -21.01
3.420000 24 98 -38.42
3.420000 24 99 -17.53
3.420000 24 100 -1.95
3.420000 24 101  2.35
3.420000 24 102  7.51
3.420000 24 103 -13.45
3.420000 24 104 -25.56
3.420000 24 105  2.30
3.420000 24 106 49.45
3.420000 24 107 53.29
3.420000 24 108 19.49
3.420000 24 109  6.36
3.420000 24 110  7.08
3.420000 24 111 -5.59
3.420000 24 112  8.72
3.420000 24 113 29.90
3.420000 24 114 42.78
3.420000 24 115 64.46
3.420000 24 116 96.61
3.420000 24 117 53.27
3.420000 24 118 51.28
3.420000 24 119 41.80
3.420000 24 120 10.36
3.420000 24 121 35.27
3.420000 24 122 33.66
3.420000 24 123 17.80
3.420000 24 124 -9.46
3.420000 24 125  1.81
3.420000 24 126  1.27
3.420000 24 127  4.70
3.420000 24 128 -22.36
3.420000 24 129 -1.84
3.420000 24 130 10.76
3.420000 24 131 -23.46
3.420000 24 132 -30.08
3.420000 24 133  6.14
3.420000 24 134 37.69
3.420000 24 135 22.06
3.420000 24 136 15.65
3.420000 24 137  2.69
3.420000 24 138  7.12
3.420000 24 139 26.42
3.420000 24 140 18.56
3.420000 24 141 29.62
3.420000 24 142 22.14
3.420000 24 143 34.80
3.420000 24 144 37.87
3.420000 24 145 47.59
3.420000 24 146 36.47
3.420000 24 147 36.57
3.420000 24 148 34.74
3.420000 24 149 58.50
3.420000 24 150 62.91
3.420000 24 151 46.47
3.420000 24 152 12.38
3.420000 24 153 18.80
3.420000 24 154 30.21
3.420000 24 155 50.63
3.420000 24 156 42.19
3.420000 24 157 25.08
3.420000 24 158 19.67
3.420000 24 159 27.53
3.420000 24 160 57.11
3.420000 24 161 77.52
3.420000 24 162 78.39
3.420000 24 163 70.23
3.420000 24 164 16.84
3.420000 24 165  6.34
3.420000 24 166 20.50
3.420000 24 167 42.45
3.420000 24 168 51.34
3.420000 24 169 39.32
3.420000 24 170 67.97
3.420000 24 171 56.74
3.420000 24 172 57.04
3.420000 24 173 60.03
3.420000 24 174 29.15
3.420000 24 175 37.93
3.420000 24 176 21.76
3.420000 24 177 12.61
3.420000 24 178 14.55
3.420000 24 179 19.28
3.420000 24 180  9.09
3.420000 24 181 21.03
3.420000 24 182 12.21
3.420000 24 183  3.08
3.420000 24 184 11.20
3.420000 24 185 59.89
3.420000 24 186 60.00
3.420000 24 187 23.85
3.420000 24 188 43.63
3.420000 24 189  9.48
3.420000 24 190 -6.26
3.420000 24 191 -23.46
3.420000 24 192 -10.72
3.420000 24 193 -11.07
3.420000 24 194 -7.43
3.420000 24 195 -11.99
3.420000 24 196 -3.68
3.420000 24 197  4.30
3.420000 24 198 10.10
3.420000 24 199 21.20
