3.460000 16 0 1593.81
3.460000 16 1 814.05
3.460000 16 2 445.15
3.460000 16 3 244.59
3.460000 16 4 159.79
3.460000 16 5 93.18
3.460000 16 6 68.26
3.460000 16 7 30.00
3.460000 16 8  2.73
3.460000 16 9 -6.63
3.460000 16 10 -17.78
3.460000 16 11 -4.83
3.460000 16 12 -11.85
3.460000 16 13 -19.61
3.460000 16 14 -28.65
3.460000 16 15 -28.40
3.460000 16 16 -22.52
3.460000 16 17 -44.69
3.460000 16 18 -46.65
3.460000 16 19 -33.27
3.460000 16 20 -26.10
3.460000 16 21 -12.66
3.460000 16 22 -15.48
3.460000 16 23 -26.00
3.460000 16 24 -41.42
3.460000 16 25 -63.09
3.460000 16 26 -59.02
3.460000 16 27 -55.50
3.460000 16 28 -58.72
3.460000 16 29 -50.49
3.460000 16 30 -54.41
3.460000 16 31 -57.43
3.460000 16 32 -61.32
3.460000 16 33 -16.67
3.460000 16 34 -10.41
3.460000 16 35 -7.68
3.460000 16 36  2.85
3.460000 16 37  0.43
3.460000 16 38 -17.79
3.460000 16 39 -7.33
3.460000 16 40 -24.75
3.460000 16 41 -50.94
3.460000 16 42 -53.37
3.460000 16 43 -31.85
3.460000 16 44 -27.28
3.460000 16 45 -9.58
3.460000 16 46 -20.73
3.460000 16 47 -12.24
3.460000 16 48 -1.74
3.460000 16 49 14.20
3.460000 16 50 45.30
3.460000 16 51 42.99
3.460000 16 52 48.14
3.460000 16 53 52.57
3.460000 16 54 53.71
3.460000 16 55 40.63
3.460000 16 56 25.64
3.460000 16 57 29.16
3.460000 16 58 13.29
3.460000 16 59  3.72
3.460000 16 60  1.20
3.460000 16 61  3.96
3.460000 16 62 12.64
3.460000 16 63 39.51
3.460000 16 64 25.87
3.460000 16 65 15.78
3.460000 16 66 -6.35
3.460000 16 67 -3.22
3.460000 16 68 -5.32
3.460000 16 69 -9.32
3.460000 16 70  9.96
3.460000 16 71 -0.41
3.460000 16 72 14.79
3.460000 16 73 14.95
3.460000 16 74  6.40
3.460000 16 75 -13.42
3.460000 16 76 -16.39
3.460000 16 77 -15.27
3.460000 16 78 -17.91
3.460000 16 79 -13.05
3.460000 16 80 -7.29
3.460000 16 81 -13.17
3.460000 16 82 -13.44
3.460000 16 83 -9.48
3.460000 16 84 -0.73
3.460000 16 85 13.65
3.460000 16 86 15.39
3.460000 16 87 17.43
3.460000 16 88 41.52
3.460000 16 89 34.25
3.460000 16 90 25.39
3.460000 16 91 15.47
3.460000 16 92  5.17
3.460000 16 93 16.49
3.460000 16 94 16.83
3.460000 16 95  9.95
3.460000 16 96 -9.38
3.460000 16 97 -11.36
3.460000 16 98 -1.88
3.460000 16 99  4.24
3.460000 16 100 13.40
3.460000 16 101  6.82
3.460000 16 102 23.12
3.460000 16 103 30.53
3.460000 16 104 24.81
3.460000 16 105 22.97
3.460000 16 106 14.52
3.460000 16 107 17.56
3.460000 16 108 23.93
3.460000 16 109  3.23
3.460000 16 110 -16.23
3.460000 16 111 -8.04
3.460000 16 112 -5.50
3.460000 16 113  0.31
3.460000 16 114 -1.51
3.460000 16 115  5.49
3.460000 16 116 19.89
3.460000 16 117 18.98
3.460000 16 118 27.62
3.460000 16 119 29.48
3.460000 16 120 29.14
3.460000 16 121 13.89
3.460000 16 122 27.25
3.460000 16 123 29.62
3.460000 16 124 22.36
3.460000 16 125 19.24
3.460000 16 126  8.64
3.460000 16 127 -5.65
3.460000 16 128 -19.70
3.460000 16 129 -30.88
3.460000 16 130 -32.17
3.460000 16 131 -30.66
3.460000 16 132 -25.87
3.460000 16 133 -4.41
3.460000 16 134 -1.69
3.460000 16 135 10.23
3.460000 16 136 -8.50
3.460000 16 137 -13.19
3.460000 16 138 -21.99
3.460000 16 139 -48.32
3.460000 16 140 -44.42
3.460000 16 141 -19.88
3.460000 16 142  3.05
3.460000 16 143 -12.03
3.460000 16 144 -37.29
3.460000 16 145 -36.86
3.460000 16 146 -40.06
3.460000 16 147 -39.18
3.460000 16 148 -43.22
3.460000 16 149 -19.84
3.460000 16 150 -9.29
3.460000 16 151 -22.51
3.460000 16 152 -11.25
3.460000 16 153  2.87
3.460000 16 154  5.67
3.460000 16 155 20.66
3.460000 16 156 31.50
3.460000 16 157 35.24
3.460000 16 158 36.36
3.460000 16 159 23.98
3.460000 16 160 -12.36
3.460000 16 161 -29.26
3.460000 16 162 -10.40
3.460000 16 163 -22.97
3.460000 16 164 -47.44
3.460000 16 165 -53.01
3.460000 16 166 -50.98
3.460000 16 167 -64.21
3.460000 16 168 -66.46
3.460000 16 169 -54.57
3.460000 16 170 -45.49
3.460000 16 171 -45.95
3.460000 16 172 -49.71
3.460000 16 173 -45.27
3.460000 16 174 -52.17
3.460000 16 175 -50.38
3.460000 16 176 -45.88
3.460000 16 177 -48.99
3.460000 16 178 -61.81
3.460000 16 179 -41.48
3.460000 16 180 -17.27
3.460000 16 181 -8.75
3.460000 16 182 -18.91
3.460000 16 183 -37.24
3.460000 16 184 -54.56
3.460000 16 185 -53.20
3.460000 16 186 -60.72
3.460000 16 187 -60.01
3.460000 16 188 -86.78
3.460000 16 189 -93.78
3.460000 16 190 -102.20
3.460000 16 191 -95.89
3.460000 16 192 -85.20
3.460000 16 193 -70.03
3.460000 16 194 -76.05
3.460000 16 195 -94.14
3.460000 16 196 -107.28
3.460000 16 197 -112.86
3.460000 16 198 -77.64
3.460000 16 199 -46.89
