3.520000 128 0 281332.44
3.520000 128 1 169528.28
3.520000 128 2 104681.62
3.520000 128 3 65886.27
3.520000 128 4 41698.98
3.520000 128 5 26949.55
3.520000 128 6 18207.90
3.520000 128 7 12211.71
3.520000 128 8 8415.34
3.520000 128 9 5354.75
3.520000 128 10 2542.74
3.520000 128 11 739.30
3.520000 128 12 1046.47
3.520000 128 13 1679.93
3.520000 128 14 1166.21
3.520000 128 15 1190.44
3.520000 128 16 1239.04
3.520000 128 17 -27.82
3.520000 128 18 223.96
3.520000 128 19 657.83
3.520000 128 20 267.94
3.520000 128 21 -682.55
3.520000 128 22 -2534.65
3.520000 128 23 -3171.17
3.520000 128 24 -3817.97
3.520000 128 25 -3188.67
3.520000 128 26 -3292.31
3.520000 128 27 -3588.47
3.520000 128 28 -2558.28
3.520000 128 29 -2100.45
3.520000 128 30 -2030.31
3.520000 128 31 -1221.44
3.520000 128 32 93.64
3.520000 128 33 415.40
3.520000 128 34 -62.69
3.520000 128 35 154.55
3.520000 128 36 253.41
3.520000 128 37 394.59
3.520000 128 38 783.27
3.520000 128 39 1528.12
3.520000 128 40 1609.91
3.520000 128 41 2392.88
3.520000 128 42 1990.70
3.520000 128 43 829.34
3.520000 128 44 258.26
3.520000 128 45 466.99
3.520000 128 46 436.28
3.520000 128 47 675.83
3.520000 128 48 1700.82
3.520000 128 49 2157.42
3.520000 128 50 1015.96
3.520000 128 51 716.65
3.520000 128 52 1691.54
3.520000 128 53 2041.38
3.520000 128 54 1169.19
3.520000 128 55 334.34
3.520000 128 56 427.93
3.520000 128 57 856.59
3.520000 128 58 887.85
3.520000 128 59 1482.55
3.520000 128 60 2302.79
3.520000 128 61 3365.83
3.520000 128 62 3381.59
3.520000 128 63 2436.83
3.520000 128 64 1178.43
3.520000 128 65 706.54
3.520000 128 66 1315.50
3.520000 128 67 628.70
3.520000 128 68 1085.72
3.520000 128 69 637.47
3.520000 128 70 73.89
3.520000 128 71 535.35
3.520000 128 72 583.04
3.520000 128 73 1068.46
3.520000 128 74 447.94
3.520000 128 75 372.49
3.520000 128 76 -492.06
3.520000 128 77 -2055.96
3.520000 128 78 -2182.80
3.520000 128 79 -762.43
3.520000 128 80 -1023.01
3.520000 128 81 -709.83
3.520000 128 82 -829.88
3.520000 128 83 -949.20
3.520000 128 84 205.68
3.520000 128 85 -22.12
3.520000 128 86 -1055.51
3.520000 128 87 -2390.67
3.520000 128 88 -2109.40
3.520000 128 89 -1704.35
3.520000 128 90 -3688.69
3.520000 128 91 -4141.23
3.520000 128 92 -3927.90
3.520000 128 93 -3690.22
3.520000 128 94 -3310.35
3.520000 128 95 -2268.33
3.520000 128 96 -1786.08
3.520000 128 97 -1988.41
3.520000 128 98 -2820.58
3.520000 128 99 -3074.04
3.520000 128 100 -3566.41
3.520000 128 101 -4614.92
3.520000 128 102 -4137.87
3.520000 128 103 -4042.81
3.520000 128 104 -4824.64
3.520000 128 105 -4050.95
3.520000 128 106 -3799.78
3.520000 128 107 -3483.81
3.520000 128 108 -2413.91
3.520000 128 109 -1471.43
3.520000 128 110 -1786.91
3.520000 128 111 -2333.47
3.520000 128 112 -3745.05
3.520000 128 113 -4304.15
3.520000 128 114 -3994.37
3.520000 128 115 -3538.32
3.520000 128 116 -3750.00
3.520000 128 117 -3462.45
3.520000 128 118 -3496.29
3.520000 128 119 -3336.09
3.520000 128 120 -4582.06
3.520000 128 121 -5785.75
3.520000 128 122 -6181.56
3.520000 128 123 -6296.63
3.520000 128 124 -6671.78
3.520000 128 125 -7319.04
3.520000 128 126 -7980.33
3.520000 128 127 -7802.98
3.520000 128 128 -7347.74
3.520000 128 129 -6796.97
3.520000 128 130 -6265.02
3.520000 128 131 -6121.28
3.520000 128 132 -6296.58
3.520000 128 133 -6433.40
3.520000 128 134 -5707.59
3.520000 128 135 -4957.09
3.520000 128 136 -4919.80
3.520000 128 137 -3940.15
3.520000 128 138 -2719.34
3.520000 128 139 -2895.14
3.520000 128 140 -3107.52
3.520000 128 141 -3297.30
3.520000 128 142 -3430.33
3.520000 128 143 -4337.45
3.520000 128 144 -4340.18
3.520000 128 145 -4890.44
3.520000 128 146 -4902.97
3.520000 128 147 -5878.45
3.520000 128 148 -5693.37
3.520000 128 149 -4322.91
3.520000 128 150 -2383.46
3.520000 128 151 -2316.46
3.520000 128 152 -2028.92
3.520000 128 153 -1792.40
3.520000 128 154 -2642.36
3.520000 128 155 -2650.85
3.520000 128 156 -2403.04
3.520000 128 157 -3150.04
3.520000 128 158 -4665.24
3.520000 128 159 -4901.93
3.520000 128 160 -6439.82
3.520000 128 161 -6840.78
3.520000 128 162 -5901.03
3.520000 128 163 -5063.64
3.520000 128 164 -5205.31
3.520000 128 165 -5483.90
3.520000 128 166 -5019.17
3.520000 128 167 -5105.07
3.520000 128 168 -3989.03
3.520000 128 169 -3581.38
3.520000 128 170 -4187.68
3.520000 128 171 -4777.54
3.520000 128 172 -3913.19
3.520000 128 173 -3733.82
3.520000 128 174 -4131.87
3.520000 128 175 -4212.96
3.520000 128 176 -5001.32
3.520000 128 177 -6070.42
3.520000 128 178 -6473.35
3.520000 128 179 -6949.60
3.520000 128 180 -6775.82
3.520000 128 181 -6650.48
3.520000 128 182 -6087.50
3.520000 128 183 -6408.03
3.520000 128 184 -5631.58
3.520000 128 185 -5960.30
3.520000 128 186 -6169.26
3.520000 128 187 -5554.34
3.520000 128 188 -4522.11
3.520000 128 189 -3225.62
3.520000 128 190 -935.03
3.520000 128 191 204.09
3.520000 128 192 -41.55
3.520000 128 193 -759.18
3.520000 128 194 -1842.53
3.520000 128 195 -2772.23
3.520000 128 196 -3497.23
3.520000 128 197 -3503.79
3.520000 128 198 -3151.49
3.520000 128 199 -3972.74
