3.600000 64 0 43454.59
3.600000 64 1 31512.56
3.600000 64 2 23259.60
3.600000 64 3 17243.57
3.600000 64 4 12994.05
3.600000 64 5 10199.65
3.600000 64 6 8213.79
3.600000 64 7 6312.94
3.600000 64 8 4676.23
3.600000 64 9 3099.40
3.600000 64 10 2073.29
3.600000 64 11 923.12
3.600000 64 12 -404.18
3.600000 64 13 -988.88
3.600000 64 14 -1570.27
3.600000 64 15 -2427.63
3.600000 64 16 -2829.83
3.600000 64 17 -3253.46
3.600000 64 18 -3664.41
3.600000 64 19 -3986.83
3.600000 64 20 -4527.40
3.600000 64 21 -4333.46
3.600000 64 22 -4561.10
3.600000 64 23 -4435.66
3.600000 64 24 -4479.19
3.600000 64 25 -4238.61
3.600000 64 26 -3951.61
3.600000 64 27 -3689.93
3.600000 64 28 -3701.05
3.600000 64 29 -3876.50
3.600000 64 30 -4012.07
3.600000 64 31 -4164.59
3.600000 64 32 -3819.21
3.600000 64 33 -3366.58
3.600000 64 34 -3167.06
3.600000 64 35 -2976.40
3.600000 64 36 -2907.75
3.600000 64 37 -2856.57
3.600000 64 38 -2789.80
3.600000 64 39 -2516.61
3.600000 64 40 -2163.34
3.600000 64 41 -2104.08
3.600000 64 42 -2204.57
3.600000 64 43 -2167.28
3.600000 64 44 -2239.17
3.600000 64 45 -2322.33
3.600000 64 46 -2007.83
3.600000 64 47 -1486.62
3.600000 64 48 -873.15
3.600000 64 49 -654.77
3.600000 64 50 -631.29
3.600000 64 51 -1263.33
3.600000 64 52 -1788.07
3.600000 64 53 -2110.51
3.600000 64 54 -2307.94
3.600000 64 55 -2331.02
3.600000 64 56 -2011.64
3.600000 64 57 -1661.85
3.600000 64 58 -1426.66
3.600000 64 59 -1223.12
3.600000 64 60 -1525.78
3.600000 64 61 -1763.02
3.600000 64 62 -1683.69
3.600000 64 63 -1481.24
3.600000 64 64 -1262.41
3.600000 64 65 -1336.06
3.600000 64 66 -1402.97
3.600000 64 67 -1443.40
3.600000 64 68 -1479.92
3.600000 64 69 -1757.60
3.600000 64 70 -2252.12
3.600000 64 71 -2485.89
3.600000 64 72 -2784.09
3.600000 64 73 -3257.01
3.600000 64 74 -3773.48
3.600000 64 75 -4528.09
3.600000 64 76 -4760.39
3.600000 64 77 -5118.05
3.600000 64 78 -5512.42
3.600000 64 79 -6017.02
3.600000 64 80 -6522.74
3.600000 64 81 -6621.25
3.600000 64 82 -6787.37
3.600000 64 83 -6993.12
3.600000 64 84 -6880.33
3.600000 64 85 -6875.63
3.600000 64 86 -7194.03
3.600000 64 87 -7094.25
3.600000 64 88 -6969.64
3.600000 64 89 -6683.30
3.600000 64 90 -6301.83
3.600000 64 91 -5953.91
3.600000 64 92 -5947.56
3.600000 64 93 -6090.82
3.600000 64 94 -6653.86
3.600000 64 95 -7155.04
3.600000 64 96 -7355.18
3.600000 64 97 -7142.76
3.600000 64 98 -7391.20
3.600000 64 99 -7375.49
3.600000 64 100 -7225.77
3.600000 64 101 -7429.46
3.600000 64 102 -8193.40
3.600000 64 103 -8604.72
3.600000 64 104 -9227.86
3.600000 64 105 -9864.38
3.600000 64 106 -10442.16
3.600000 64 107 -11057.07
3.600000 64 108 -11719.71
3.600000 64 109 -12169.92
3.600000 64 110 -12421.72
3.600000 64 111 -12582.26
3.600000 64 112 -12469.61
3.600000 64 113 -12417.67
3.600000 64 114 -12161.42
3.600000 64 115 -12088.57
3.600000 64 116 -12196.72
3.600000 64 117 -12148.61
3.600000 64 118 -11868.56
3.600000 64 119 -11835.64
3.600000 64 120 -11957.89
3.600000 64 121 -12073.10
3.600000 64 122 -12102.75
3.600000 64 123 -12123.64
3.600000 64 124 -11985.53
3.600000 64 125 -11884.86
3.600000 64 126 -11558.93
3.600000 64 127 -11184.10
3.600000 64 128 -11013.08
3.600000 64 129 -10673.42
3.600000 64 130 -10174.75
3.600000 64 131 -9768.85
3.600000 64 132 -9427.36
3.600000 64 133 -9213.28
3.600000 64 134 -8913.15
3.600000 64 135 -8437.28
3.600000 64 136 -7856.58
3.600000 64 137 -7381.48
3.600000 64 138 -7164.27
3.600000 64 139 -7160.97
3.600000 64 140 -7417.92
3.600000 64 141 -7679.98
3.600000 64 142 -8355.27
3.600000 64 143 -8975.22
3.600000 64 144 -9437.16
3.600000 64 145 -9339.85
3.600000 64 146 -9114.32
3.600000 64 147 -8823.12
3.600000 64 148 -7986.45
3.600000 64 149 -7663.80
3.600000 64 150 -7281.54
3.600000 64 151 -7065.59
3.600000 64 152 -6912.31
3.600000 64 153 -6836.27
3.600000 64 154 -6673.79
3.600000 64 155 -6333.19
3.600000 64 156 -6279.42
3.600000 64 157 -5796.04
3.600000 64 158 -5365.55
3.600000 64 159 -5458.80
3.600000 64 160 -5712.19
3.600000 64 161 -5704.09
3.600000 64 162 -5811.78
3.600000 64 163 -5879.77
3.600000 64 164 -5789.72
3.600000 64 165 -5932.58
3.600000 64 166 -5809.23
3.600000 64 167 -5827.30
3.600000 64 168 -5701.81
3.600000 64 169 -5760.12
3.600000 64 170 -5642.79
3.600000 64 171 -6029.75
3.600000 64 172 -6373.19
3.600000 64 173 -6771.15
3.600000 64 174 -6941.82
3.600000 64 175 -7268.74
3.600000 64 176 -7792.01
3.600000 64 177 -7767.61
3.600000 64 178 -7815.80
3.600000 64 179 -8111.91
3.600000 64 180 -8119.24
3.600000 64 181 -7838.98
3.600000 64 182 -8183.88
3.600000 64 183 -8052.90
3.600000 64 184 -7952.03
3.600000 64 185 -7491.77
3.600000 64 186 -7240.04
3.600000 64 187 -7068.08
3.600000 64 188 -6798.33
3.600000 64 189 -6897.85
3.600000 64 190 -7085.19
3.600000 64 191 -7061.53
3.600000 64 192 -6747.76
3.600000 64 193 -6389.97
3.600000 64 194 -6266.94
3.600000 64 195 -6193.43
3.600000 64 196 -5863.34
3.600000 64 197 -5525.13
3.600000 64 198 -5689.04
3.600000 64 199 -5835.06
