3.460000 48 0 32756.80
3.460000 48 1 17422.42
3.460000 48 2 9495.71
3.460000 48 3 5326.74
3.460000 48 4 2898.31
3.460000 48 5 1639.95
3.460000 48 6 1051.00
3.460000 48 7 688.20
3.460000 48 8 522.44
3.460000 48 9 359.00
3.460000 48 10 367.58
3.460000 48 11 301.61
3.460000 48 12 279.35
3.460000 48 13 331.80
3.460000 48 14 397.97
3.460000 48 15 430.25
3.460000 48 16 386.07
3.460000 48 17 272.21
3.460000 48 18 324.17
3.460000 48 19 296.13
3.460000 48 20 334.58
3.460000 48 21 401.64
3.460000 48 22 412.12
3.460000 48 23 473.27
3.460000 48 24 383.30
3.460000 48 25 342.15
3.460000 48 26 365.53
3.460000 48 27 160.91
3.460000 48 28 136.05
3.460000 48 29 123.66
3.460000 48 30 91.03
3.460000 48 31 95.31
3.460000 48 32 226.56
3.460000 48 33 441.70
3.460000 48 34 509.53
3.460000 48 35 501.32
3.460000 48 36 545.61
3.460000 48 37 456.21
3.460000 48 38 214.84
3.460000 48 39 167.44
3.460000 48 40 320.18
3.460000 48 41 392.91
3.460000 48 42 377.26
3.460000 48 43 321.27
3.460000 48 44 342.05
3.460000 48 45 359.10
3.460000 48 46 263.26
3.460000 48 47 157.65
3.460000 48 48 131.69
3.460000 48 49 44.61
3.460000 48 50 71.89
3.460000 48 51 -8.07
3.460000 48 52 65.22
3.460000 48 53 156.02
3.460000 48 54 353.07
3.460000 48 55 306.86
3.460000 48 56 202.84
3.460000 48 57 259.79
3.460000 48 58 144.23
3.460000 48 59 145.35
3.460000 48 60 103.56
3.460000 48 61  8.71
3.460000 48 62 99.85
3.460000 48 63 195.54
3.460000 48 64 244.39
3.460000 48 65 354.14
3.460000 48 66 187.69
3.460000 48 67 205.64
3.460000 48 68 243.89
3.460000 48 69 272.48
3.460000 48 70 343.03
3.460000 48 71 335.95
3.460000 48 72 287.51
3.460000 48 73 344.33
3.460000 48 74 315.14
3.460000 48 75 314.60
3.460000 48 76 243.19
3.460000 48 77 210.36
3.460000 48 78 110.57
3.460000 48 79 81.79
3.460000 48 80 99.93
3.460000 48 81 65.07
3.460000 48 82 163.27
3.460000 48 83 161.17
3.460000 48 84 117.20
3.460000 48 85 83.09
3.460000 48 86 178.49
3.460000 48 87 245.64
3.460000 48 88 174.34
3.460000 48 89 209.60
3.460000 48 90 302.16
3.460000 48 91 250.18
3.460000 48 92 244.79
3.460000 48 93 352.04
3.460000 48 94 317.98
3.460000 48 95 186.20
3.460000 48 96 189.86
3.460000 48 97 184.51
3.460000 48 98 145.20
3.460000 48 99 -28.21
3.460000 48 100 26.32
3.460000 48 101 92.58
3.460000 48 102 282.46
3.460000 48 103 214.32
3.460000 48 104 120.45
3.460000 48 105 -88.45
3.460000 48 106 -69.03
3.460000 48 107 -65.93
3.460000 48 108 107.48
3.460000 48 109 100.90
3.460000 48 110 77.91
3.460000 48 111 71.28
3.460000 48 112 44.75
3.460000 48 113 26.47
3.460000 48 114 80.70
3.460000 48 115 126.76
3.460000 48 116 112.95
3.460000 48 117 52.12
3.460000 48 118 102.68
3.460000 48 119 183.61
3.460000 48 120 386.71
3.460000 48 121 384.93
3.460000 48 122 415.61
3.460000 48 123 388.67
3.460000 48 124 476.07
3.460000 48 125 450.70
3.460000 48 126 375.29
3.460000 48 127 341.09
3.460000 48 128 332.84
3.460000 48 129 279.00
3.460000 48 130 265.24
3.460000 48 131 268.87
3.460000 48 132 363.50
3.460000 48 133 419.49
3.460000 48 134 365.12
3.460000 48 135 326.86
3.460000 48 136 409.27
3.460000 48 137 473.48
3.460000 48 138 389.20
3.460000 48 139 296.33
3.460000 48 140 264.91
3.460000 48 141 235.37
3.460000 48 142 392.72
3.460000 48 143 414.55
3.460000 48 144 379.18
3.460000 48 145 516.25
3.460000 48 146 426.09
3.460000 48 147 482.12
3.460000 48 148 495.13
3.460000 48 149 535.47
3.460000 48 150 596.47
3.460000 48 151 587.35
3.460000 48 152 547.21
3.460000 48 153 601.63
3.460000 48 154 589.20
3.460000 48 155 656.23
3.460000 48 156 724.89
3.460000 48 157 710.70
3.460000 48 158 584.71
3.460000 48 159 536.17
3.460000 48 160 365.97
3.460000 48 161 405.01
3.460000 48 162 447.36
3.460000 48 163 565.26
3.460000 48 164 535.01
3.460000 48 165 377.56
3.460000 48 166 336.78
3.460000 48 167 419.05
3.460000 48 168 439.23
3.460000 48 169 524.18
3.460000 48 170 519.76
3.460000 48 171 541.41
3.460000 48 172 504.52
3.460000 48 173 579.01
3.460000 48 174 609.85
3.460000 48 175 543.87
3.460000 48 176 549.92
3.460000 48 177 614.32
3.460000 48 178 683.98
3.460000 48 179 524.28
3.460000 48 180 497.84
3.460000 48 181 599.92
3.460000 48 182 673.23
3.460000 48 183 742.16
3.460000 48 184 778.94
3.460000 48 185 775.76
3.460000 48 186 773.52
3.460000 48 187 574.51
3.460000 48 188 519.12
3.460000 48 189 616.53
3.460000 48 190 589.06
3.460000 48 191 704.00
3.460000 48 192 660.75
3.460000 48 193 566.26
3.460000 48 194 416.20
3.460000 48 195 399.69
3.460000 48 196 500.78
3.460000 48 197 503.48
3.460000 48 198 456.96
3.460000 48 199 288.30
