2.290000 64 0 46952.11
2.290000 64 1 40351.80
2.290000 64 2 34993.19
2.290000 64 3 30447.86
2.290000 64 4 26660.86
2.290000 64 5 23377.14
2.290000 64 6 20750.61
2.290000 64 7 18556.94
2.290000 64 8 16633.61
2.290000 64 9 14700.76
2.290000 64 10 13070.06
2.290000 64 11 11681.88
2.290000 64 12 10405.15
2.290000 64 13 9036.20
2.290000 64 14 7747.99
2.290000 64 15 6864.16
2.290000 64 16 6114.83
2.290000 64 17 5723.22
2.290000 64 18 5109.44
2.290000 64 19 4504.91
2.290000 64 20 3808.83
2.290000 64 21 3366.03
2.290000 64 22 3011.73
2.290000 64 23 2865.69
2.290000 64 24 2715.61
2.290000 64 25 2746.65
2.290000 64 26 2759.47
2.290000 64 27 2671.80
2.290000 64 28 2578.34
2.290000 64 29 2560.54
2.290000 64 30 2451.30
2.290000 64 31 2774.51
2.290000 64 32 2772.50
2.290000 64 33 2930.00
2.290000 64 34 3017.08
2.290000 64 35 3031.50
2.290000 64 36 3082.16
2.290000 64 37 3084.85
2.290000 64 38 3169.62
2.290000 64 39 3169.82
2.290000 64 40 3143.96
2.290000 64 41 3212.36
2.290000 64 42 3120.82
2.290000 64 43 3264.77
2.290000 64 44 3622.27
2.290000 64 45 4038.35
2.290000 64 46 4168.17
2.290000 64 47 4211.37
2.290000 64 48 4104.63
2.290000 64 49 4128.19
2.290000 64 50 4062.50
2.290000 64 51 4327.36
2.290000 64 52 4613.58
2.290000 64 53 4566.95
2.290000 64 54 4343.30
2.290000 64 55 4216.28
2.290000 64 56 3808.56
2.290000 64 57 3673.90
2.290000 64 58 3519.89
2.290000 64 59 3629.89
2.290000 64 60 3604.74
2.290000 64 61 3735.40
2.290000 64 62 3914.64
2.290000 64 63 3936.90
2.290000 64 64 3906.07
2.290000 64 65 3882.45
2.290000 64 66 3703.49
2.290000 64 67 3619.34
2.290000 64 68 3653.86
2.290000 64 69 3827.51
2.290000 64 70 4219.88
2.290000 64 71 4618.21
2.290000 64 72 4836.88
2.290000 64 73 4789.59
2.290000 64 74 4857.58
2.290000 64 75 4918.41
2.290000 64 76 4762.30
2.290000 64 77 4539.61
2.290000 64 78 4391.76
2.290000 64 79 4301.94
2.290000 64 80 4322.45
2.290000 64 81 4395.66
2.290000 64 82 4446.56
2.290000 64 83 4821.23
2.290000 64 84 5186.41
2.290000 64 85 5454.99
2.290000 64 86 5828.75
2.290000 64 87 6073.84
2.290000 64 88 6255.75
2.290000 64 89 6381.53
2.290000 64 90 6403.43
2.290000 64 91 6297.36
2.290000 64 92 6287.86
2.290000 64 93 6433.33
2.290000 64 94 6505.25
2.290000 64 95 6768.31
2.290000 64 96 6910.83
2.290000 64 97 6817.85
2.290000 64 98 6962.50
2.290000 64 99 7312.34
2.290000 64 100 7473.30
2.290000 64 101 7614.89
2.290000 64 102 7957.29
2.290000 64 103 8277.73
2.290000 64 104 8617.22
2.290000 64 105 8582.53
2.290000 64 106 8541.69
2.290000 64 107 8514.32
2.290000 64 108 8265.08
2.290000 64 109 8092.30
2.290000 64 110 8038.84
2.290000 64 111 7993.16
2.290000 64 112 8069.33
2.290000 64 113 8179.58
2.290000 64 114 8196.51
2.290000 64 115 8097.95
2.290000 64 116 7918.01
2.290000 64 117 7584.68
2.290000 64 118 7163.99
2.290000 64 119 6671.88
2.290000 64 120 6265.56
2.290000 64 121 6037.69
2.290000 64 122 5974.35
2.290000 64 123 5873.05
2.290000 64 124 5612.65
2.290000 64 125 5315.82
2.290000 64 126 5104.58
2.290000 64 127 5027.77
2.290000 64 128 4991.17
2.290000 64 129 5057.76
2.290000 64 130 5052.90
2.290000 64 131 4814.69
2.290000 64 132 4597.61
2.290000 64 133 4495.76
2.290000 64 134 4284.81
2.290000 64 135 4544.70
2.290000 64 136 4736.58
2.290000 64 137 5213.83
2.290000 64 138 5591.09
2.290000 64 139 5934.46
2.290000 64 140 6069.04
2.290000 64 141 5833.27
2.290000 64 142 5639.22
2.290000 64 143 5303.00
2.290000 64 144 4920.78
2.290000 64 145 4391.39
2.290000 64 146 3888.75
2.290000 64 147 3586.89
2.290000 64 148 3551.27
2.290000 64 149 3425.01
2.290000 64 150 3426.46
2.290000 64 151 3624.77
2.290000 64 152 3716.13
2.290000 64 153 3745.62
2.290000 64 154 3915.12
2.290000 64 155 3979.46
2.290000 64 156 4002.31
2.290000 64 157 4055.80
2.290000 64 158 4188.83
2.290000 64 159 4332.35
2.290000 64 160 4401.07
2.290000 64 161 4556.72
2.290000 64 162 4730.61
2.290000 64 163 4753.12
2.290000 64 164 4845.61
2.290000 64 165 4841.74
2.290000 64 166 4670.58
2.290000 64 167 4399.19
2.290000 64 168 4167.67
2.290000 64 169 3942.40
2.290000 64 170 3882.38
2.290000 64 171 3851.40
2.290000 64 172 3395.43
2.290000 64 173 3200.74
2.290000 64 174 3095.52
2.290000 64 175 2951.56
2.290000 64 176 2670.99
2.290000 64 177 2661.66
2.290000 64 178 2538.91
2.290000 64 179 2295.38
2.290000 64 180 1796.93
2.290000 64 181 1354.36
2.290000 64 182 1047.32
2.290000 64 183 711.44
2.290000 64 184 572.91
2.290000 64 185 705.52
2.290000 64 186 1108.34
2.290000 64 187 1320.01
2.290000 64 188 1550.75
2.290000 64 189 1969.25
2.290000 64 190 2446.14
2.290000 64 191 2947.41
2.290000 64 192 3321.31
2.290000 64 193 3545.96
2.290000 64 194 3654.42
2.290000 64 195 3773.57
2.290000 64 196 3934.63
2.290000 64 197 3806.60
2.290000 64 198 3504.35
2.290000 64 199 3443.91
