3.580000 16 0 2054.39
3.580000 16 1 1257.12
3.580000 16 2 796.16
3.580000 16 3 515.26
3.580000 16 4 325.91
3.580000 16 5 225.92
3.580000 16 6 192.52
3.580000 16 7 145.71
3.580000 16 8 111.27
3.580000 16 9 77.20
3.580000 16 10 39.32
3.580000 16 11 32.10
3.580000 16 12 26.71
3.580000 16 13 -8.73
3.580000 16 14 -26.13
3.580000 16 15 -47.34
3.580000 16 16 -77.70
3.580000 16 17 -80.40
3.580000 16 18 -65.42
3.580000 16 19 -46.18
3.580000 16 20 -19.57
3.580000 16 21 -1.75
3.580000 16 22  1.54
3.580000 16 23  5.14
3.580000 16 24  9.01
3.580000 16 25 10.81
3.580000 16 26 22.98
3.580000 16 27 15.30
3.580000 16 28 12.97
3.580000 16 29 13.81
3.580000 16 30 -5.91
3.580000 16 31 -24.23
3.580000 16 32 -17.88
3.580000 16 33 -26.18
3.580000 16 34 -36.61
3.580000 16 35  3.50
3.580000 16 36 19.85
3.580000 16 37  5.88
3.580000 16 38  7.84
3.580000 16 39 22.28
3.580000 16 40 22.19
3.580000 16 41  7.60
3.580000 16 42 -3.93
3.580000 16 43  0.37
3.580000 16 44 11.76
3.580000 16 45 28.93
3.580000 16 46 28.49
3.580000 16 47 34.55
3.580000 16 48 14.57
3.580000 16 49 -2.18
3.580000 16 50 -23.89
3.580000 16 51 -20.33
3.580000 16 52 -28.32
3.580000 16 53 -41.61
3.580000 16 54 -51.09
3.580000 16 55 -23.64
3.580000 16 56 -20.09
3.580000 16 57 -22.22
3.580000 16 58 -24.76
3.580000 16 59 -39.42
3.580000 16 60 -46.10
3.580000 16 61 -42.91
3.580000 16 62 -50.99
3.580000 16 63 -40.49
3.580000 16 64 -56.90
3.580000 16 65 -61.44
3.580000 16 66 -76.08
3.580000 16 67 -92.48
3.580000 16 68 -98.72
3.580000 16 69 -96.75
3.580000 16 70 -89.69
3.580000 16 71 -73.21
3.580000 16 72 -54.41
3.580000 16 73 -40.96
3.580000 16 74 -24.00
3.580000 16 75 -15.89
3.580000 16 76 -8.28
3.580000 16 77 -3.86
3.580000 16 78  4.47
3.580000 16 79 19.56
3.580000 16 80 22.19
3.580000 16 81  5.53
3.580000 16 82  3.60
3.580000 16 83 -6.29
3.580000 16 84 -16.43
3.580000 16 85 -8.73
3.580000 16 86 16.02
3.580000 16 87 33.33
3.580000 16 88 32.54
3.580000 16 89 20.23
3.580000 16 90 15.41
3.580000 16 91 -0.25
3.580000 16 92 -39.86
3.580000 16 93 -51.62
3.580000 16 94 -63.33
3.580000 16 95 -62.95
3.580000 16 96 -43.60
3.580000 16 97 -52.41
3.580000 16 98 -34.93
3.580000 16 99 -6.24
3.580000 16 100 -2.13
3.580000 16 101 12.35
3.580000 16 102 11.34
3.580000 16 103 13.33
3.580000 16 104 21.43
3.580000 16 105 26.62
3.580000 16 106 32.37
3.580000 16 107 38.41
3.580000 16 108 32.00
3.580000 16 109 16.23
3.580000 16 110 -12.26
3.580000 16 111 -22.72
3.580000 16 112 -22.05
3.580000 16 113 -38.36
3.580000 16 114 -18.39
3.580000 16 115 11.21
3.580000 16 116  6.51
3.580000 16 117  8.02
3.580000 16 118 -9.81
3.580000 16 119 -16.20
3.580000 16 120 -15.04
3.580000 16 121 -1.55
3.580000 16 122 16.86
3.580000 16 123 35.31
3.580000 16 124 44.59
3.580000 16 125 45.04
3.580000 16 126 52.76
3.580000 16 127 44.92
3.580000 16 128 40.04
3.580000 16 129 42.51
3.580000 16 130 44.03
3.580000 16 131 27.30
3.580000 16 132 28.67
3.580000 16 133 10.20
3.580000 16 134  5.94
3.580000 16 135 19.86
3.580000 16 136 25.38
3.580000 16 137 -5.15
3.580000 16 138 -39.18
3.580000 16 139 -63.24
3.580000 16 140 -76.33
3.580000 16 141 -86.25
3.580000 16 142 -81.38
3.580000 16 143 -79.12
3.580000 16 144 -55.96
3.580000 16 145 -47.49
3.580000 16 146 -27.16
3.580000 16 147 -10.87
3.580000 16 148  4.61
3.580000 16 149 -3.34
3.580000 16 150 -3.54
3.580000 16 151 -9.06
3.580000 16 152 -6.12
3.580000 16 153 -6.75
3.580000 16 154 -9.06
3.580000 16 155 11.25
3.580000 16 156 21.29
3.580000 16 157 29.36
3.580000 16 158 19.41
3.580000 16 159 17.26
3.580000 16 160 27.74
3.580000 16 161 53.45
3.580000 16 162 62.39
3.580000 16 163 51.61
3.580000 16 164 41.53
3.580000 16 165 32.96
3.580000 16 166 26.13
3.580000 16 167 19.31
3.580000 16 168 18.99
3.580000 16 169 26.36
3.580000 16 170 19.82
3.580000 16 171 20.06
3.580000 16 172 21.13
3.580000 16 173 20.60
3.580000 16 174 16.74
3.580000 16 175 -0.76
3.580000 16 176 -8.14
3.580000 16 177 -18.02
3.580000 16 178 -11.14
3.580000 16 179 -5.96
3.580000 16 180 -4.79
3.580000 16 181 11.00
3.580000 16 182 23.16
3.580000 16 183 30.76
3.580000 16 184 29.20
3.580000 16 185 34.06
3.580000 16 186 35.94
3.580000 16 187 39.03
3.580000 16 188 42.14
3.580000 16 189 45.71
3.580000 16 190 33.51
3.580000 16 191 26.18
3.580000 16 192 25.51
3.580000 16 193 61.10
3.580000 16 194 58.86
3.580000 16 195 49.40
3.580000 16 196 43.40
3.580000 16 197 34.68
3.580000 16 198 28.93
3.580000 16 199 35.31
