2.255000 32 0 9122.08
2.255000 32 1 6560.59
2.255000 32 2 4922.47
2.255000 32 3 3681.95
2.255000 32 4 2733.49
2.255000 32 5 2121.51
2.255000 32 6 1615.59
2.255000 32 7 1172.55
2.255000 32 8 908.20
2.255000 32 9 627.82
2.255000 32 10 488.22
2.255000 32 11 420.94
2.255000 32 12 330.30
2.255000 32 13 299.02
2.255000 32 14 249.01
2.255000 32 15 208.97
2.255000 32 16 176.56
2.255000 32 17 186.86
2.255000 32 18 155.98
2.255000 32 19 127.01
2.255000 32 20 81.81
2.255000 32 21 30.93
2.255000 32 22 101.95
2.255000 32 23 169.70
2.255000 32 24 172.60
2.255000 32 25 158.11
2.255000 32 26 144.68
2.255000 32 27 196.30
2.255000 32 28 253.39
2.255000 32 29 320.64
2.255000 32 30 351.77
2.255000 32 31 371.69
2.255000 32 32 380.60
2.255000 32 33 385.88
2.255000 32 34 325.69
2.255000 32 35 327.46
2.255000 32 36 415.94
2.255000 32 37 509.77
2.255000 32 38 484.48
2.255000 32 39 458.67
2.255000 32 40 454.38
2.255000 32 41 428.24
2.255000 32 42 432.61
2.255000 32 43 420.29
2.255000 32 44 445.63
2.255000 32 45 485.46
2.255000 32 46 482.24
2.255000 32 47 443.57
2.255000 32 48 387.69
2.255000 32 49 323.98
2.255000 32 50 253.91
2.255000 32 51 255.14
2.255000 32 52 243.29
2.255000 32 53 277.24
2.255000 32 54 313.02
2.255000 32 55 298.61
2.255000 32 56 345.32
2.255000 32 57 335.40
2.255000 32 58 305.54
2.255000 32 59 332.80
2.255000 32 60 363.76
2.255000 32 61 340.01
2.255000 32 62 337.39
2.255000 32 63 362.88
2.255000 32 64 403.54
2.255000 32 65 340.19
2.255000 32 66 324.51
2.255000 32 67 264.89
2.255000 32 68 229.58
2.255000 32 69 209.23
2.255000 32 70 126.16
2.255000 32 71 119.37
2.255000 32 72 41.06
2.255000 32 73 -9.32
2.255000 32 74 -25.55
2.255000 32 75 -58.39
2.255000 32 76 -111.11
2.255000 32 77 -142.78
2.255000 32 78 -172.20
2.255000 32 79 -172.37
2.255000 32 80 -89.62
2.255000 32 81 -45.48
2.255000 32 82 -44.89
2.255000 32 83 -37.94
2.255000 32 84 12.32
2.255000 32 85 12.47
2.255000 32 86 28.33
2.255000 32 87 -9.84
2.255000 32 88 -60.98
2.255000 32 89 -48.65
2.255000 32 90 -66.32
2.255000 32 91 -87.29
2.255000 32 92 -93.66
2.255000 32 93 -104.22
2.255000 32 94 -170.51
2.255000 32 95 -186.37
2.255000 32 96 -151.78
2.255000 32 97 -122.57
2.255000 32 98 -27.90
2.255000 32 99  8.35
2.255000 32 100 80.30
2.255000 32 101 141.58
2.255000 32 102 91.27
2.255000 32 103 71.35
2.255000 32 104 78.83
2.255000 32 105 93.12
2.255000 32 106 64.55
2.255000 32 107  5.88
2.255000 32 108 -27.57
2.255000 32 109 -116.52
2.255000 32 110 -147.22
2.255000 32 111 -91.88
2.255000 32 112 -125.23
2.255000 32 113 -45.78
2.255000 32 114  7.46
2.255000 32 115 29.50
2.255000 32 116 106.84
2.255000 32 117 168.07
2.255000 32 118 188.52
2.255000 32 119 151.89
2.255000 32 120 83.77
2.255000 32 121 22.14
2.255000 32 122 -11.88
2.255000 32 123  8.59
2.255000 32 124 -5.99
2.255000 32 125 -39.73
2.255000 32 126 -44.44
2.255000 32 127 -38.97
2.255000 32 128 -10.60
2.255000 32 129 66.97
2.255000 32 130 186.62
2.255000 32 131 265.45
2.255000 32 132 288.06
2.255000 32 133 265.07
2.255000 32 134 240.14
2.255000 32 135 194.47
2.255000 32 136 197.21
2.255000 32 137 269.01
2.255000 32 138 399.25
2.255000 32 139 402.21
2.255000 32 140 371.59
2.255000 32 141 338.41
2.255000 32 142 327.46
2.255000 32 143 336.81
2.255000 32 144 330.45
2.255000 32 145 288.00
2.255000 32 146 256.87
2.255000 32 147 260.07
2.255000 32 148 258.78
2.255000 32 149 238.01
2.255000 32 150 159.18
2.255000 32 151 216.48
2.255000 32 152 263.83
2.255000 32 153 244.49
2.255000 32 154 241.63
2.255000 32 155 229.56
2.255000 32 156 232.07
2.255000 32 157 222.38
2.255000 32 158 200.41
2.255000 32 159 231.98
2.255000 32 160 241.53
2.255000 32 161 277.06
2.255000 32 162 284.50
2.255000 32 163 281.60
2.255000 32 164 227.45
2.255000 32 165 262.40
2.255000 32 166 226.91
2.255000 32 167 275.40
2.255000 32 168 263.83
2.255000 32 169 253.99
2.255000 32 170 287.75
2.255000 32 171 303.54
2.255000 32 172 327.46
2.255000 32 173 335.08
2.255000 32 174 320.56
2.255000 32 175 322.42
2.255000 32 176 327.24
2.255000 32 177 297.64
2.255000 32 178 298.64
2.255000 32 179 324.87
2.255000 32 180 319.26
2.255000 32 181 346.42
2.255000 32 182 290.96
2.255000 32 183 182.36
2.255000 32 184 170.29
2.255000 32 185 148.36
2.255000 32 186 18.51
2.255000 32 187 -17.38
2.255000 32 188 -99.44
2.255000 32 189 -141.39
2.255000 32 190 -124.13
2.255000 32 191 -27.67
2.255000 32 192 -22.52
2.255000 32 193 18.31
2.255000 32 194 26.10
2.255000 32 195 47.77
2.255000 32 196 54.65
2.255000 32 197 112.48
2.255000 32 198 146.93
2.255000 32 199 214.14
