3.639000 64 0 118085.68
3.639000 64 1 95333.07
3.639000 64 2 78288.20
3.639000 64 3 64921.59
3.639000 64 4 54229.87
3.639000 64 5 45677.31
3.639000 64 6 38622.51
3.639000 64 7 32855.77
3.639000 64 8 27789.62
3.639000 64 9 23753.79
3.639000 64 10 20410.72
3.639000 64 11 17175.65
3.639000 64 12 14224.63
3.639000 64 13 11717.47
3.639000 64 14 9841.30
3.639000 64 15 8467.04
3.639000 64 16 7463.38
3.639000 64 17 6640.77
3.639000 64 18 6007.15
3.639000 64 19 5302.06
3.639000 64 20 4560.49
3.639000 64 21 4007.51
3.639000 64 22 3566.15
3.639000 64 23 3285.78
3.639000 64 24 2822.41
3.639000 64 25 2291.04
3.639000 64 26 2010.01
3.639000 64 27 1697.10
3.639000 64 28 1452.97
3.639000 64 29 1282.70
3.639000 64 30 1275.96
3.639000 64 31 1361.47
3.639000 64 32 1333.62
3.639000 64 33 1213.06
3.639000 64 34 992.69
3.639000 64 35 645.27
3.639000 64 36 249.71
3.639000 64 37 145.59
3.639000 64 38 -177.46
3.639000 64 39 -622.01
3.639000 64 40 -901.69
3.639000 64 41 -1096.88
3.639000 64 42 -1199.04
3.639000 64 43 -1291.48
3.639000 64 44 -1414.01
3.639000 64 45 -1507.68
3.639000 64 46 -1656.17
3.639000 64 47 -1619.14
3.639000 64 48 -1660.03
3.639000 64 49 -1526.55
3.639000 64 50 -1657.37
3.639000 64 51 -1612.98
3.639000 64 52 -1744.74
3.639000 64 53 -1847.94
3.639000 64 54 -1876.75
3.639000 64 55 -1995.21
3.639000 64 56 -1974.16
3.639000 64 57 -2111.95
3.639000 64 58 -2293.56
3.639000 64 59 -2591.51
3.639000 64 60 -2630.32
3.639000 64 61 -2650.15
3.639000 64 62 -2667.97
3.639000 64 63 -2654.39
3.639000 64 64 -2831.80
3.639000 64 65 -2950.98
3.639000 64 66 -2974.69
3.639000 64 67 -2965.65
3.639000 64 68 -3083.28
3.639000 64 69 -3171.16
3.639000 64 70 -3356.66
3.639000 64 71 -3240.30
3.639000 64 72 -2796.28
3.639000 64 73 -2710.42
3.639000 64 74 -2923.93
3.639000 64 75 -3078.97
3.639000 64 76 -3123.12
3.639000 64 77 -3269.79
3.639000 64 78 -3221.22
3.639000 64 79 -3364.16
3.639000 64 80 -3224.02
3.639000 64 81 -3106.09
3.639000 64 82 -2862.11
3.639000 64 83 -2753.48
3.639000 64 84 -2622.15
3.639000 64 85 -2509.44
3.639000 64 86 -2504.33
3.639000 64 87 -2477.99
3.639000 64 88 -2495.51
3.639000 64 89 -2488.45
3.639000 64 90 -2396.11
3.639000 64 91 -2132.78
3.639000 64 92 -1887.51
3.639000 64 93 -1599.03
3.639000 64 94 -1352.06
3.639000 64 95 -1330.71
3.639000 64 96 -1410.72
3.639000 64 97 -1541.18
3.639000 64 98 -1576.23
3.639000 64 99 -1673.08
3.639000 64 100 -1719.65
3.639000 64 101 -1912.21
3.639000 64 102 -1922.26
3.639000 64 103 -1938.01
3.639000 64 104 -2078.57
3.639000 64 105 -2167.74
3.639000 64 106 -2063.01
3.639000 64 107 -1861.57
3.639000 64 108 -1502.99
3.639000 64 109 -1347.47
3.639000 64 110 -1261.85
3.639000 64 111 -1457.01
3.639000 64 112 -1629.47
3.639000 64 113 -1873.38
3.639000 64 114 -2100.70
3.639000 64 115 -2245.20
3.639000 64 116 -2084.54
3.639000 64 117 -2046.62
3.639000 64 118 -1992.44
3.639000 64 119 -2177.44
3.639000 64 120 -2330.36
3.639000 64 121 -2467.22
3.639000 64 122 -2478.02
3.639000 64 123 -2503.47
3.639000 64 124 -2496.89
3.639000 64 125 -2534.79
3.639000 64 126 -2701.38
3.639000 64 127 -2895.79
3.639000 64 128 -3165.82
3.639000 64 129 -3350.95
3.639000 64 130 -3480.89
3.639000 64 131 -3565.27
3.639000 64 132 -3881.61
3.639000 64 133 -4112.74
3.639000 64 134 -4063.32
3.639000 64 135 -4017.09
3.639000 64 136 -3786.48
3.639000 64 137 -3500.09
3.639000 64 138 -3311.08
3.639000 64 139 -3265.90
3.639000 64 140 -3111.26
3.639000 64 141 -2920.26
3.639000 64 142 -2814.25
3.639000 64 143 -2773.23
3.639000 64 144 -2706.92
3.639000 64 145 -2823.56
3.639000 64 146 -3213.64
3.639000 64 147 -3429.24
3.639000 64 148 -3357.71
3.639000 64 149 -3446.42
3.639000 64 150 -3338.15
3.639000 64 151 -3320.66
3.639000 64 152 -3270.17
3.639000 64 153 -3082.24
3.639000 64 154 -2885.13
3.639000 64 155 -2833.27
3.639000 64 156 -2742.18
3.639000 64 157 -2771.32
3.639000 64 158 -3025.56
3.639000 64 159 -3188.95
3.639000 64 160 -3355.00
3.639000 64 161 -3631.52
3.639000 64 162 -3725.95
3.639000 64 163 -4090.77
3.639000 64 164 -4319.47
3.639000 64 165 -4572.96
3.639000 64 166 -4855.46
3.639000 64 167 -4982.90
3.639000 64 168 -5115.95
3.639000 64 169 -5276.59
3.639000 64 170 -5193.79
3.639000 64 171 -5014.12
3.639000 64 172 -4731.54
3.639000 64 173 -4384.36
3.639000 64 174 -4032.33
3.639000 64 175 -3823.47
3.639000 64 176 -3825.86
3.639000 64 177 -4087.83
3.639000 64 178 -4276.67
3.639000 64 179 -4603.67
3.639000 64 180 -4713.01
3.639000 64 181 -4733.98
3.639000 64 182 -4733.91
3.639000 64 183 -4633.76
3.639000 64 184 -4607.48
3.639000 64 185 -4612.05
3.639000 64 186 -4834.39
3.639000 64 187 -5028.20
3.639000 64 188 -5370.61
3.639000 64 189 -5761.60
3.639000 64 190 -5841.35
3.639000 64 191 -5974.68
3.639000 64 192 -6090.56
3.639000 64 193 -5964.05
3.639000 64 194 -5720.82
3.639000 64 195 -5574.71
3.639000 64 196 -5521.22
3.639000 64 197 -5459.35
3.639000 64 198 -5637.42
3.639000 64 199 -5792.97
