3.636000 48 0 27352.53
3.636000 48 1 21401.31
3.636000 48 2 17296.35
3.636000 48 3 14243.50
3.636000 48 4 11916.21
3.636000 48 5 10062.59
3.636000 48 6 8675.24
3.636000 48 7 7461.30
3.636000 48 8 6503.98
3.636000 48 9 5707.26
3.636000 48 10 5074.79
3.636000 48 11 4543.65
3.636000 48 12 4164.66
3.636000 48 13 3810.13
3.636000 48 14 3314.08
3.636000 48 15 3025.44
3.636000 48 16 2818.17
3.636000 48 17 2310.82
3.636000 48 18 2099.43
3.636000 48 19 2032.27
3.636000 48 20 1864.24
3.636000 48 21 1389.30
3.636000 48 22 1178.53
3.636000 48 23 927.05
3.636000 48 24 719.72
3.636000 48 25 547.88
3.636000 48 26 412.70
3.636000 48 27 428.88
3.636000 48 28 468.75
3.636000 48 29 580.74
3.636000 48 30 661.86
3.636000 48 31 475.07
3.636000 48 32 295.77
3.636000 48 33 93.37
3.636000 48 34 -62.11
3.636000 48 35 -19.87
3.636000 48 36 101.79
3.636000 48 37 267.54
3.636000 48 38 447.90
3.636000 48 39 475.01
3.636000 48 40 310.63
3.636000 48 41 74.15
3.636000 48 42 -249.38
3.636000 48 43 -609.35
3.636000 48 44 -768.85
3.636000 48 45 -799.73
3.636000 48 46 -854.31
3.636000 48 47 -861.77
3.636000 48 48 -851.70
3.636000 48 49 -898.30
3.636000 48 50 -1038.74
3.636000 48 51 -1191.47
3.636000 48 52 -1225.53
3.636000 48 53 -1431.15
3.636000 48 54 -1623.88
3.636000 48 55 -1766.12
3.636000 48 56 -1891.95
3.636000 48 57 -2036.59
3.636000 48 58 -2154.92
3.636000 48 59 -2271.10
3.636000 48 60 -2226.74
3.636000 48 61 -2189.77
3.636000 48 62 -2265.20
3.636000 48 63 -2215.27
3.636000 48 64 -2274.59
3.636000 48 65 -2445.60
3.636000 48 66 -2697.58
3.636000 48 67 -2776.48
3.636000 48 68 -2887.48
3.636000 48 69 -3084.32
3.636000 48 70 -3448.67
3.636000 48 71 -3764.56
3.636000 48 72 -4037.10
3.636000 48 73 -4200.45
3.636000 48 74 -4211.67
3.636000 48 75 -4253.17
3.636000 48 76 -4132.25
3.636000 48 77 -4253.51
3.636000 48 78 -4270.48
3.636000 48 79 -4502.62
3.636000 48 80 -4698.98
3.636000 48 81 -4612.26
3.636000 48 82 -4579.22
3.636000 48 83 -4647.32
3.636000 48 84 -4724.60
3.636000 48 85 -4598.83
3.636000 48 86 -4572.57
3.636000 48 87 -4490.34
3.636000 48 88 -4606.42
3.636000 48 89 -4646.42
3.636000 48 90 -4644.89
3.636000 48 91 -4547.50
3.636000 48 92 -4461.76
3.636000 48 93 -4419.38
3.636000 48 94 -4518.14
3.636000 48 95 -4695.45
3.636000 48 96 -4561.29
3.636000 48 97 -4291.69
3.636000 48 98 -3892.45
3.636000 48 99 -3460.90
3.636000 48 100 -3076.58
3.636000 48 101 -2835.54
3.636000 48 102 -2572.24
3.636000 48 103 -2335.77
3.636000 48 104 -2222.39
3.636000 48 105 -2209.44
3.636000 48 106 -2143.94
3.636000 48 107 -1974.80
3.636000 48 108 -1930.79
3.636000 48 109 -1984.77
3.636000 48 110 -2156.51
3.636000 48 111 -2283.00
3.636000 48 112 -2246.67
3.636000 48 113 -2215.69
3.636000 48 114 -2342.70
3.636000 48 115 -2432.23
3.636000 48 116 -2660.71
3.636000 48 117 -2889.41
3.636000 48 118 -2892.22
3.636000 48 119 -2931.35
3.636000 48 120 -2932.66
3.636000 48 121 -2762.33
3.636000 48 122 -2739.53
3.636000 48 123 -2704.31
3.636000 48 124 -2554.42
3.636000 48 125 -2334.13
3.636000 48 126 -2248.77
3.636000 48 127 -2307.54
3.636000 48 128 -2451.02
3.636000 48 129 -2523.52
3.636000 48 130 -2504.38
3.636000 48 131 -2554.39
3.636000 48 132 -2638.31
3.636000 48 133 -2442.11
3.636000 48 134 -2335.22
3.636000 48 135 -2340.78
3.636000 48 136 -2251.10
3.636000 48 137 -1957.28
3.636000 48 138 -1889.03
3.636000 48 139 -1813.14
3.636000 48 140 -1733.11
3.636000 48 141 -1568.88
3.636000 48 142 -1407.49
3.636000 48 143 -1296.82
3.636000 48 144 -1182.01
3.636000 48 145 -1083.26
3.636000 48 146 -964.74
3.636000 48 147 -686.19
3.636000 48 148 -437.70
3.636000 48 149 -415.06
3.636000 48 150 -220.56
3.636000 48 151 -417.31
3.636000 48 152 -556.10
3.636000 48 153 -703.93
3.636000 48 154 -688.14
3.636000 48 155 -588.35
3.636000 48 156 -643.25
3.636000 48 157 -664.73
3.636000 48 158 -857.28
3.636000 48 159 -1060.52
3.636000 48 160 -1203.25
3.636000 48 161 -1370.98
3.636000 48 162 -1613.78
3.636000 48 163 -1879.98
3.636000 48 164 -2070.90
3.636000 48 165 -2258.95
3.636000 48 166 -2579.25
3.636000 48 167 -2584.60
3.636000 48 168 -2570.01
3.636000 48 169 -2448.85
3.636000 48 170 -2321.20
3.636000 48 171 -2241.05
3.636000 48 172 -2051.83
3.636000 48 173 -1908.06
3.636000 48 174 -1799.60
3.636000 48 175 -1781.07
3.636000 48 176 -1736.84
3.636000 48 177 -1949.04
3.636000 48 178 -2130.21
3.636000 48 179 -2065.23
3.636000 48 180 -1969.10
3.636000 48 181 -1884.11
3.636000 48 182 -1776.82
3.636000 48 183 -1585.98
3.636000 48 184 -1649.99
3.636000 48 185 -1706.63
3.636000 48 186 -1739.02
3.636000 48 187 -1835.84
3.636000 48 188 -1757.24
3.636000 48 189 -1562.75
3.636000 48 190 -1514.27
3.636000 48 191 -1423.30
3.636000 48 192 -1511.13
3.636000 48 193 -1508.39
3.636000 48 194 -1501.73
3.636000 48 195 -1375.52
3.636000 48 196 -1361.41
3.636000 48 197 -1474.08
3.636000 48 198 -1553.49
3.636000 48 199 -1638.81
