3.640000 128 0 252500.86
3.640000 128 1 220409.24
3.640000 128 2 195577.32
3.640000 128 3 173267.10
3.640000 128 4 153445.17
3.640000 128 5 135029.51
3.640000 128 6 118725.48
3.640000 128 7 104493.81
3.640000 128 8 92293.12
3.640000 128 9 81158.19
3.640000 128 10 72377.75
3.640000 128 11 63716.70
3.640000 128 12 55492.26
3.640000 128 13 47967.09
3.640000 128 14 42804.85
3.640000 128 15 39304.16
3.640000 128 16 36583.07
3.640000 128 17 35857.11
3.640000 128 18 34636.50
3.640000 128 19 33676.94
3.640000 128 20 31081.07
3.640000 128 21 30888.83
3.640000 128 22 29427.69
3.640000 128 23 27423.33
3.640000 128 24 26385.67
3.640000 128 25 25245.35
3.640000 128 26 24039.38
3.640000 128 27 23854.90
3.640000 128 28 23258.88
3.640000 128 29 22029.98
3.640000 128 30 22704.58
3.640000 128 31 24639.76
3.640000 128 32 23925.45
3.640000 128 33 21957.05
3.640000 128 34 20145.36
3.640000 128 35 19438.28
3.640000 128 36 19964.22
3.640000 128 37 20420.66
3.640000 128 38 22419.12
3.640000 128 39 24509.73
3.640000 128 40 24951.91
3.640000 128 41 25789.69
3.640000 128 42 25664.18
3.640000 128 43 26045.60
3.640000 128 44 25917.26
3.640000 128 45 24998.69
3.640000 128 46 23863.10
3.640000 128 47 24165.68
3.640000 128 48 24107.54
3.640000 128 49 23516.10
3.640000 128 50 22008.65
3.640000 128 51 19131.84
3.640000 128 52 16386.52
3.640000 128 53 14238.91
3.640000 128 54 12908.61
3.640000 128 55 11778.96
3.640000 128 56 11037.50
3.640000 128 57 10217.81
3.640000 128 58 10443.56
3.640000 128 59 10296.96
3.640000 128 60 9594.88
3.640000 128 61 7956.04
3.640000 128 62 5804.94
3.640000 128 63 4778.22
3.640000 128 64 4119.53
3.640000 128 65 3028.41
3.640000 128 66 -165.57
3.640000 128 67 -2653.32
3.640000 128 68 -2834.79
3.640000 128 69 -1862.14
3.640000 128 70 -611.41
3.640000 128 71 944.42
3.640000 128 72 1399.75
3.640000 128 73 829.96
3.640000 128 74 342.91
3.640000 128 75 -728.71
3.640000 128 76 -1525.20
3.640000 128 77 -1512.73
3.640000 128 78 -1646.73
3.640000 128 79 -2416.23
3.640000 128 80 -3324.27
3.640000 128 81 -3148.69
3.640000 128 82 -2020.70
3.640000 128 83 34.46
3.640000 128 84 -142.80
3.640000 128 85 -1799.68
3.640000 128 86 -3649.89
3.640000 128 87 -5660.61
3.640000 128 88 -8035.73
3.640000 128 89 -10109.29
3.640000 128 90 -9768.45
3.640000 128 91 -10614.75
3.640000 128 92 -11301.45
3.640000 128 93 -14013.47
3.640000 128 94 -15288.45
3.640000 128 95 -16675.53
3.640000 128 96 -18559.57
3.640000 128 97 -20314.26
3.640000 128 98 -20682.28
3.640000 128 99 -21537.74
3.640000 128 100 -21587.59
3.640000 128 101 -21714.45
3.640000 128 102 -22915.11
3.640000 128 103 -24701.72
3.640000 128 104 -26519.31
3.640000 128 105 -27886.93
3.640000 128 106 -29301.37
3.640000 128 107 -31579.89
3.640000 128 108 -31716.61
3.640000 128 109 -31685.57
3.640000 128 110 -31398.91
3.640000 128 111 -31369.19
3.640000 128 112 -31125.53
3.640000 128 113 -31131.73
3.640000 128 114 -31362.53
3.640000 128 115 -32551.28
3.640000 128 116 -34134.87
3.640000 128 117 -35955.54
3.640000 128 118 -37972.65
3.640000 128 119 -39760.74
3.640000 128 120 -40284.58
3.640000 128 121 -39800.35
3.640000 128 122 -38882.90
3.640000 128 123 -38392.73
3.640000 128 124 -39007.26
3.640000 128 125 -37210.98
3.640000 128 126 -36123.14
3.640000 128 127 -35357.82
3.640000 128 128 -34790.97
3.640000 128 129 -34677.61
3.640000 128 130 -34453.93
3.640000 128 131 -33839.66
3.640000 128 132 -34383.23
3.640000 128 133 -34520.48
3.640000 128 134 -33419.06
3.640000 128 135 -32619.18
3.640000 128 136 -31910.92
3.640000 128 137 -31445.96
3.640000 128 138 -34638.78
3.640000 128 139 -38259.97
3.640000 128 140 -41651.73
3.640000 128 141 -44402.99
3.640000 128 142 -46922.06
3.640000 128 143 -49372.69
3.640000 128 144 -52623.22
3.640000 128 145 -55814.07
3.640000 128 146 -59711.59
3.640000 128 147 -64369.56
3.640000 128 148 -67491.98
3.640000 128 149 -68423.16
3.640000 128 150 -68330.38
3.640000 128 151 -67007.46
3.640000 128 152 -65490.11
3.640000 128 153 -64067.55
3.640000 128 154 -62374.53
3.640000 128 155 -59324.78
3.640000 128 156 -56720.26
3.640000 128 157 -56911.09
3.640000 128 158 -58031.99
3.640000 128 159 -59233.44
3.640000 128 160 -59153.19
3.640000 128 161 -57690.68
3.640000 128 162 -56309.84
3.640000 128 163 -56506.65
3.640000 128 164 -57275.73
3.640000 128 165 -57804.26
3.640000 128 166 -58369.56
3.640000 128 167 -58886.02
3.640000 128 168 -59957.03
3.640000 128 169 -60908.72
3.640000 128 170 -63515.57
3.640000 128 171 -66198.92
3.640000 128 172 -69451.46
3.640000 128 173 -71379.89
3.640000 128 174 -73780.93
3.640000 128 175 -76107.70
3.640000 128 176 -77959.10
3.640000 128 177 -79250.04
3.640000 128 178 -81578.40
3.640000 128 179 -85218.16
3.640000 128 180 -88803.09
3.640000 128 181 -92601.71
3.640000 128 182 -94110.23
3.640000 128 183 -94064.92
3.640000 128 184 -93046.55
3.640000 128 185 -94818.00
3.640000 128 186 -93804.19
3.640000 128 187 -91814.24
3.640000 128 188 -89299.15
3.640000 128 189 -87340.76
3.640000 128 190 -86280.44
3.640000 128 191 -85697.94
3.640000 128 192 -85356.15
3.640000 128 193 -84524.82
3.640000 128 194 -84038.95
3.640000 128 195 -83834.70
3.640000 128 196 -80422.94
3.640000 128 197 -77877.76
3.640000 128 198 -74947.84
3.640000 128 199 -71735.92
