3.650000 96 0 139908.38
3.650000 96 1 121315.88
3.650000 96 2 105948.70
3.650000 96 3 92426.85
3.650000 96 4 80900.71
3.650000 96 5 70523.74
3.650000 96 6 61855.76
3.650000 96 7 54269.56
3.650000 96 8 47392.49
3.650000 96 9 41410.50
3.650000 96 10 36567.21
3.650000 96 11 32700.78
3.650000 96 12 29023.19
3.650000 96 13 25361.05
3.650000 96 14 22045.44
3.650000 96 15 19358.62
3.650000 96 16 17215.93
3.650000 96 17 15618.37
3.650000 96 18 13972.07
3.650000 96 19 12821.71
3.650000 96 20 12267.33
3.650000 96 21 12602.91
3.650000 96 22 12368.28
3.650000 96 23 11794.83
3.650000 96 24 11256.29
3.650000 96 25 11113.81
3.650000 96 26 10930.43
3.650000 96 27 11280.34
3.650000 96 28 11618.62
3.650000 96 29 11842.19
3.650000 96 30 11262.70
3.650000 96 31 10487.39
3.650000 96 32 10128.16
3.650000 96 33 9297.51
3.650000 96 34 9296.69
3.650000 96 35 9227.87
3.650000 96 36 9668.16
3.650000 96 37 10090.28
3.650000 96 38 9914.77
3.650000 96 39 9793.17
3.650000 96 40 10099.92
3.650000 96 41 10174.58
3.650000 96 42 10471.75
3.650000 96 43 10525.85
3.650000 96 44 10641.85
3.650000 96 45 10681.50
3.650000 96 46 10379.62
3.650000 96 47 10578.90
3.650000 96 48 11159.79
3.650000 96 49 12139.91
3.650000 96 50 12847.78
3.650000 96 51 13595.33
3.650000 96 52 14009.19
3.650000 96 53 14527.02
3.650000 96 54 15099.15
3.650000 96 55 15425.88
3.650000 96 56 15801.20
3.650000 96 57 15948.94
3.650000 96 58 15698.48
3.650000 96 59 15657.97
3.650000 96 60 15771.52
3.650000 96 61 16422.85
3.650000 96 62 16423.39
3.650000 96 63 16727.80
3.650000 96 64 17016.25
3.650000 96 65 17441.03
3.650000 96 66 18411.23
3.650000 96 67 18890.12
3.650000 96 68 19327.87
3.650000 96 69 19726.54
3.650000 96 70 20393.69
3.650000 96 71 21340.32
3.650000 96 72 21608.29
3.650000 96 73 21692.67
3.650000 96 74 21924.34
3.650000 96 75 21512.51
3.650000 96 76 21410.52
3.650000 96 77 20898.79
3.650000 96 78 20924.42
3.650000 96 79 20870.05
3.650000 96 80 19956.68
3.650000 96 81 19446.56
3.650000 96 82 19506.73
3.650000 96 83 19664.09
3.650000 96 84 19690.15
3.650000 96 85 20615.70
3.650000 96 86 21081.23
3.650000 96 87 21567.31
3.650000 96 88 21875.70
3.650000 96 89 22383.97
3.650000 96 90 23238.41
3.650000 96 91 24219.82
3.650000 96 92 25270.06
3.650000 96 93 25665.68
3.650000 96 94 26397.11
3.650000 96 95 26790.09
3.650000 96 96 27274.02
3.650000 96 97 27308.89
3.650000 96 98 27110.22
3.650000 96 99 26602.43
3.650000 96 100 26167.81
3.650000 96 101 25828.79
3.650000 96 102 24535.93
3.650000 96 103 22633.52
3.650000 96 104 21052.95
3.650000 96 105 19314.71
3.650000 96 106 17395.66
3.650000 96 107 15175.37
3.650000 96 108 12871.89
3.650000 96 109 10765.02
3.650000 96 110 9397.54
3.650000 96 111 8755.38
3.650000 96 112 8195.76
3.650000 96 113 7170.85
3.650000 96 114 5807.14
3.650000 96 115 5406.42
3.650000 96 116 4540.00
3.650000 96 117 4735.99
3.650000 96 118 5099.77
3.650000 96 119 5974.25
3.650000 96 120 6400.40
3.650000 96 121 7246.79
3.650000 96 122 7619.57
3.650000 96 123 7823.18
3.650000 96 124 7859.02
3.650000 96 125 7931.00
3.650000 96 126 8753.33
3.650000 96 127 9447.12
3.650000 96 128 9692.32
3.650000 96 129 9801.75
3.650000 96 130 10503.05
3.650000 96 131 10190.37
3.650000 96 132 9642.65
3.650000 96 133 9061.33
3.650000 96 134 9279.04
3.650000 96 135 9929.26
3.650000 96 136 10620.80
3.650000 96 137 11089.38
3.650000 96 138 11415.86
3.650000 96 139 11801.27
3.650000 96 140 12369.44
3.650000 96 141 12171.67
3.650000 96 142 12405.15
3.650000 96 143 12108.90
3.650000 96 144 10870.45
3.650000 96 145 10461.11
3.650000 96 146 10490.79
3.650000 96 147 10544.76
3.650000 96 148 10478.31
3.650000 96 149 11279.88
3.650000 96 150 12691.54
3.650000 96 151 14240.10
3.650000 96 152 16131.49
3.650000 96 153 17907.70
3.650000 96 154 19663.05
3.650000 96 155 20966.05
3.650000 96 156 22669.09
3.650000 96 157 24055.71
3.650000 96 158 25541.93
3.650000 96 159 27157.81
3.650000 96 160 28379.38
3.650000 96 161 29519.88
3.650000 96 162 30587.31
3.650000 96 163 32427.99
3.650000 96 164 34096.27
3.650000 96 165 35429.52
3.650000 96 166 36018.99
3.650000 96 167 36084.73
3.650000 96 168 36193.33
3.650000 96 169 36106.91
3.650000 96 170 36854.55
3.650000 96 171 37562.58
3.650000 96 172 38443.05
3.650000 96 173 39410.76
3.650000 96 174 39959.75
3.650000 96 175 40517.61
3.650000 96 176 40503.10
3.650000 96 177 39796.02
3.650000 96 178 40416.82
3.650000 96 179 41191.52
3.650000 96 180 42355.02
3.650000 96 181 43516.75
3.650000 96 182 44980.78
3.650000 96 183 46709.81
3.650000 96 184 48321.21
3.650000 96 185 49601.96
3.650000 96 186 51415.56
3.650000 96 187 53423.48
3.650000 96 188 54999.59
3.650000 96 189 55690.93
3.650000 96 190 56167.68
3.650000 96 191 56626.54
3.650000 96 192 57358.69
3.650000 96 193 58055.63
3.650000 96 194 58506.47
3.650000 96 195 59302.69
3.650000 96 196 60774.98
3.650000 96 197 62103.92
3.650000 96 198 62466.92
3.650000 96 199 62755.69
