3.800000 96 0 169726.58
3.800000 96 1 165622.04
3.800000 96 2 161701.96
3.800000 96 3 157978.05
3.800000 96 4 154442.77
3.800000 96 5 150993.25
3.800000 96 6 147616.53
3.800000 96 7 144322.15
3.800000 96 8 141130.14
3.800000 96 9 138028.25
3.800000 96 10 135113.63
3.800000 96 11 132277.79
3.800000 96 12 129496.03
3.800000 96 13 126718.11
3.800000 96 14 124008.26
3.800000 96 15 121384.32
3.800000 96 16 118871.33
3.800000 96 17 116457.18
3.800000 96 18 114080.40
3.800000 96 19 111668.60
3.800000 96 20 109348.93
3.800000 96 21 107064.10
3.800000 96 22 104816.92
3.800000 96 23 102580.20
3.800000 96 24 100352.90
3.800000 96 25 98203.52
3.800000 96 26 96151.20
3.800000 96 27 94205.89
3.800000 96 28 92272.14
3.800000 96 29 90409.94
3.800000 96 30 88575.58
3.800000 96 31 86741.43
3.800000 96 32 84978.77
3.800000 96 33 83259.67
3.800000 96 34 81553.05
3.800000 96 35 79915.70
3.800000 96 36 78323.38
3.800000 96 37 76752.40
3.800000 96 38 75195.75
3.800000 96 39 73507.02
3.800000 96 40 71909.27
3.800000 96 41 70374.32
3.800000 96 42 68892.62
3.800000 96 43 67440.52
3.800000 96 44 66022.21
3.800000 96 45 64610.70
3.800000 96 46 63214.41
3.800000 96 47 61894.95
3.800000 96 48 60583.38
3.800000 96 49 59294.89
3.800000 96 50 58042.50
3.800000 96 51 56849.12
3.800000 96 52 55684.76
3.800000 96 53 54528.46
3.800000 96 54 53414.56
3.800000 96 55 52357.15
3.800000 96 56 51308.41
3.800000 96 57 50252.60
3.800000 96 58 49251.09
3.800000 96 59 48267.43
3.800000 96 60 47310.17
3.800000 96 61 46314.39
3.800000 96 62 45367.70
3.800000 96 63 44428.29
3.800000 96 64 43439.70
3.800000 96 65 42509.95
3.800000 96 66 41615.30
3.800000 96 67 40733.03
3.800000 96 68 39863.30
3.800000 96 69 38938.23
3.800000 96 70 38055.66
3.800000 96 71 37201.62
3.800000 96 72 36364.78
3.800000 96 73 35571.21
3.800000 96 74 34783.66
3.800000 96 75 34032.40
3.800000 96 76 33287.60
3.800000 96 77 32686.18
3.800000 96 78 32142.54
3.800000 96 79 31595.50
3.800000 96 80 31040.48
3.800000 96 81 30534.60
3.800000 96 82 30117.51
3.800000 96 83 29692.40
3.800000 96 84 29267.17
3.800000 96 85 28829.47
3.800000 96 86 28360.14
3.800000 96 87 27894.43
3.800000 96 88 27418.08
3.800000 96 89 26938.16
3.800000 96 90 26462.67
3.800000 96 91 25976.25
3.800000 96 92 25460.78
3.800000 96 93 24972.00
3.800000 96 94 24438.82
3.800000 96 95 23921.41
3.800000 96 96 23378.77
3.800000 96 97 22827.23
3.800000 96 98 22269.89
3.800000 96 99 21687.83
3.800000 96 100 21139.75
3.800000 96 101 20590.89
3.800000 96 102 20064.60
3.800000 96 103 19575.05
3.800000 96 104 19085.43
3.800000 96 105 18609.43
3.800000 96 106 18121.10
3.800000 96 107 17655.45
3.800000 96 108 17215.58
3.800000 96 109 16788.47
3.800000 96 110 16380.99
3.800000 96 111 15996.10
3.800000 96 112 15714.69
3.800000 96 113 15457.48
3.800000 96 114 15248.23
3.800000 96 115 15030.68
3.800000 96 116 14834.59
3.800000 96 117 14614.34
3.800000 96 118 14401.99
3.800000 96 119 14195.57
3.800000 96 120 13986.28
3.800000 96 121 13782.46
3.800000 96 122 13593.83
3.800000 96 123 13372.20
3.800000 96 124 13174.92
3.800000 96 125 12991.27
3.800000 96 126 12813.68
3.800000 96 127 12608.42
3.800000 96 128 12395.69
3.800000 96 129 12218.69
3.800000 96 130 12054.68
3.800000 96 131 11899.91
3.800000 96 132 11744.89
3.800000 96 133 11566.95
3.800000 96 134 11360.26
3.800000 96 135 11116.23
3.800000 96 136 10908.57
3.800000 96 137 10717.93
3.800000 96 138 10563.76
3.800000 96 139 10414.13
3.800000 96 140 10305.84
3.800000 96 141 10175.56
3.800000 96 142 10024.85
3.800000 96 143 9879.93
3.800000 96 144 9722.90
3.800000 96 145 9497.07
3.800000 96 146 9287.43
3.800000 96 147 9074.36
3.800000 96 148 8870.09
3.800000 96 149 8686.13
3.800000 96 150 8508.97
3.800000 96 151 8433.97
3.800000 96 152 8400.05
3.800000 96 153 8366.47
3.800000 96 154 8415.69
3.800000 96 155 8438.94
3.800000 96 156 8412.96
3.800000 96 157 8376.85
3.800000 96 158 8339.15
3.800000 96 159 8312.79
3.800000 96 160 8276.52
3.800000 96 161 8234.64
3.800000 96 162 8076.33
3.800000 96 163 7840.20
3.800000 96 164 7587.56
3.800000 96 165 7336.21
3.800000 96 166 7102.90
3.800000 96 167 6890.00
3.800000 96 168 6678.35
3.800000 96 169 6511.38
3.800000 96 170 6375.91
3.800000 96 171 6249.24
3.800000 96 172 6094.76
3.800000 96 173 5900.48
3.800000 96 174 5689.08
3.800000 96 175 5477.01
3.800000 96 176 5225.96
3.800000 96 177 4990.52
3.800000 96 178 4742.55
3.800000 96 179 4500.90
3.800000 96 180 4233.46
3.800000 96 181 3978.86
3.800000 96 182 3734.29
3.800000 96 183 3447.96
3.800000 96 184 3178.34
3.800000 96 185 2916.13
3.800000 96 186 2703.19
3.800000 96 187 2474.40
3.800000 96 188 2222.09
3.800000 96 189 1980.21
3.800000 96 190 1729.08
3.800000 96 191 1489.93
3.800000 96 192 1256.31
3.800000 96 193 1048.21
3.800000 96 194 854.94
3.800000 96 195 675.55
3.800000 96 196 501.97
3.800000 96 197 314.92
3.800000 96 198 166.46
3.800000 96 199 -5.31
