3.720000 48 0 61680.58
3.720000 48 1 53690.83
3.720000 48 2 47198.75
3.720000 48 3 41827.94
3.720000 48 4 37240.66
3.720000 48 5 33189.73
3.720000 48 6 29600.81
3.720000 48 7 26574.24
3.720000 48 8 23954.31
3.720000 48 9 21654.11
3.720000 48 10 19626.55
3.720000 48 11 17772.13
3.720000 48 12 16160.26
3.720000 48 13 14808.12
3.720000 48 14 13609.25
3.720000 48 15 12465.58
3.720000 48 16 11374.35
3.720000 48 17 10442.36
3.720000 48 18 9575.15
3.720000 48 19 8850.67
3.720000 48 20 8072.30
3.720000 48 21 7343.06
3.720000 48 22 6676.73
3.720000 48 23 5997.08
3.720000 48 24 5437.57
3.720000 48 25 4955.28
3.720000 48 26 4517.02
3.720000 48 27 4096.20
3.720000 48 28 3770.09
3.720000 48 29 3470.69
3.720000 48 30 3226.47
3.720000 48 31 3031.75
3.720000 48 32 2963.62
3.720000 48 33 2910.35
3.720000 48 34 2783.82
3.720000 48 35 2744.12
3.720000 48 36 2625.05
3.720000 48 37 2610.58
3.720000 48 38 2576.50
3.720000 48 39 2579.52
3.720000 48 40 2562.98
3.720000 48 41 2529.15
3.720000 48 42 2467.19
3.720000 48 43 2338.59
3.720000 48 44 2326.35
3.720000 48 45 2278.58
3.720000 48 46 2167.23
3.720000 48 47 2026.56
3.720000 48 48 1860.73
3.720000 48 49 1671.01
3.720000 48 50 1510.91
3.720000 48 51 1365.67
3.720000 48 52 1302.70
3.720000 48 53 1256.22
3.720000 48 54 1185.47
3.720000 48 55 1069.05
3.720000 48 56 933.38
3.720000 48 57 779.89
3.720000 48 58 625.02
3.720000 48 59 525.65
3.720000 48 60 472.01
3.720000 48 61 414.95
3.720000 48 62 407.57
3.720000 48 63 398.28
3.720000 48 64 318.52
3.720000 48 65 292.75
3.720000 48 66 249.31
3.720000 48 67 273.37
3.720000 48 68 232.86
3.720000 48 69 233.23
3.720000 48 70 176.54
3.720000 48 71 166.66
3.720000 48 72 112.17
3.720000 48 73 -3.50
3.720000 48 74 -148.05
3.720000 48 75 -265.85
3.720000 48 76 -353.09
3.720000 48 77 -373.05
3.720000 48 78 -383.03
3.720000 48 79 -453.59
3.720000 48 80 -477.20
3.720000 48 81 -534.20
3.720000 48 82 -610.33
3.720000 48 83 -618.30
3.720000 48 84 -622.57
3.720000 48 85 -584.90
3.720000 48 86 -555.88
3.720000 48 87 -485.25
3.720000 48 88 -478.04
3.720000 48 89 -535.52
3.720000 48 90 -622.24
3.720000 48 91 -722.69
3.720000 48 92 -773.47
3.720000 48 93 -841.64
3.720000 48 94 -897.24
3.720000 48 95 -954.94
3.720000 48 96 -966.79
3.720000 48 97 -971.52
3.720000 48 98 -981.93
3.720000 48 99 -1026.29
3.720000 48 100 -1032.83
3.720000 48 101 -1036.24
3.720000 48 102 -987.50
3.720000 48 103 -1082.00
3.720000 48 104 -1138.39
3.720000 48 105 -1167.79
3.720000 48 106 -1227.47
3.720000 48 107 -1344.06
3.720000 48 108 -1374.20
3.720000 48 109 -1377.78
3.720000 48 110 -1345.33
3.720000 48 111 -1352.75
3.720000 48 112 -1372.34
3.720000 48 113 -1307.62
3.720000 48 114 -1197.21
3.720000 48 115 -1143.08
3.720000 48 116 -1104.56
3.720000 48 117 -1097.51
3.720000 48 118 -1069.67
3.720000 48 119 -1073.53
3.720000 48 120 -987.18
3.720000 48 121 -963.80
3.720000 48 122 -885.45
3.720000 48 123 -768.75
3.720000 48 124 -627.69
3.720000 48 125 -481.27
3.720000 48 126 -377.32
3.720000 48 127 -298.44
3.720000 48 128 -182.98
3.720000 48 129 -87.87
3.720000 48 130 -112.94
3.720000 48 131 -143.22
3.720000 48 132 -199.05
3.720000 48 133 -217.33
3.720000 48 134 -228.30
3.720000 48 135 -223.18
3.720000 48 136 -130.67
3.720000 48 137 -105.64
3.720000 48 138 44.20
3.720000 48 139 159.38
3.720000 48 140 255.09
3.720000 48 141 307.97
3.720000 48 142 275.88
3.720000 48 143 306.61
3.720000 48 144 334.03
3.720000 48 145 329.93
3.720000 48 146 337.58
3.720000 48 147 448.86
3.720000 48 148 505.80
3.720000 48 149 523.11
3.720000 48 150 568.02
3.720000 48 151 656.23
3.720000 48 152 723.84
3.720000 48 153 769.42
3.720000 48 154 866.82
3.720000 48 155 918.98
3.720000 48 156 931.73
3.720000 48 157 930.42
3.720000 48 158 898.92
3.720000 48 159 861.35
3.720000 48 160 807.53
3.720000 48 161 696.25
3.720000 48 162 652.84
3.720000 48 163 660.66
3.720000 48 164 603.03
3.720000 48 165 536.52
3.720000 48 166 590.80
3.720000 48 167 606.50
3.720000 48 168 626.80
3.720000 48 169 712.57
3.720000 48 170 790.79
3.720000 48 171 768.99
3.720000 48 172 814.97
3.720000 48 173 857.38
3.720000 48 174 893.15
3.720000 48 175 899.40
3.720000 48 176 893.99
3.720000 48 177 828.80
3.720000 48 178 752.40
3.720000 48 179 751.33
3.720000 48 180 731.30
3.720000 48 181 725.61
3.720000 48 182 681.26
3.720000 48 183 746.44
3.720000 48 184 728.79
3.720000 48 185 695.36
3.720000 48 186 697.90
3.720000 48 187 688.43
3.720000 48 188 660.76
3.720000 48 189 687.98
3.720000 48 190 709.32
3.720000 48 191 721.03
3.720000 48 192 695.57
3.720000 48 193 631.94
3.720000 48 194 638.56
3.720000 48 195 670.66
3.720000 48 196 739.23
3.720000 48 197 784.22
3.720000 48 198 735.66
3.720000 48 199 690.34
