3.750000 48 0 54912.42
3.750000 48 1 48830.89
3.750000 48 2 43670.73
3.750000 48 3 39223.90
3.750000 48 4 35370.81
3.750000 48 5 32008.18
3.750000 48 6 28961.10
3.750000 48 7 26255.76
3.750000 48 8 23891.63
3.750000 48 9 21833.93
3.750000 48 10 19984.76
3.750000 48 11 18320.42
3.750000 48 12 16838.68
3.750000 48 13 15543.36
3.750000 48 14 14332.22
3.750000 48 15 13232.70
3.750000 48 16 12223.37
3.750000 48 17 11263.93
3.750000 48 18 10383.66
3.750000 48 19 9543.63
3.750000 48 20 8810.46
3.750000 48 21 8151.84
3.750000 48 22 7544.96
3.750000 48 23 7060.10
3.750000 48 24 6584.92
3.750000 48 25 6120.53
3.750000 48 26 5737.49
3.750000 48 27 5421.41
3.750000 48 28 5146.73
3.750000 48 29 4851.11
3.750000 48 30 4546.95
3.750000 48 31 4220.38
3.750000 48 32 3962.69
3.750000 48 33 3627.23
3.750000 48 34 3324.63
3.750000 48 35 3082.43
3.750000 48 36 2853.92
3.750000 48 37 2616.40
3.750000 48 38 2376.98
3.750000 48 39 2174.29
3.750000 48 40 1977.22
3.750000 48 41 1814.93
3.750000 48 42 1684.12
3.750000 48 43 1523.05
3.750000 48 44 1370.35
3.750000 48 45 1188.15
3.750000 48 46 1042.35
3.750000 48 47 994.82
3.750000 48 48 976.72
3.750000 48 49 891.69
3.750000 48 50 827.60
3.750000 48 51 721.47
3.750000 48 52 615.70
3.750000 48 53 551.76
3.750000 48 54 474.86
3.750000 48 55 447.23
3.750000 48 56 381.52
3.750000 48 57 344.65
3.750000 48 58 283.30
3.750000 48 59 198.29
3.750000 48 60 185.03
3.750000 48 61 177.76
3.750000 48 62 221.56
3.750000 48 63 234.03
3.750000 48 64 268.12
3.750000 48 65 276.56
3.750000 48 66 269.61
3.750000 48 67 228.91
3.750000 48 68 182.51
3.750000 48 69 97.64
3.750000 48 70 -14.94
3.750000 48 71 -126.77
3.750000 48 72 -179.01
3.750000 48 73 -300.76
3.750000 48 74 -426.59
3.750000 48 75 -513.74
3.750000 48 76 -574.72
3.750000 48 77 -615.69
3.750000 48 78 -614.23
3.750000 48 79 -575.07
3.750000 48 80 -498.85
3.750000 48 81 -489.15
3.750000 48 82 -515.08
3.750000 48 83 -515.19
3.750000 48 84 -514.38
3.750000 48 85 -495.66
3.750000 48 86 -464.64
3.750000 48 87 -461.86
3.750000 48 88 -399.32
3.750000 48 89 -343.48
3.750000 48 90 -246.92
3.750000 48 91 -159.04
3.750000 48 92 -64.44
3.750000 48 93 -23.58
3.750000 48 94 26.75
3.750000 48 95 58.32
3.750000 48 96 109.63
3.750000 48 97 82.00
3.750000 48 98 86.32
3.750000 48 99 126.71
3.750000 48 100 151.12
3.750000 48 101 133.40
3.750000 48 102 119.91
3.750000 48 103 93.90
3.750000 48 104 77.79
3.750000 48 105 135.37
3.750000 48 106 188.19
3.750000 48 107 246.90
3.750000 48 108 326.26
3.750000 48 109 336.99
3.750000 48 110 359.32
3.750000 48 111 356.90
3.750000 48 112 296.98
3.750000 48 113 251.66
3.750000 48 114 198.07
3.750000 48 115 127.25
3.750000 48 116 126.72
3.750000 48 117 102.91
3.750000 48 118 59.25
3.750000 48 119 28.20
3.750000 48 120  1.50
3.750000 48 121 -54.21
3.750000 48 122 -126.60
3.750000 48 123 -149.03
3.750000 48 124 -160.12
3.750000 48 125 -147.09
3.750000 48 126 -167.72
3.750000 48 127 -272.68
3.750000 48 128 -343.04
3.750000 48 129 -391.86
3.750000 48 130 -447.56
3.750000 48 131 -506.95
3.750000 48 132 -574.59
3.750000 48 133 -586.62
3.750000 48 134 -593.42
3.750000 48 135 -549.05
3.750000 48 136 -535.18
3.750000 48 137 -468.79
3.750000 48 138 -433.25
3.750000 48 139 -442.51
3.750000 48 140 -482.27
3.750000 48 141 -521.66
3.750000 48 142 -553.85
3.750000 48 143 -593.44
3.750000 48 144 -616.85
3.750000 48 145 -606.06
3.750000 48 146 -667.75
3.750000 48 147 -746.68
3.750000 48 148 -813.05
3.750000 48 149 -939.58
3.750000 48 150 -998.80
3.750000 48 151 -1086.60
3.750000 48 152 -1171.74
3.750000 48 153 -1169.47
3.750000 48 154 -1229.79
3.750000 48 155 -1249.76
3.750000 48 156 -1267.14
3.750000 48 157 -1275.02
3.750000 48 158 -1265.46
3.750000 48 159 -1181.49
3.750000 48 160 -1142.86
3.750000 48 161 -1114.29
3.750000 48 162 -1054.94
3.750000 48 163 -1005.94
3.750000 48 164 -1004.24
3.750000 48 165 -987.12
3.750000 48 166 -935.43
3.750000 48 167 -832.05
3.750000 48 168 -776.93
3.750000 48 169 -700.78
3.750000 48 170 -627.80
3.750000 48 171 -492.23
3.750000 48 172 -369.20
3.750000 48 173 -298.54
3.750000 48 174 -208.87
3.750000 48 175 -166.15
3.750000 48 176 -148.72
3.750000 48 177 -181.96
3.750000 48 178 -219.12
3.750000 48 179 -215.01
3.750000 48 180 -245.26
3.750000 48 181 -260.81
3.750000 48 182 -272.87
3.750000 48 183 -326.25
3.750000 48 184 -417.44
3.750000 48 185 -474.34
3.750000 48 186 -485.35
3.750000 48 187 -487.61
3.750000 48 188 -523.80
3.750000 48 189 -546.60
3.750000 48 190 -519.86
3.750000 48 191 -578.64
3.750000 48 192 -579.10
3.750000 48 193 -632.74
3.750000 48 194 -639.85
3.750000 48 195 -661.13
3.750000 48 196 -673.07
3.750000 48 197 -700.81
3.750000 48 198 -747.50
3.750000 48 199 -799.87
