3.750000 96 0 196381.36
3.750000 96 1 188764.82
3.750000 96 2 181676.82
3.750000 96 3 175007.69
3.750000 96 4 168810.92
3.750000 96 5 162940.09
3.750000 96 6 157396.12
3.750000 96 7 152108.50
3.750000 96 8 147132.89
3.750000 96 9 142377.41
3.750000 96 10 137900.00
3.750000 96 11 133590.00
3.750000 96 12 129387.80
3.750000 96 13 125288.01
3.750000 96 14 121373.97
3.750000 96 15 117689.69
3.750000 96 16 114147.52
3.750000 96 17 110630.24
3.750000 96 18 107350.58
3.750000 96 19 104106.89
3.750000 96 20 100827.28
3.750000 96 21 97678.81
3.750000 96 22 94620.03
3.750000 96 23 91741.14
3.750000 96 24 89035.45
3.750000 96 25 86450.91
3.750000 96 26 83982.46
3.750000 96 27 81689.41
3.750000 96 28 79507.18
3.750000 96 29 77414.27
3.750000 96 30 75370.69
3.750000 96 31 73399.62
3.750000 96 32 71524.08
3.750000 96 33 69695.99
3.750000 96 34 67857.55
3.750000 96 35 66101.25
3.750000 96 36 64395.59
3.750000 96 37 62703.47
3.750000 96 38 61008.69
3.750000 96 39 59339.81
3.750000 96 40 57732.96
3.750000 96 41 56208.27
3.750000 96 42 54674.47
3.750000 96 43 53152.17
3.750000 96 44 51719.31
3.750000 96 45 50319.93
3.750000 96 46 48870.00
3.750000 96 47 47476.27
3.750000 96 48 46120.80
3.750000 96 49 44819.41
3.750000 96 50 43678.41
3.750000 96 51 42525.28
3.750000 96 52 41337.32
3.750000 96 53 40209.79
3.750000 96 54 39090.53
3.750000 96 55 37926.29
3.750000 96 56 36869.22
3.750000 96 57 35907.40
3.750000 96 58 34898.67
3.750000 96 59 33948.86
3.750000 96 60 33033.04
3.750000 96 61 32155.59
3.750000 96 62 31335.01
3.750000 96 63 30507.62
3.750000 96 64 29777.34
3.750000 96 65 28989.26
3.750000 96 66 28429.61
3.750000 96 67 27850.57
3.750000 96 68 27250.74
3.750000 96 69 26651.24
3.750000 96 70 26087.85
3.750000 96 71 25572.65
3.750000 96 72 25028.39
3.750000 96 73 24394.85
3.750000 96 74 23820.14
3.750000 96 75 23271.64
3.750000 96 76 22772.73
3.750000 96 77 22276.17
3.750000 96 78 21770.68
3.750000 96 79 21262.69
3.750000 96 80 20831.29
3.750000 96 81 20438.17
3.750000 96 82 20017.74
3.750000 96 83 19612.98
3.750000 96 84 19266.57
3.750000 96 85 18963.83
3.750000 96 86 18625.89
3.750000 96 87 18360.36
3.750000 96 88 18041.58
3.750000 96 89 17793.79
3.750000 96 90 17439.32
3.750000 96 91 17108.84
3.750000 96 92 16698.05
3.750000 96 93 16267.54
3.750000 96 94 15798.56
3.750000 96 95 15360.15
3.750000 96 96 14997.95
3.750000 96 97 14618.32
3.750000 96 98 14297.00
3.750000 96 99 13990.50
3.750000 96 100 13666.92
3.750000 96 101 13272.76
3.750000 96 102 12864.86
3.750000 96 103 12478.25
3.750000 96 104 12116.81
3.750000 96 105 11782.24
3.750000 96 106 11419.79
3.750000 96 107 11039.08
3.750000 96 108 10580.24
3.750000 96 109 10093.52
3.750000 96 110 9683.26
3.750000 96 111 9271.02
3.750000 96 112 8824.31
3.750000 96 113 8333.54
3.750000 96 114 7925.90
3.750000 96 115 7590.84
3.750000 96 116 7246.15
3.750000 96 117 6957.88
3.750000 96 118 6639.64
3.750000 96 119 6330.38
3.750000 96 120 6023.72
3.750000 96 121 5766.17
3.750000 96 122 5564.83
3.750000 96 123 5357.43
3.750000 96 124 5170.11
3.750000 96 125 4993.72
3.750000 96 126 4771.22
3.750000 96 127 4527.14
3.750000 96 128 4191.29
3.750000 96 129 3987.44
3.750000 96 130 3742.77
3.750000 96 131 3487.19
3.750000 96 132 3287.62
3.750000 96 133 3041.63
3.750000 96 134 2837.94
3.750000 96 135 2642.12
3.750000 96 136 2392.65
3.750000 96 137 2107.84
3.750000 96 138 1803.83
3.750000 96 139 1524.36
3.750000 96 140 1142.87
3.750000 96 141 829.08
3.750000 96 142 517.08
3.750000 96 143 174.00
3.750000 96 144 -161.81
3.750000 96 145 -459.64
3.750000 96 146 -785.47
3.750000 96 147 -1093.56
3.750000 96 148 -1398.60
3.750000 96 149 -1634.95
3.750000 96 150 -1945.00
3.750000 96 151 -2285.94
3.750000 96 152 -2612.67
3.750000 96 153 -2925.01
3.750000 96 154 -3276.27
3.750000 96 155 -3586.76
3.750000 96 156 -3977.41
3.750000 96 157 -4315.15
3.750000 96 158 -4644.83
3.750000 96 159 -4917.87
3.750000 96 160 -5098.75
3.750000 96 161 -5334.18
3.750000 96 162 -5487.11
3.750000 96 163 -5592.43
3.750000 96 164 -5666.10
3.750000 96 165 -5789.51
3.750000 96 166 -5908.17
3.750000 96 167 -6106.31
3.750000 96 168 -6273.10
3.750000 96 169 -6412.83
3.750000 96 170 -6525.82
3.750000 96 171 -6632.34
3.750000 96 172 -6603.42
3.750000 96 173 -6638.98
3.750000 96 174 -6568.54
3.750000 96 175 -6454.87
3.750000 96 176 -6424.61
3.750000 96 177 -6469.55
3.750000 96 178 -6608.52
3.750000 96 179 -6849.07
3.750000 96 180 -7089.36
3.750000 96 181 -7236.10
3.750000 96 182 -7378.57
3.750000 96 183 -7554.81
3.750000 96 184 -7715.42
3.750000 96 185 -7919.41
3.750000 96 186 -8048.59
3.750000 96 187 -8209.46
3.750000 96 188 -8274.80
3.750000 96 189 -8239.52
3.750000 96 190 -8209.01
3.750000 96 191 -8053.84
3.750000 96 192 -7958.07
3.750000 96 193 -7882.00
3.750000 96 194 -7808.78
3.750000 96 195 -7745.23
3.750000 96 196 -7711.41
3.750000 96 197 -7739.58
3.750000 96 198 -7870.59
3.750000 96 199 -8071.28
