2.230000 16 0 1795.76
2.230000 16 1 1092.46
2.230000 16 2 694.77
2.230000 16 3 439.81
2.230000 16 4 292.51
2.230000 16 5 192.25
2.230000 16 6 120.51
2.230000 16 7 70.62
2.230000 16 8 33.10
2.230000 16 9  2.07
2.230000 16 10 -10.30
2.230000 16 11 -0.79
2.230000 16 12 18.40
2.230000 16 13 44.38
2.230000 16 14 35.57
2.230000 16 15 32.80
2.230000 16 16 27.42
2.230000 16 17 14.99
2.230000 16 18  3.29
2.230000 16 19 -22.44
2.230000 16 20 -23.75
2.230000 16 21 -10.87
2.230000 16 22 -3.84
2.230000 16 23 -23.27
2.230000 16 24 -30.53
2.230000 16 25 -33.30
2.230000 16 26 -28.52
2.230000 16 27 -36.28
2.230000 16 28 -51.49
2.230000 16 29 -57.06
2.230000 16 30 -58.38
2.230000 16 31 -44.51
2.230000 16 32 -42.91
2.230000 16 33 -39.38
2.230000 16 34 -45.75
2.230000 16 35 -52.22
2.230000 16 36 -51.52
2.230000 16 37 -52.04
2.230000 16 38 -56.81
2.230000 16 39 -59.36
2.230000 16 40 -67.42
2.230000 16 41 -75.45
2.230000 16 42 -47.53
2.230000 16 43 -35.19
2.230000 16 44 -32.25
2.230000 16 45 -22.02
2.230000 16 46 -28.49
2.230000 16 47 -36.51
2.230000 16 48 -36.20
2.230000 16 49 -35.25
2.230000 16 50 -39.61
2.230000 16 51 -46.17
2.230000 16 52 -35.42
2.230000 16 53 -41.85
2.230000 16 54 -60.85
2.230000 16 55 -66.71
2.230000 16 56 -67.89
2.230000 16 57 -72.05
2.230000 16 58 -82.71
2.230000 16 59 -88.54
2.230000 16 60 -96.31
2.230000 16 61 -76.57
2.230000 16 62 -67.69
2.230000 16 63 -64.97
2.230000 16 64 -69.21
2.230000 16 65 -37.86
2.230000 16 66 -42.67
2.230000 16 67 -52.24
2.230000 16 68 -54.11
2.230000 16 69 -49.45
2.230000 16 70 -32.80
2.230000 16 71 -39.00
2.230000 16 72 -35.98
2.230000 16 73 -31.91
2.230000 16 74 -19.00
2.230000 16 75 -14.84
2.230000 16 76 -10.12
2.230000 16 77 -1.13
2.230000 16 78  6.03
2.230000 16 79  5.23
2.230000 16 80 -16.13
2.230000 16 81 -17.08
2.230000 16 82 -13.98
2.230000 16 83  4.64
2.230000 16 84 16.65
2.230000 16 85 16.08
2.230000 16 86 -5.84
2.230000 16 87 -5.59
2.230000 16 88 -14.45
2.230000 16 89 -13.16
2.230000 16 90 10.58
2.230000 16 91 -5.48
2.230000 16 92 -4.62
2.230000 16 93 -11.03
2.230000 16 94 -15.92
2.230000 16 95 -2.30
2.230000 16 96 10.96
2.230000 16 97 34.97
2.230000 16 98 53.78
2.230000 16 99 45.14
2.230000 16 100 43.45
2.230000 16 101 42.29
2.230000 16 102 30.66
2.230000 16 103 15.06
2.230000 16 104  8.65
2.230000 16 105  8.87
2.230000 16 106 -6.35
2.230000 16 107 -15.02
2.230000 16 108 -32.27
2.230000 16 109 -44.38
2.230000 16 110 -36.43
2.230000 16 111 -28.40
2.230000 16 112 -20.44
2.230000 16 113 -13.06
2.230000 16 114 -19.54
2.230000 16 115 -5.63
2.230000 16 116  0.36
2.230000 16 117 -17.11
2.230000 16 118 -23.16
2.230000 16 119 -27.69
2.230000 16 120 -45.00
2.230000 16 121 -54.26
2.230000 16 122 -42.46
2.230000 16 123 -48.76
2.230000 16 124 -40.76
2.230000 16 125 -34.89
2.230000 16 126 -42.17
2.230000 16 127 -50.19
2.230000 16 128 -40.24
2.230000 16 129 -21.56
2.230000 16 130 -8.54
2.230000 16 131 -18.28
2.230000 16 132 -32.56
2.230000 16 133 -43.33
2.230000 16 134 -73.07
2.230000 16 135 -74.56
2.230000 16 136 -87.19
2.230000 16 137 -82.43
2.230000 16 138 -65.62
2.230000 16 139 -62.81
2.230000 16 140 -53.94
2.230000 16 141 -53.38
2.230000 16 142 -42.68
2.230000 16 143 -37.06
2.230000 16 144 -33.58
2.230000 16 145 -57.74
2.230000 16 146 -65.79
2.230000 16 147 -55.58
2.230000 16 148 -54.48
2.230000 16 149 -44.47
2.230000 16 150 -44.12
2.230000 16 151 -43.43
2.230000 16 152 -44.65
2.230000 16 153 -26.49
2.230000 16 154 -8.71
2.230000 16 155 -15.27
2.230000 16 156 -6.97
2.230000 16 157 -5.43
2.230000 16 158  5.44
2.230000 16 159 16.50
2.230000 16 160 33.40
2.230000 16 161 37.06
2.230000 16 162 33.46
2.230000 16 163 25.12
2.230000 16 164 38.80
2.230000 16 165 42.82
2.230000 16 166 18.78
2.230000 16 167 11.38
2.230000 16 168 16.83
2.230000 16 169 18.20
2.230000 16 170 43.38
2.230000 16 171 49.85
2.230000 16 172 52.08
2.230000 16 173 69.68
2.230000 16 174 63.09
2.230000 16 175 59.96
2.230000 16 176 52.54
2.230000 16 177 27.94
2.230000 16 178 19.40
2.230000 16 179 16.94
2.230000 16 180 28.05
2.230000 16 181 38.84
2.230000 16 182 63.89
2.230000 16 183 78.05
2.230000 16 184 82.42
2.230000 16 185 65.95
2.230000 16 186 59.02
2.230000 16 187 56.69
2.230000 16 188 50.18
2.230000 16 189 22.12
2.230000 16 190 16.40
2.230000 16 191  3.04
2.230000 16 192 -24.25
2.230000 16 193 -25.34
2.230000 16 194 -6.83
2.230000 16 195  3.66
2.230000 16 196 18.92
2.230000 16 197 14.70
2.230000 16 198 -15.52
2.230000 16 199 -21.87
