3.580000 128 0 367077.93
3.580000 128 1 258498.54
3.580000 128 2 185134.44
3.580000 128 3 133534.73
3.580000 128 4 96987.14
3.580000 128 5 70734.84
3.580000 128 6 52508.83
3.580000 128 7 38707.95
3.580000 128 8 28284.92
3.580000 128 9 20821.48
3.580000 128 10 15221.95
3.580000 128 11 11524.99
3.580000 128 12 8646.21
3.580000 128 13 6193.99
3.580000 128 14 3868.25
3.580000 128 15 3198.58
3.580000 128 16 2946.82
3.580000 128 17 3247.99
3.580000 128 18 3156.39
3.580000 128 19 2946.33
3.580000 128 20 2001.39
3.580000 128 21 1175.90
3.580000 128 22 1540.76
3.580000 128 23 1286.88
3.580000 128 24 963.55
3.580000 128 25 -86.89
3.580000 128 26 -1163.05
3.580000 128 27 -1789.74
3.580000 128 28 -2203.96
3.580000 128 29 -3074.94
3.580000 128 30 -3864.07
3.580000 128 31 -4475.75
3.580000 128 32 -4563.34
3.580000 128 33 -4392.50
3.580000 128 34 -3982.00
3.580000 128 35 -3653.78
3.580000 128 36 -3400.50
3.580000 128 37 -2770.96
3.580000 128 38 -2654.90
3.580000 128 39 -2024.63
3.580000 128 40 -2876.26
3.580000 128 41 -2342.61
3.580000 128 42 -874.22
3.580000 128 43 477.94
3.580000 128 44 1545.21
3.580000 128 45 2534.16
3.580000 128 46 1903.02
3.580000 128 47 1185.22
3.580000 128 48 752.98
3.580000 128 49 298.74
3.580000 128 50 435.38
3.580000 128 51 -413.84
3.580000 128 52 -1508.34
3.580000 128 53 -1916.55
3.580000 128 54 -1631.31
3.580000 128 55 -1035.15
3.580000 128 56 -1357.99
3.580000 128 57 -2119.84
3.580000 128 58 -3394.85
3.580000 128 59 -4379.75
3.580000 128 60 -4965.98
3.580000 128 61 -4736.78
3.580000 128 62 -3899.68
3.580000 128 63 -3964.15
3.580000 128 64 -3457.77
3.580000 128 65 -3509.27
3.580000 128 66 -3539.38
3.580000 128 67 -2387.58
3.580000 128 68 -1970.65
3.580000 128 69 -1948.97
3.580000 128 70 -519.55
3.580000 128 71 388.21
3.580000 128 72 773.22
3.580000 128 73 749.30
3.580000 128 74 1056.11
3.580000 128 75 1456.49
3.580000 128 76 1910.90
3.580000 128 77 1746.24
3.580000 128 78 1835.71
3.580000 128 79 1518.85
3.580000 128 80 1391.93
3.580000 128 81 1225.01
3.580000 128 82 971.39
3.580000 128 83 824.95
3.580000 128 84 27.18
3.580000 128 85 -1188.87
3.580000 128 86 -2450.35
3.580000 128 87 -4474.83
3.580000 128 88 -5731.10
3.580000 128 89 -6796.47
3.580000 128 90 -7365.68
3.580000 128 91 -6757.78
3.580000 128 92 -5159.08
3.580000 128 93 -5385.81
3.580000 128 94 -5107.88
3.580000 128 95 -4126.21
3.580000 128 96 -4665.91
3.580000 128 97 -5723.96
3.580000 128 98 -7550.65
3.580000 128 99 -8697.06
3.580000 128 100 -9379.95
3.580000 128 101 -8727.69
3.580000 128 102 -7063.32
3.580000 128 103 -6507.56
3.580000 128 104 -6590.99
3.580000 128 105 -6462.96
3.580000 128 106 -6445.22
3.580000 128 107 -6595.28
3.580000 128 108 -6007.09
3.580000 128 109 -5273.63
3.580000 128 110 -4001.52
3.580000 128 111 -3932.10
3.580000 128 112 -4529.82
3.580000 128 113 -3704.67
3.580000 128 114 -4511.39
3.580000 128 115 -4215.48
3.580000 128 116 -3609.42
3.580000 128 117 -4513.38
3.580000 128 118 -5421.74
3.580000 128 119 -4762.95
3.580000 128 120 -6209.52
3.580000 128 121 -7555.26
3.580000 128 122 -7649.82
3.580000 128 123 -7078.91
3.580000 128 124 -7470.49
3.580000 128 125 -7585.12
3.580000 128 126 -7424.31
3.580000 128 127 -7685.20
3.580000 128 128 -8147.29
3.580000 128 129 -9510.42
3.580000 128 130 -10311.83
3.580000 128 131 -10418.86
3.580000 128 132 -10692.55
3.580000 128 133 -11112.00
3.580000 128 134 -11163.12
3.580000 128 135 -10920.44
3.580000 128 136 -11529.87
3.580000 128 137 -11179.38
3.580000 128 138 -9593.55
3.580000 128 139 -8982.64
3.580000 128 140 -9156.02
3.580000 128 141 -9380.68
3.580000 128 142 -9170.65
3.580000 128 143 -9191.54
3.580000 128 144 -8498.69
3.580000 128 145 -8159.93
3.580000 128 146 -8164.14
3.580000 128 147 -8594.18
3.580000 128 148 -9198.88
3.580000 128 149 -9357.93
3.580000 128 150 -9981.33
3.580000 128 151 -9857.06
3.580000 128 152 -9333.66
3.580000 128 153 -10232.79
3.580000 128 154 -12243.34
3.580000 128 155 -12922.84
3.580000 128 156 -13838.88
3.580000 128 157 -14006.90
3.580000 128 158 -14424.88
3.580000 128 159 -14258.03
3.580000 128 160 -14172.94
3.580000 128 161 -14868.25
3.580000 128 162 -15495.63
3.580000 128 163 -15935.14
3.580000 128 164 -16608.70
3.580000 128 165 -16559.69
3.580000 128 166 -15938.94
3.580000 128 167 -14974.31
3.580000 128 168 -14170.22
3.580000 128 169 -13688.16
3.580000 128 170 -12741.25
3.580000 128 171 -12075.92
3.580000 128 172 -12143.16
3.580000 128 173 -12767.87
3.580000 128 174 -12513.26
3.580000 128 175 -11965.81
3.580000 128 176 -11386.21
3.580000 128 177 -10259.35
3.580000 128 178 -9890.61
3.580000 128 179 -10026.02
3.580000 128 180 -10667.13
3.580000 128 181 -11815.02
3.580000 128 182 -11756.35
3.580000 128 183 -12727.16
3.580000 128 184 -13200.99
3.580000 128 185 -14095.50
3.580000 128 186 -15372.30
3.580000 128 187 -14954.33
3.580000 128 188 -14447.30
3.580000 128 189 -13879.46
3.580000 128 190 -14931.31
3.580000 128 191 -15175.47
3.580000 128 192 -14805.24
3.580000 128 193 -15494.04
3.580000 128 194 -15090.91
3.580000 128 195 -14556.01
3.580000 128 196 -14849.44
3.580000 128 197 -14273.30
3.580000 128 198 -14063.48
3.580000 128 199 -13881.72
