2.270000 16 0 2044.28
2.270000 16 1 1350.77
2.270000 16 2 891.03
2.270000 16 3 606.58
2.270000 16 4 422.30
2.270000 16 5 288.66
2.270000 16 6 205.76
2.270000 16 7 144.21
2.270000 16 8 122.28
2.270000 16 9 93.33
2.270000 16 10 52.10
2.270000 16 11 17.04
2.270000 16 12  2.98
2.270000 16 13  7.28
2.270000 16 14 16.20
2.270000 16 15 25.90
2.270000 16 16 24.68
2.270000 16 17  6.61
2.270000 16 18  8.83
2.270000 16 19 14.69
2.270000 16 20 18.64
2.270000 16 21 18.61
2.270000 16 22 21.26
2.270000 16 23 22.18
2.270000 16 24 11.50
2.270000 16 25 -11.88
2.270000 16 26 -33.77
2.270000 16 27 -22.13
2.270000 16 28 -19.26
2.270000 16 29 -2.19
2.270000 16 30 -1.59
2.270000 16 31 13.28
2.270000 16 32 35.84
2.270000 16 33 62.30
2.270000 16 34 57.47
2.270000 16 35 45.30
2.270000 16 36 15.83
2.270000 16 37 -2.68
2.270000 16 38 -20.50
2.270000 16 39 -32.83
2.270000 16 40 -16.11
2.270000 16 41 -7.20
2.270000 16 42 -6.30
2.270000 16 43  1.32
2.270000 16 44  9.18
2.270000 16 45  0.51
2.270000 16 46  5.47
2.270000 16 47 13.46
2.270000 16 48 20.92
2.270000 16 49  1.36
2.270000 16 50  1.43
2.270000 16 51  0.97
2.270000 16 52 -7.82
2.270000 16 53 -3.31
2.270000 16 54 -7.73
2.270000 16 55 -30.18
2.270000 16 56 -36.83
2.270000 16 57 -42.02
2.270000 16 58 -35.22
2.270000 16 59 -20.05
2.270000 16 60 -11.83
2.270000 16 61 -22.70
2.270000 16 62 -26.81
2.270000 16 63 -21.74
2.270000 16 64 -19.45
2.270000 16 65 -20.11
2.270000 16 66 -5.17
2.270000 16 67 11.50
2.270000 16 68 21.60
2.270000 16 69 -6.42
2.270000 16 70 -2.26
2.270000 16 71 -2.48
2.270000 16 72 -18.60
2.270000 16 73 -5.15
2.270000 16 74 15.63
2.270000 16 75 20.07
2.270000 16 76 38.00
2.270000 16 77 34.10
2.270000 16 78 13.93
2.270000 16 79 19.01
2.270000 16 80 30.46
2.270000 16 81 24.65
2.270000 16 82 38.46
2.270000 16 83 45.26
2.270000 16 84 44.43
2.270000 16 85 40.88
2.270000 16 86 47.80
2.270000 16 87 50.93
2.270000 16 88 69.27
2.270000 16 89 71.57
2.270000 16 90 75.84
2.270000 16 91 75.80
2.270000 16 92 76.01
2.270000 16 93 77.73
2.270000 16 94 59.57
2.270000 16 95 63.47
2.270000 16 96 37.30
2.270000 16 97 16.89
2.270000 16 98  5.66
2.270000 16 99  8.15
2.270000 16 100 32.58
2.270000 16 101 48.18
2.270000 16 102 65.07
2.270000 16 103 76.30
2.270000 16 104 74.92
2.270000 16 105 72.01
2.270000 16 106 75.64
2.270000 16 107 83.22
2.270000 16 108 94.85
2.270000 16 109 110.84
2.270000 16 110 92.28
2.270000 16 111 79.38
2.270000 16 112 70.83
2.270000 16 113 65.73
2.270000 16 114 45.90
2.270000 16 115 52.78
2.270000 16 116 57.55
2.270000 16 117 54.23
2.270000 16 118 45.08
2.270000 16 119 38.61
2.270000 16 120 37.28
2.270000 16 121 44.81
2.270000 16 122 28.35
2.270000 16 123 30.43
2.270000 16 124 52.03
2.270000 16 125 50.59
2.270000 16 126 59.78
2.270000 16 127 63.30
2.270000 16 128 46.64
2.270000 16 129 32.69
2.270000 16 130 38.31
2.270000 16 131 51.84
2.270000 16 132 43.84
2.270000 16 133 45.99
2.270000 16 134 50.56
2.270000 16 135 66.98
2.270000 16 136 87.38
2.270000 16 137 92.31
2.270000 16 138 87.26
2.270000 16 139 85.99
2.270000 16 140 83.18
2.270000 16 141 87.99
2.270000 16 142 92.88
2.270000 16 143 103.09
2.270000 16 144 120.64
2.270000 16 145 135.44
2.270000 16 146 117.86
2.270000 16 147 108.26
2.270000 16 148 89.48
2.270000 16 149 63.13
2.270000 16 150 50.21
2.270000 16 151 41.91
2.270000 16 152 33.82
2.270000 16 153 43.81
2.270000 16 154 60.49
2.270000 16 155 78.63
2.270000 16 156 102.19
2.270000 16 157 117.53
2.270000 16 158 111.41
2.270000 16 159 99.34
2.270000 16 160 91.22
2.270000 16 161 70.66
2.270000 16 162 68.39
2.270000 16 163 69.00
2.270000 16 164 69.87
2.270000 16 165 56.03
2.270000 16 166 78.46
2.270000 16 167 77.48
2.270000 16 168 61.53
2.270000 16 169 60.20
2.270000 16 170 53.12
2.270000 16 171 60.68
2.270000 16 172 70.66
2.270000 16 173 77.48
2.270000 16 174 92.80
2.270000 16 175 86.69
2.270000 16 176 98.66
2.270000 16 177 92.08
2.270000 16 178 65.72
2.270000 16 179 51.64
2.270000 16 180 34.68
2.270000 16 181 48.39
2.270000 16 182 69.51
2.270000 16 183 70.38
2.270000 16 184 68.14
2.270000 16 185 61.03
2.270000 16 186 80.28
2.270000 16 187 74.08
2.270000 16 188 64.52
2.270000 16 189 40.36
2.270000 16 190 30.31
2.270000 16 191 18.83
2.270000 16 192  8.02
2.270000 16 193 21.63
2.270000 16 194 39.37
2.270000 16 195 39.63
2.270000 16 196 43.76
2.270000 16 197 57.49
2.270000 16 198 70.14
2.270000 16 199 58.70
