2.270000 256 0 905529.87
2.270000 256 1 822502.50
2.270000 256 2 758043.47
2.270000 256 3 710638.96
2.270000 256 4 672475.55
2.270000 256 5 639205.32
2.270000 256 6 598780.68
2.270000 256 7 560999.20
2.270000 256 8 529166.11
2.270000 256 9 497118.24
2.270000 256 10 468448.03
2.270000 256 11 442318.77
2.270000 256 12 422799.10
2.270000 256 13 412263.58
2.270000 256 14 401383.22
2.270000 256 15 393065.52
2.270000 256 16 384157.40
2.270000 256 17 371412.97
2.270000 256 18 353887.58
2.270000 256 19 339915.89
2.270000 256 20 322771.05
2.270000 256 21 307951.05
2.270000 256 22 292293.58
2.270000 256 23 279793.02
2.270000 256 24 260606.13
2.270000 256 25 247424.11
2.270000 256 26 229629.29
2.270000 256 27 212599.94
2.270000 256 28 195224.04
2.270000 256 29 175375.85
2.270000 256 30 158579.10
2.270000 256 31 142140.19
2.270000 256 32 131263.41
2.270000 256 33 113049.65
2.270000 256 34 97153.27
2.270000 256 35 79369.51
2.270000 256 36 69846.47
2.270000 256 37 63312.22
2.270000 256 38 57908.10
2.270000 256 39 56721.14
2.270000 256 40 46310.92
2.270000 256 41 36707.73
2.270000 256 42 25274.29
2.270000 256 43 9236.75
2.270000 256 44 156.34
2.270000 256 45 -6649.03
2.270000 256 46 -14508.67
2.270000 256 47 -16094.97
2.270000 256 48 -15365.54
2.270000 256 49 -13637.14
2.270000 256 50 -3605.50
2.270000 256 51 7742.47
2.270000 256 52 23095.35
2.270000 256 53 40185.24
2.270000 256 54 55929.56
2.270000 256 55 69141.04
2.270000 256 56 73841.47
2.270000 256 57 77475.80
2.270000 256 58 66854.24
2.270000 256 59 48918.31
2.270000 256 60 34293.98
2.270000 256 61 20200.97
2.270000 256 62 22195.86
2.270000 256 63 26300.84
2.270000 256 64 29484.25
2.270000 256 65 31667.35
2.270000 256 66 32829.42
2.270000 256 67 47173.95
2.270000 256 68 60957.88
2.270000 256 69 71505.15
2.270000 256 70 79421.67
2.270000 256 71 79288.72
2.270000 256 72 70343.84
2.270000 256 73 67941.49
2.270000 256 74 68403.41
2.270000 256 75 81395.81
2.270000 256 76 95470.92
2.270000 256 77 115671.47
2.270000 256 78 137214.29
2.270000 256 79 149953.30
2.270000 256 80 165038.63
2.270000 256 81 180556.28
2.270000 256 82 189555.57
2.270000 256 83 195699.52
2.270000 256 84 202950.28
2.270000 256 85 208243.07
2.270000 256 86 207416.77
2.270000 256 87 218374.27
2.270000 256 88 223649.57
2.270000 256 89 221395.60
2.270000 256 90 220401.02
2.270000 256 91 226501.27
2.270000 256 92 234373.22
2.270000 256 93 234655.30
2.270000 256 94 244679.97
2.270000 256 95 243320.21
2.270000 256 96 239296.98
2.270000 256 97 234738.55
2.270000 256 98 230826.68
2.270000 256 99 215900.34
2.270000 256 100 201267.47
2.270000 256 101 189765.20
2.270000 256 102 180357.60
2.270000 256 103 171230.38
2.270000 256 104 160953.28
2.270000 256 105 148712.42
2.270000 256 106 133562.28
2.270000 256 107 118758.39
2.270000 256 108 106414.92
2.270000 256 109 99453.06
2.270000 256 110 98571.10
2.270000 256 111 89447.82
2.270000 256 112 80311.14
2.270000 256 113 73843.01
2.270000 256 114 72347.33
2.270000 256 115 79749.93
2.270000 256 116 88522.85
2.270000 256 117 90187.18
2.270000 256 118 86228.91
2.270000 256 119 84164.21
2.270000 256 120 84866.35
2.270000 256 121 82116.83
2.270000 256 122 76973.54
2.270000 256 123 68522.99
2.270000 256 124 51243.53
2.270000 256 125 45939.06
2.270000 256 126 36836.78
2.270000 256 127 27544.53
2.270000 256 128 29659.81
2.270000 256 129 38916.40
2.270000 256 130 58497.05
2.270000 256 131 82362.19
2.270000 256 132 102444.39
2.270000 256 133 110489.56
2.270000 256 134 110127.34
2.270000 256 135 114418.22
2.270000 256 136 122332.80
2.270000 256 137 127236.12
2.270000 256 138 129404.97
2.270000 256 139 128548.13
2.270000 256 140 121872.26
2.270000 256 141 116639.00
2.270000 256 142 114667.65
2.270000 256 143 115191.81
2.270000 256 144 119231.99
2.270000 256 145 119030.93
2.270000 256 146 119507.61
2.270000 256 147 128409.18
2.270000 256 148 136805.14
2.270000 256 149 144777.72
2.270000 256 150 148642.35
2.270000 256 151 154294.14
2.270000 256 152 154327.12
2.270000 256 153 150752.25
2.270000 256 154 145630.24
2.270000 256 155 135042.56
2.270000 256 156 125645.35
2.270000 256 157 115634.69
2.270000 256 158 82130.29
2.270000 256 159 49804.33
2.270000 256 160 21638.01
2.270000 256 161 -8799.11
2.270000 256 162 -38268.61
2.270000 256 163 -59064.38
2.270000 256 164 -79362.40
2.270000 256 165 -99933.20
2.270000 256 166 -113643.74
2.270000 256 167 -127389.97
2.270000 256 168 -144038.53
2.270000 256 169 -159794.80
2.270000 256 170 -169657.40
2.270000 256 171 -166810.24
2.270000 256 172 -170146.59
2.270000 256 173 -181116.73
2.270000 256 174 -188399.51
2.270000 256 175 -209642.15
2.270000 256 176 -232124.68
2.270000 256 177 -253344.69
2.270000 256 178 -257708.94
2.270000 256 179 -260835.37
2.270000 256 180 -256599.32
2.270000 256 181 -248338.59
2.270000 256 182 -246295.49
2.270000 256 183 -245006.30
2.270000 256 184 -243547.77
2.270000 256 185 -240184.25
2.270000 256 186 -234108.79
2.270000 256 187 -226343.75
2.270000 256 188 -210879.10
2.270000 256 189 -192642.32
2.270000 256 190 -175047.88
2.270000 256 191 -166602.75
2.270000 256 192 -162138.61
2.270000 256 193 -164093.71
2.270000 256 194 -165256.31
2.270000 256 195 -153116.93
2.270000 256 196 -140823.44
2.270000 256 197 -131171.49
2.270000 256 198 -122626.15
2.270000 256 199 -115054.82
