3.770000 16 0 2552.38
3.770000 16 1 1818.41
3.770000 16 2 1327.32
3.770000 16 3 1001.35
3.770000 16 4 765.15
3.770000 16 5 582.86
3.770000 16 6 431.03
3.770000 16 7 344.08
3.770000 16 8 282.04
3.770000 16 9 224.67
3.770000 16 10 188.43
3.770000 16 11 170.43
3.770000 16 12 134.71
3.770000 16 13 129.39
3.770000 16 14 93.95
3.770000 16 15 58.17
3.770000 16 16 24.13
3.770000 16 17 10.63
3.770000 16 18  4.36
3.770000 16 19 -1.45
3.770000 16 20 18.75
3.770000 16 21 30.84
3.770000 16 22 42.78
3.770000 16 23 54.10
3.770000 16 24 48.37
3.770000 16 25 54.42
3.770000 16 26 45.14
3.770000 16 27 42.03
3.770000 16 28 56.20
3.770000 16 29 57.43
3.770000 16 30 35.27
3.770000 16 31  8.83
3.770000 16 32  2.26
3.770000 16 33  4.91
3.770000 16 34 -7.96
3.770000 16 35 -37.15
3.770000 16 36 -50.98
3.770000 16 37 -43.33
3.770000 16 38 -51.82
3.770000 16 39 -23.42
3.770000 16 40  1.67
3.770000 16 41 -11.66
3.770000 16 42 -24.49
3.770000 16 43 -30.05
3.770000 16 44 -42.75
3.770000 16 45 -52.50
3.770000 16 46 -72.43
3.770000 16 47 -98.80
3.770000 16 48 -104.80
3.770000 16 49 -99.99
3.770000 16 50 -100.93
3.770000 16 51 -84.19
3.770000 16 52 -70.13
3.770000 16 53 -75.55
3.770000 16 54 -49.84
3.770000 16 55 -27.27
3.770000 16 56 -20.44
3.770000 16 57 -21.74
3.770000 16 58 -35.91
3.770000 16 59 -39.84
3.770000 16 60 -39.47
3.770000 16 61 -34.43
3.770000 16 62 -54.84
3.770000 16 63 -59.26
3.770000 16 64 -56.41
3.770000 16 65 -46.60
3.770000 16 66 -32.40
3.770000 16 67 -24.56
3.770000 16 68 -9.82
3.770000 16 69  4.95
3.770000 16 70 21.25
3.770000 16 71 35.32
3.770000 16 72 32.59
3.770000 16 73 27.97
3.770000 16 74 21.65
3.770000 16 75  0.42
3.770000 16 76 -25.64
3.770000 16 77 -27.67
3.770000 16 78 -28.20
3.770000 16 79 -26.73
3.770000 16 80 -15.25
3.770000 16 81 -25.77
3.770000 16 82 -19.78
3.770000 16 83 -22.73
3.770000 16 84 -2.67
3.770000 16 85 10.81
3.770000 16 86 -9.42
3.770000 16 87 -28.86
3.770000 16 88 -25.33
3.770000 16 89 -24.15
3.770000 16 90 -36.20
3.770000 16 91 -43.79
3.770000 16 92 -77.31
3.770000 16 93 -98.10
3.770000 16 94 -132.35
3.770000 16 95 -121.56
3.770000 16 96 -112.31
3.770000 16 97 -120.52
3.770000 16 98 -138.96
3.770000 16 99 -166.51
3.770000 16 100 -164.75
3.770000 16 101 -150.37
3.770000 16 102 -125.66
3.770000 16 103 -118.76
3.770000 16 104 -112.65
3.770000 16 105 -110.13
3.770000 16 106 -105.13
3.770000 16 107 -90.80
3.770000 16 108 -86.47
3.770000 16 109 -94.01
3.770000 16 110 -101.13
3.770000 16 111 -106.38
3.770000 16 112 -95.92
3.770000 16 113 -104.69
3.770000 16 114 -121.73
3.770000 16 115 -133.27
3.770000 16 116 -128.53
3.770000 16 117 -121.16
3.770000 16 118 -117.93
3.770000 16 119 -113.48
3.770000 16 120 -95.72
3.770000 16 121 -99.81
3.770000 16 122 -91.77
3.770000 16 123 -96.82
3.770000 16 124 -110.06
3.770000 16 125 -112.73
3.770000 16 126 -125.82
3.770000 16 127 -152.73
3.770000 16 128 -161.61
3.770000 16 129 -178.79
3.770000 16 130 -177.81
3.770000 16 131 -165.06
3.770000 16 132 -172.41
3.770000 16 133 -150.86
3.770000 16 134 -144.96
3.770000 16 135 -125.96
3.770000 16 136 -106.09
3.770000 16 137 -99.93
3.770000 16 138 -99.91
3.770000 16 139 -107.40
3.770000 16 140 -117.34
3.770000 16 141 -114.80
3.770000 16 142 -85.99
3.770000 16 143 -90.11
3.770000 16 144 -87.18
3.770000 16 145 -72.32
3.770000 16 146 -79.38
3.770000 16 147 -83.09
3.770000 16 148 -76.04
3.770000 16 149 -93.94
3.770000 16 150 -80.65
3.770000 16 151 -75.00
3.770000 16 152 -62.04
3.770000 16 153 -64.90
3.770000 16 154 -77.95
3.770000 16 155 -67.57
3.770000 16 156 -79.80
3.770000 16 157 -61.34
3.770000 16 158 -59.24
3.770000 16 159 -56.57
3.770000 16 160 -53.13
3.770000 16 161 -52.85
3.770000 16 162 -60.94
3.770000 16 163 -59.56
3.770000 16 164 -73.95
3.770000 16 165 -103.22
3.770000 16 166 -104.24
3.770000 16 167 -91.49
3.770000 16 168 -70.70
3.770000 16 169 -55.44
3.770000 16 170 -69.64
3.770000 16 171 -67.86
3.770000 16 172 -80.40
3.770000 16 173 -81.04
3.770000 16 174 -85.55
3.770000 16 175 -79.76
3.770000 16 176 -83.94
3.770000 16 177 -91.34
3.770000 16 178 -92.01
3.770000 16 179 -94.39
3.770000 16 180 -92.59
3.770000 16 181 -100.24
3.770000 16 182 -113.70
3.770000 16 183 -145.13
3.770000 16 184 -140.43
3.770000 16 185 -139.81
3.770000 16 186 -134.45
3.770000 16 187 -112.37
3.770000 16 188 -96.31
3.770000 16 189 -44.97
3.770000 16 190 -31.68
3.770000 16 191 -29.22
3.770000 16 192 -4.09
3.770000 16 193 17.68
3.770000 16 194  9.31
3.770000 16 195 10.03
3.770000 16 196 34.95
3.770000 16 197 45.92
3.770000 16 198 27.93
3.770000 16 199 15.26
