3.520000 24 0 9683.72
3.520000 24 1 5718.13
3.520000 24 2 3534.25
3.520000 24 3 2229.08
3.520000 24 4 1416.94
3.520000 24 5 872.03
3.520000 24 6 532.55
3.520000 24 7 340.36
3.520000 24 8 208.03
3.520000 24 9 156.34
3.520000 24 10 137.36
3.520000 24 11 130.58
3.520000 24 12 147.95
3.520000 24 13 123.94
3.520000 24 14 73.60
3.520000 24 15 25.05
3.520000 24 16 17.97
3.520000 24 17 -24.59
3.520000 24 18 -40.32
3.520000 24 19 -20.33
3.520000 24 20 -27.85
3.520000 24 21  5.32
3.520000 24 22 12.31
3.520000 24 23 16.48
3.520000 24 24 -8.56
3.520000 24 25 -34.18
3.520000 24 26 -55.89
3.520000 24 27 -21.60
3.520000 24 28  1.92
3.520000 24 29 -1.06
3.520000 24 30 -9.46
3.520000 24 31 -33.54
3.520000 24 32 -13.70
3.520000 24 33  5.60
3.520000 24 34 56.03
3.520000 24 35 57.64
3.520000 24 36 46.09
3.520000 24 37 31.06
3.520000 24 38 30.94
3.520000 24 39 44.91
3.520000 24 40 31.82
3.520000 24 41  7.73
3.520000 24 42 -41.31
3.520000 24 43 -26.74
3.520000 24 44 -56.29
3.520000 24 45 -38.85
3.520000 24 46 -36.79
3.520000 24 47 -46.21
3.520000 24 48 -86.68
3.520000 24 49 -98.63
3.520000 24 50 -54.22
3.520000 24 51 -49.23
3.520000 24 52 -45.41
3.520000 24 53 -39.86
3.520000 24 54 -44.20
3.520000 24 55 -33.02
3.520000 24 56 -44.49
3.520000 24 57 -34.56
3.520000 24 58 -31.58
3.520000 24 59 -16.55
3.520000 24 60 -2.72
3.520000 24 61 -1.23
3.520000 24 62 14.01
3.520000 24 63 -12.20
3.520000 24 64 18.10
3.520000 24 65 14.48
3.520000 24 66 -15.11
3.520000 24 67 -35.04
3.520000 24 68 -50.93
3.520000 24 69 -37.69
3.520000 24 70 -44.34
3.520000 24 71 -22.49
3.520000 24 72 -17.79
3.520000 24 73 11.48
3.520000 24 74 26.31
3.520000 24 75 48.01
3.520000 24 76 26.82
3.520000 24 77 -1.88
3.520000 24 78 28.52
3.520000 24 79 -1.39
3.520000 24 80 -10.46
3.520000 24 81 19.39
3.520000 24 82 33.97
3.520000 24 83  3.53
3.520000 24 84 -9.15
3.520000 24 85 -34.04
3.520000 24 86 -29.06
3.520000 24 87 -49.95
3.520000 24 88 -59.71
3.520000 24 89 -53.39
3.520000 24 90 -48.07
3.520000 24 91 -32.88
3.520000 24 92 -21.36
3.520000 24 93 -0.50
3.520000 24 94 -15.04
3.520000 24 95 -17.86
3.520000 24 96 -23.38
3.520000 24 97 -45.94
3.520000 24 98 -10.61
3.520000 24 99 -7.24
3.520000 24 100  7.26
3.520000 24 101 23.09
3.520000 24 102  5.32
3.520000 24 103 -12.30
3.520000 24 104 -32.95
3.520000 24 105 -32.69
3.520000 24 106 -14.39
3.520000 24 107  3.12
3.520000 24 108 16.87
3.520000 24 109 26.88
3.520000 24 110 55.00
3.520000 24 111 57.98
3.520000 24 112 79.58
3.520000 24 113 64.22
3.520000 24 114 55.65
3.520000 24 115 34.70
3.520000 24 116 51.26
3.520000 24 117 39.27
3.520000 24 118 48.12
3.520000 24 119 49.62
3.520000 24 120 19.07
3.520000 24 121 18.72
3.520000 24 122 -4.99
3.520000 24 123 -45.69
3.520000 24 124 -34.70
3.520000 24 125 -31.78
3.520000 24 126 -31.37
3.520000 24 127 -48.05
3.520000 24 128 -54.30
3.520000 24 129 -76.06
3.520000 24 130 -112.58
3.520000 24 131 -95.12
3.520000 24 132 -104.97
3.520000 24 133 -91.61
3.520000 24 134 -91.82
3.520000 24 135 -68.46
3.520000 24 136 -59.34
3.520000 24 137 -42.75
3.520000 24 138 -61.07
3.520000 24 139 -76.57
3.520000 24 140 -83.57
3.520000 24 141 -70.80
3.520000 24 142 -99.95
3.520000 24 143 -86.72
3.520000 24 144 -71.95
3.520000 24 145 -57.82
3.520000 24 146 -34.43
3.520000 24 147 -68.87
3.520000 24 148 -40.96
3.520000 24 149 -24.97
3.520000 24 150 -19.81
3.520000 24 151 -30.82
3.520000 24 152 -10.87
3.520000 24 153 -3.45
3.520000 24 154 -9.30
3.520000 24 155 -49.80
3.520000 24 156 -68.34
3.520000 24 157 -84.06
3.520000 24 158 -95.29
3.520000 24 159 -106.26
3.520000 24 160 -83.20
3.520000 24 161 -53.29
3.520000 24 162 -48.78
3.520000 24 163 -58.14
3.520000 24 164 -84.20
3.520000 24 165 -101.29
3.520000 24 166 -102.69
3.520000 24 167 -90.50
3.520000 24 168 -65.03
3.520000 24 169 -57.50
3.520000 24 170 -69.02
3.520000 24 171 -64.14
3.520000 24 172 -29.79
3.520000 24 173 -5.18
3.520000 24 174  1.26
3.520000 24 175 37.62
3.520000 24 176 27.47
3.520000 24 177 38.27
3.520000 24 178 28.07
3.520000 24 179 27.21
3.520000 24 180 62.37
3.520000 24 181 90.85
3.520000 24 182 66.50
3.520000 24 183 44.16
3.520000 24 184 26.09
3.520000 24 185 16.88
3.520000 24 186 -2.63
3.520000 24 187 -11.38
3.520000 24 188 -16.32
3.520000 24 189 -5.01
3.520000 24 190  3.93
3.520000 24 191 -24.05
3.520000 24 192 -55.21
3.520000 24 193 -65.51
3.520000 24 194 -55.20
3.520000 24 195 -67.80
3.520000 24 196 -46.77
3.520000 24 197 -39.43
3.520000 24 198 -43.35
3.520000 24 199 -69.02
