3.780000 128 0 134580.79
3.780000 128 1 132547.45
3.780000 128 2 130571.55
3.780000 128 3 128660.23
3.780000 128 4 126989.04
3.780000 128 5 125350.62
3.780000 128 6 124210.55
3.780000 128 7 123359.90
3.780000 128 8 122625.92
3.780000 128 9 121891.58
3.780000 128 10 121351.41
3.780000 128 11 120520.41
3.780000 128 12 119782.39
3.780000 128 13 119224.88
3.780000 128 14 118980.03
3.780000 128 15 118697.74
3.780000 128 16 118430.50
3.780000 128 17 118116.20
3.780000 128 18 117888.59
3.780000 128 19 117825.86
3.780000 128 20 117988.46
3.780000 128 21 118101.74
3.780000 128 22 118158.06
3.780000 128 23 118168.03
3.780000 128 24 118428.35
3.780000 128 25 118769.07
3.780000 128 26 119151.66
3.780000 128 27 119548.47
3.780000 128 28 119893.51
3.780000 128 29 120300.52
3.780000 128 30 120749.02
3.780000 128 31 121529.50
3.780000 128 32 122387.08
3.780000 128 33 122932.78
3.780000 128 34 123474.30
3.780000 128 35 124043.44
3.780000 128 36 124283.10
3.780000 128 37 124594.10
3.780000 128 38 125029.23
3.780000 128 39 125407.80
3.780000 128 40 125664.29
3.780000 128 41 125852.41
3.780000 128 42 125891.17
3.780000 128 43 125866.90
3.780000 128 44 125922.89
3.780000 128 45 126217.34
3.780000 128 46 126543.50
3.780000 128 47 126870.38
3.780000 128 48 126792.67
3.780000 128 49 126687.43
3.780000 128 50 126476.55
3.780000 128 51 126175.90
3.780000 128 52 125839.50
3.780000 128 53 125439.54
3.780000 128 54 125669.09
3.780000 128 55 125944.31
3.780000 128 56 126274.25
3.780000 128 57 126612.34
3.780000 128 58 126768.91
3.780000 128 59 126949.21
3.780000 128 60 126971.14
3.780000 128 61 126893.62
3.780000 128 62 126292.22
3.780000 128 63 125704.33
3.780000 128 64 124907.63
3.780000 128 65 124078.62
3.780000 128 66 123240.88
3.780000 128 67 122463.38
3.780000 128 68 121636.44
3.780000 128 69 120719.49
3.780000 128 70 119962.94
3.780000 128 71 119443.89
3.780000 128 72 119191.46
3.780000 128 73 119040.83
3.780000 128 74 119001.17
3.780000 128 75 118898.18
3.780000 128 76 119310.34
3.780000 128 77 119785.23
3.780000 128 78 120261.78
3.780000 128 79 120795.13
3.780000 128 80 121281.27
3.780000 128 81 121696.72
3.780000 128 82 122390.20
3.780000 128 83 123054.73
3.780000 128 84 123664.67
3.780000 128 85 124259.19
3.780000 128 86 124841.47
3.780000 128 87 125307.98
3.780000 128 88 125772.19
3.780000 128 89 126350.97
3.780000 128 90 126895.72
3.780000 128 91 127447.92
3.780000 128 92 127976.96
3.780000 128 93 128450.04
3.780000 128 94 128932.39
3.780000 128 95 129418.87
3.780000 128 96 129953.52
3.780000 128 97 130410.27
3.780000 128 98 130935.49
3.780000 128 99 131448.64
3.780000 128 100 131777.90
3.780000 128 101 132018.58
3.780000 128 102 132352.48
3.780000 128 103 132653.26
3.780000 128 104 132814.37
3.780000 128 105 132830.48
3.780000 128 106 133310.38
3.780000 128 107 133777.32
3.780000 128 108 134439.55
3.780000 128 109 135254.05
3.780000 128 110 135726.95
3.780000 128 111 136151.59
3.780000 128 112 136535.80
3.780000 128 113 137078.94
3.780000 128 114 137736.61
3.780000 128 115 138651.09
3.780000 128 116 139696.11
3.780000 128 117 140569.63
3.780000 128 118 141302.05
3.780000 128 119 141895.72
3.780000 128 120 142278.37
3.780000 128 121 142627.24
3.780000 128 122 142754.97
3.780000 128 123 143006.27
3.780000 128 124 143467.17
3.780000 128 125 143745.66
3.780000 128 126 144203.25
3.780000 128 127 144466.01
3.780000 128 128 144626.51
3.780000 128 129 145016.49
3.780000 128 130 145376.26
3.780000 128 131 145521.09
3.780000 128 132 145583.17
3.780000 128 133 145702.30
3.780000 128 134 146162.05
3.780000 128 135 146691.21
3.780000 128 136 147344.05
3.780000 128 137 147922.24
3.780000 128 138 148506.99
3.780000 128 139 148893.33
3.780000 128 140 149399.99
3.780000 128 141 149993.63
3.780000 128 142 150532.54
3.780000 128 143 151220.51
3.780000 128 144 151868.35
3.780000 128 145 152554.95
3.780000 128 146 153375.10
3.780000 128 147 154351.58
3.780000 128 148 155564.88
3.780000 128 149 156782.91
3.780000 128 150 157747.83
3.780000 128 151 158496.89
3.780000 128 152 159300.00
3.780000 128 153 159854.03
3.780000 128 154 160298.69
3.780000 128 155 160605.81
3.780000 128 156 160912.84
3.780000 128 157 161146.87
3.780000 128 158 161674.75
3.780000 128 159 162047.30
3.780000 128 160 162362.39
3.780000 128 161 162661.70
3.780000 128 162 162900.74
3.780000 128 163 163142.44
3.780000 128 164 163463.39
3.780000 128 165 163772.78
3.780000 128 166 164049.18
3.780000 128 167 164128.58
3.780000 128 168 164055.58
3.780000 128 169 163814.37
3.780000 128 170 163850.42
3.780000 128 171 164048.04
3.780000 128 172 164426.73
3.780000 128 173 164648.50
3.780000 128 174 164909.69
3.780000 128 175 165387.74
3.780000 128 176 165793.17
3.780000 128 177 166376.16
3.780000 128 178 166846.97
3.780000 128 179 167322.43
3.780000 128 180 167595.77
3.780000 128 181 167965.66
3.780000 128 182 168277.04
3.780000 128 183 168457.81
3.780000 128 184 168598.75
3.780000 128 185 168573.70
3.780000 128 186 168594.16
3.780000 128 187 168563.51
3.780000 128 188 168665.04
3.780000 128 189 168735.95
3.780000 128 190 168817.72
3.780000 128 191 168774.22
3.780000 128 192 168661.88
3.780000 128 193 168380.54
3.780000 128 194 168580.51
3.780000 128 195 169220.89
3.780000 128 196 170183.21
3.780000 128 197 171088.78
3.780000 128 198 171983.03
3.780000 128 199 172803.90
