3.652000 16 0 5209.92
3.652000 16 1 3455.02
3.652000 16 2 2377.61
3.652000 16 3 1685.59
3.652000 16 4 1202.88
3.652000 16 5 853.51
3.652000 16 6 597.80
3.652000 16 7 406.36
3.652000 16 8 279.08
3.652000 16 9 185.58
3.652000 16 10 122.59
3.652000 16 11 79.69
3.652000 16 12 46.50
3.652000 16 13 26.99
3.652000 16 14 12.99
3.652000 16 15  0.97
3.652000 16 16 -1.69
3.652000 16 17 -13.02
3.652000 16 18 -10.21
3.652000 16 19  4.17
3.652000 16 20  3.72
3.652000 16 21 10.98
3.652000 16 22  0.44
3.652000 16 23 11.08
3.652000 16 24 20.42
3.652000 16 25 25.61
3.652000 16 26 31.03
3.652000 16 27 32.90
3.652000 16 28 31.77
3.652000 16 29 29.36
3.652000 16 30 15.42
3.652000 16 31 17.20
3.652000 16 32  3.60
3.652000 16 33 -3.85
3.652000 16 34  0.15
3.652000 16 35 -12.23
3.652000 16 36 -12.58
3.652000 16 37 -14.78
3.652000 16 38 -28.63
3.652000 16 39 -33.58
3.652000 16 40 -37.02
3.652000 16 41 -46.16
3.652000 16 42 -47.77
3.652000 16 43 -45.79
3.652000 16 44 -46.57
3.652000 16 45 -43.02
3.652000 16 46 -42.37
3.652000 16 47 -36.89
3.652000 16 48 -30.75
3.652000 16 49 -26.27
3.652000 16 50 -17.69
3.652000 16 51 -11.42
3.652000 16 52 -5.03
3.652000 16 53 -3.25
3.652000 16 54 -9.54
3.652000 16 55 -17.39
3.652000 16 56 -16.57
3.652000 16 57 -29.39
3.652000 16 58 -44.25
3.652000 16 59 -60.44
3.652000 16 60 -53.83
3.652000 16 61 -58.35
3.652000 16 62 -36.21
3.652000 16 63 -22.29
3.652000 16 64 -3.50
3.652000 16 65  0.10
3.652000 16 66 -4.14
3.652000 16 67 -12.08
3.652000 16 68 -12.05
3.652000 16 69 -17.46
3.652000 16 70 -17.79
3.652000 16 71 -2.09
3.652000 16 72  1.55
3.652000 16 73  4.37
3.652000 16 74  7.64
3.652000 16 75  5.28
3.652000 16 76 13.57
3.652000 16 77 12.69
3.652000 16 78 25.63
3.652000 16 79 34.26
3.652000 16 80 29.33
3.652000 16 81 18.81
3.652000 16 82  0.72
3.652000 16 83 -14.36
3.652000 16 84 -25.26
3.652000 16 85 -30.24
3.652000 16 86 -21.59
3.652000 16 87 -14.37
3.652000 16 88 -8.45
3.652000 16 89  0.99
3.652000 16 90 16.67
3.652000 16 91 26.13
3.652000 16 92 17.60
3.652000 16 93 11.06
3.652000 16 94  2.84
3.652000 16 95  4.10
3.652000 16 96 10.64
3.652000 16 97 12.14
3.652000 16 98 20.18
3.652000 16 99 29.37
3.652000 16 100 28.89
3.652000 16 101 33.83
3.652000 16 102 18.05
3.652000 16 103 23.61
3.652000 16 104 23.28
3.652000 16 105 24.46
3.652000 16 106 20.05
3.652000 16 107 35.42
3.652000 16 108 39.43
3.652000 16 109 44.67
3.652000 16 110 44.69
3.652000 16 111 14.41
3.652000 16 112 -12.79
3.652000 16 113 -11.38
3.652000 16 114 -25.94
3.652000 16 115 -37.33
3.652000 16 116 -22.64
3.652000 16 117 -5.49
3.652000 16 118 10.92
3.652000 16 119 18.00
3.652000 16 120 17.50
3.652000 16 121 31.32
3.652000 16 122 25.13
3.652000 16 123 18.64
3.652000 16 124 13.41
3.652000 16 125 10.47
3.652000 16 126  6.24
3.652000 16 127  3.59
3.652000 16 128 17.80
3.652000 16 129  8.64
3.652000 16 130 19.57
3.652000 16 131 40.80
3.652000 16 132 41.52
3.652000 16 133 43.99
3.652000 16 134 37.47
3.652000 16 135 37.49
3.652000 16 136 41.70
3.652000 16 137 45.18
3.652000 16 138 41.61
3.652000 16 139 29.14
3.652000 16 140 29.14
3.652000 16 141 22.88
3.652000 16 142 30.05
3.652000 16 143 31.11
3.652000 16 144 26.17
3.652000 16 145 14.94
3.652000 16 146  0.77
3.652000 16 147 -16.63
3.652000 16 148 -24.55
3.652000 16 149 -26.35
3.652000 16 150 -34.64
3.652000 16 151 -30.32
3.652000 16 152 -20.38
3.652000 16 153 -12.92
3.652000 16 154 -16.25
3.652000 16 155 -22.14
3.652000 16 156 -19.18
3.652000 16 157 -24.99
3.652000 16 158 -14.35
3.652000 16 159  1.98
3.652000 16 160 19.26
3.652000 16 161 39.99
3.652000 16 162 45.73
3.652000 16 163 54.52
3.652000 16 164 60.34
3.652000 16 165 59.02
3.652000 16 166 60.46
3.652000 16 167 67.11
3.652000 16 168 58.89
3.652000 16 169 49.95
3.652000 16 170 43.56
3.652000 16 171 45.01
3.652000 16 172 40.93
3.652000 16 173 40.97
3.652000 16 174 32.65
3.652000 16 175 20.60
3.652000 16 176  7.06
3.652000 16 177 -0.53
3.652000 16 178 -7.61
3.652000 16 179  1.25
3.652000 16 180 13.84
3.652000 16 181 28.04
3.652000 16 182 36.58
3.652000 16 183 37.39
3.652000 16 184 35.14
3.652000 16 185 33.32
3.652000 16 186 22.37
3.652000 16 187 10.35
3.652000 16 188  5.03
3.652000 16 189 -6.33
3.652000 16 190 -0.05
3.652000 16 191 -0.01
3.652000 16 192 -5.36
3.652000 16 193  0.06
3.652000 16 194  5.80
3.652000 16 195 29.22
3.652000 16 196 32.00
3.652000 16 197 27.62
3.652000 16 198 35.67
3.652000 16 199 19.66
