3.480000 16 0 1636.00
3.480000 16 1 862.96
3.480000 16 2 476.53
3.480000 16 3 266.28
3.480000 16 4 149.42
3.480000 16 5 68.33
3.480000 16 6 63.53
3.480000 16 7 57.10
3.480000 16 8 36.25
3.480000 16 9 32.26
3.480000 16 10 19.46
3.480000 16 11 10.21
3.480000 16 12  9.47
3.480000 16 13  6.82
3.480000 16 14 22.04
3.480000 16 15 -0.55
3.480000 16 16 -1.32
3.480000 16 17 -3.56
3.480000 16 18 -1.73
3.480000 16 19 -13.71
3.480000 16 20 -10.78
3.480000 16 21 -3.23
3.480000 16 22  8.93
3.480000 16 23 22.16
3.480000 16 24  8.29
3.480000 16 25 10.30
3.480000 16 26 31.45
3.480000 16 27 41.99
3.480000 16 28 53.03
3.480000 16 29 34.21
3.480000 16 30 24.96
3.480000 16 31 37.91
3.480000 16 32 48.16
3.480000 16 33 16.44
3.480000 16 34  5.28
3.480000 16 35 -8.67
3.480000 16 36  1.58
3.480000 16 37 -7.18
3.480000 16 38 -6.97
3.480000 16 39  7.79
3.480000 16 40 16.38
3.480000 16 41 12.72
3.480000 16 42  1.36
3.480000 16 43  3.19
3.480000 16 44  0.96
3.480000 16 45  3.41
3.480000 16 46 25.26
3.480000 16 47 48.96
3.480000 16 48 52.78
3.480000 16 49 19.04
3.480000 16 50  3.99
3.480000 16 51 -6.18
3.480000 16 52 -12.61
3.480000 16 53 -14.21
3.480000 16 54  3.13
3.480000 16 55  1.32
3.480000 16 56  3.74
3.480000 16 57 -0.78
3.480000 16 58  6.72
3.480000 16 59 -7.20
3.480000 16 60 -4.22
3.480000 16 61 -6.96
3.480000 16 62 -14.80
3.480000 16 63 -34.91
3.480000 16 64 -33.90
3.480000 16 65 -34.26
3.480000 16 66 -17.76
3.480000 16 67 -22.18
3.480000 16 68 -23.50
3.480000 16 69 -27.89
3.480000 16 70 -26.48
3.480000 16 71 -32.55
3.480000 16 72 -15.31
3.480000 16 73 -20.21
3.480000 16 74 -52.00
3.480000 16 75 -44.46
3.480000 16 76 -36.77
3.480000 16 77 -34.78
3.480000 16 78 -32.76
3.480000 16 79 -37.42
3.480000 16 80 -52.27
3.480000 16 81 -57.48
3.480000 16 82 -56.02
3.480000 16 83 -65.41
3.480000 16 84 -49.35
3.480000 16 85 -37.63
3.480000 16 86 -41.85
3.480000 16 87 -36.58
3.480000 16 88 -33.91
3.480000 16 89 -23.59
3.480000 16 90 -34.01
3.480000 16 91 -43.87
3.480000 16 92 -37.67
3.480000 16 93 -43.56
3.480000 16 94 -44.75
3.480000 16 95 -36.74
3.480000 16 96 -52.44
3.480000 16 97 -60.26
3.480000 16 98 -62.82
3.480000 16 99 -54.14
3.480000 16 100 -37.22
3.480000 16 101 -37.79
3.480000 16 102 -33.86
3.480000 16 103 -21.10
3.480000 16 104 -5.70
3.480000 16 105 -11.52
3.480000 16 106 -14.29
3.480000 16 107 -28.19
3.480000 16 108 -20.52
3.480000 16 109 -1.35
3.480000 16 110  1.01
3.480000 16 111 -4.11
3.480000 16 112 -3.86
3.480000 16 113 -0.42
3.480000 16 114 -3.58
3.480000 16 115  4.79
3.480000 16 116  2.05
3.480000 16 117 -7.92
3.480000 16 118 -24.08
3.480000 16 119 -28.22
3.480000 16 120 -32.64
3.480000 16 121 -31.84
3.480000 16 122 -14.79
3.480000 16 123 -12.80
3.480000 16 124 -19.34
3.480000 16 125 -6.46
3.480000 16 126 -11.48
3.480000 16 127 -19.67
3.480000 16 128 -25.01
3.480000 16 129 -38.37
3.480000 16 130 -45.27
3.480000 16 131 -26.34
3.480000 16 132 -30.39
3.480000 16 133 -23.47
3.480000 16 134 -18.22
3.480000 16 135 -11.26
3.480000 16 136 -4.56
3.480000 16 137  6.72
3.480000 16 138  1.66
3.480000 16 139 -18.37
3.480000 16 140 -40.65
3.480000 16 141 -70.33
3.480000 16 142 -71.80
3.480000 16 143 -85.38
3.480000 16 144 -82.93
3.480000 16 145 -81.61
3.480000 16 146 -93.24
3.480000 16 147 -105.89
3.480000 16 148 -107.75
3.480000 16 149 -98.57
3.480000 16 150 -77.01
3.480000 16 151 -58.36
3.480000 16 152 -43.34
3.480000 16 153 -29.82
3.480000 16 154 -43.79
3.480000 16 155 -57.27
3.480000 16 156 -58.23
3.480000 16 157 -66.62
3.480000 16 158 -62.17
3.480000 16 159 -62.91
3.480000 16 160 -55.96
3.480000 16 161 -42.34
3.480000 16 162 -35.44
3.480000 16 163 -18.67
3.480000 16 164 -32.87
3.480000 16 165 -55.88
3.480000 16 166 -61.11
3.480000 16 167 -65.13
3.480000 16 168 -79.99
3.480000 16 169 -83.10
3.480000 16 170 -67.02
3.480000 16 171 -85.06
3.480000 16 172 -79.49
3.480000 16 173 -60.23
3.480000 16 174 -82.81
3.480000 16 175 -93.50
3.480000 16 176 -71.80
3.480000 16 177 -54.62
3.480000 16 178 -40.42
3.480000 16 179 -40.45
3.480000 16 180 -49.32
3.480000 16 181 -41.14
3.480000 16 182 -32.81
3.480000 16 183 -51.32
3.480000 16 184 -43.77
3.480000 16 185 -44.66
3.480000 16 186 -58.08
3.480000 16 187 -51.40
3.480000 16 188 -49.91
3.480000 16 189 -72.19
3.480000 16 190 -81.50
3.480000 16 191 -75.63
3.480000 16 192 -81.42
3.480000 16 193 -76.58
3.480000 16 194 -70.65
3.480000 16 195 -76.39
3.480000 16 196 -99.11
3.480000 16 197 -117.14
3.480000 16 198 -107.42
3.480000 16 199 -100.60
