2.250000 64 0 40986.49
2.250000 64 1 30857.26
2.250000 64 2 23803.46
2.250000 64 3 18779.55
2.250000 64 4 14999.64
2.250000 64 5 12247.18
2.250000 64 6 10112.24
2.250000 64 7 8629.40
2.250000 64 8 7510.23
2.250000 64 9 6194.64
2.250000 64 10 5203.47
2.250000 64 11 4356.12
2.250000 64 12 3884.48
2.250000 64 13 3484.64
2.250000 64 14 3112.36
2.250000 64 15 2689.90
2.250000 64 16 2166.35
2.250000 64 17 1710.71
2.250000 64 18 1655.56
2.250000 64 19 1952.74
2.250000 64 20 2226.59
2.250000 64 21 2419.28
2.250000 64 22 2672.73
2.250000 64 23 2970.34
2.250000 64 24 2983.05
2.250000 64 25 2984.49
2.250000 64 26 2961.10
2.250000 64 27 3150.45
2.250000 64 28 3343.24
2.250000 64 29 3652.88
2.250000 64 30 4044.46
2.250000 64 31 4430.52
2.250000 64 32 4647.57
2.250000 64 33 4760.47
2.250000 64 34 4619.35
2.250000 64 35 4637.48
2.250000 64 36 4320.69
2.250000 64 37 4399.08
2.250000 64 38 4397.15
2.250000 64 39 4667.57
2.250000 64 40 5076.59
2.250000 64 41 5362.86
2.250000 64 42 5663.28
2.250000 64 43 5543.22
2.250000 64 44 5542.80
2.250000 64 45 5667.97
2.250000 64 46 5806.61
2.250000 64 47 6121.30
2.250000 64 48 6198.95
2.250000 64 49 5868.03
2.250000 64 50 5337.76
2.250000 64 51 4880.33
2.250000 64 52 5130.14
2.250000 64 53 4818.63
2.250000 64 54 4550.21
2.250000 64 55 4299.17
2.250000 64 56 3818.39
2.250000 64 57 3568.48
2.250000 64 58 3048.40
2.250000 64 59 2824.85
2.250000 64 60 2588.09
2.250000 64 61 2384.64
2.250000 64 62 2417.36
2.250000 64 63 2290.55
2.250000 64 64 2393.11
2.250000 64 65 2282.02
2.250000 64 66 2513.74
2.250000 64 67 2858.99
2.250000 64 68 3374.53
2.250000 64 69 3897.05
2.250000 64 70 4148.33
2.250000 64 71 4297.21
2.250000 64 72 4373.37
2.250000 64 73 4215.75
2.250000 64 74 4211.36
2.250000 64 75 4299.36
2.250000 64 76 4426.63
2.250000 64 77 4422.15
2.250000 64 78 4723.76
2.250000 64 79 4554.74
2.250000 64 80 4393.99
2.250000 64 81 4201.61
2.250000 64 82 4041.18
2.250000 64 83 3722.98
2.250000 64 84 3617.42
2.250000 64 85 4085.22
2.250000 64 86 4205.47
2.250000 64 87 4067.82
2.250000 64 88 3880.78
2.250000 64 89 3619.12
2.250000 64 90 3528.65
2.250000 64 91 3611.05
2.250000 64 92 3238.14
2.250000 64 93 3086.97
2.250000 64 94 3097.96
2.250000 64 95 2873.55
2.250000 64 96 2702.89
2.250000 64 97 2370.43
2.250000 64 98 1998.23
2.250000 64 99 1628.17
2.250000 64 100 1291.25
2.250000 64 101 1286.48
2.250000 64 102 1035.23
2.250000 64 103 874.92
2.250000 64 104 960.96
2.250000 64 105 781.47
2.250000 64 106 504.78
2.250000 64 107 216.03
2.250000 64 108 275.64
2.250000 64 109 227.00
2.250000 64 110 23.23
2.250000 64 111 300.02
2.250000 64 112 563.19
2.250000 64 113 298.45
2.250000 64 114 27.22
2.250000 64 115 -156.22
2.250000 64 116 -613.52
2.250000 64 117 -830.22
2.250000 64 118 -676.79
2.250000 64 119 -800.54
2.250000 64 120 -766.32
2.250000 64 121 -737.33
2.250000 64 122 -873.84
2.250000 64 123 -1160.57
2.250000 64 124 -1194.71
2.250000 64 125 -1105.42
2.250000 64 126 -1098.02
2.250000 64 127 -975.24
2.250000 64 128 -765.47
2.250000 64 129 -760.88
2.250000 64 130 -1010.08
2.250000 64 131 -1654.42
2.250000 64 132 -1844.53
2.250000 64 133 -2163.60
2.250000 64 134 -2481.45
2.250000 64 135 -2753.94
2.250000 64 136 -3191.39
2.250000 64 137 -3335.68
2.250000 64 138 -3304.42
2.250000 64 139 -3308.31
2.250000 64 140 -3369.34
2.250000 64 141 -3136.70
2.250000 64 142 -2617.35
2.250000 64 143 -2982.81
2.250000 64 144 -3332.03
2.250000 64 145 -3504.96
2.250000 64 146 -3397.77
2.250000 64 147 -3583.92
2.250000 64 148 -3595.02
2.250000 64 149 -3538.70
2.250000 64 150 -3646.50
2.250000 64 151 -4064.43
2.250000 64 152 -4413.48
2.250000 64 153 -4532.12
2.250000 64 154 -4768.02
2.250000 64 155 -4945.48
2.250000 64 156 -4998.87
2.250000 64 157 -4714.55
2.250000 64 158 -4624.91
2.250000 64 159 -4251.37
2.250000 64 160 -4509.88
2.250000 64 161 -4825.88
2.250000 64 162 -5255.26
2.250000 64 163 -5469.99
2.250000 64 164 -5581.37
2.250000 64 165 -5372.18
2.250000 64 166 -5668.64
2.250000 64 167 -5915.65
2.250000 64 168 -6189.55
2.250000 64 169 -6251.26
2.250000 64 170 -6392.67
2.250000 64 171 -6397.48
2.250000 64 172 -6567.41
2.250000 64 173 -6639.98
2.250000 64 174 -6907.13
2.250000 64 175 -6731.64
2.250000 64 176 -6494.58
2.250000 64 177 -6731.98
2.250000 64 178 -6989.28
2.250000 64 179 -7431.05
2.250000 64 180 -7892.14
2.250000 64 181 -7958.20
2.250000 64 182 -8185.48
2.250000 64 183 -7999.58
2.250000 64 184 -7872.72
2.250000 64 185 -7630.79
2.250000 64 186 -7137.87
2.250000 64 187 -6834.92
2.250000 64 188 -6770.64
2.250000 64 189 -6802.24
2.250000 64 190 -6798.26
2.250000 64 191 -6985.63
2.250000 64 192 -7371.21
2.250000 64 193 -7713.67
2.250000 64 194 -7984.50
2.250000 64 195 -7982.49
2.250000 64 196 -8013.74
2.250000 64 197 -8007.84
2.250000 64 198 -7852.89
2.250000 64 199 -7893.41
