3.637000 16 0 5134.89
3.637000 16 1 3361.27
3.637000 16 2 2288.22
3.637000 16 3 1600.33
3.637000 16 4 1130.28
3.637000 16 5 786.25
3.637000 16 6 551.99
3.637000 16 7 393.66
3.637000 16 8 293.24
3.637000 16 9 213.29
3.637000 16 10 140.88
3.637000 16 11 95.04
3.637000 16 12 69.65
3.637000 16 13 52.90
3.637000 16 14 43.39
3.637000 16 15 51.31
3.637000 16 16 41.74
3.637000 16 17 28.29
3.637000 16 18 22.32
3.637000 16 19 17.40
3.637000 16 20 12.27
3.637000 16 21 16.01
3.637000 16 22 14.52
3.637000 16 23  7.05
3.637000 16 24 -3.94
3.637000 16 25 -8.77
3.637000 16 26 -7.08
3.637000 16 27  1.00
3.637000 16 28  5.71
3.637000 16 29 20.36
3.637000 16 30 26.46
3.637000 16 31 32.49
3.637000 16 32 42.00
3.637000 16 33 47.27
3.637000 16 34 46.73
3.637000 16 35 55.24
3.637000 16 36 56.86
3.637000 16 37 54.91
3.637000 16 38 50.26
3.637000 16 39 49.94
3.637000 16 40 66.62
3.637000 16 41 55.39
3.637000 16 42 44.20
3.637000 16 43 28.00
3.637000 16 44 12.58
3.637000 16 45 12.99
3.637000 16 46  5.43
3.637000 16 47 -0.66
3.637000 16 48  0.65
3.637000 16 49 -4.32
3.637000 16 50 -2.13
3.637000 16 51 -1.84
3.637000 16 52  9.77
3.637000 16 53 10.18
3.637000 16 54 18.21
3.637000 16 55 28.53
3.637000 16 56  1.39
3.637000 16 57 -7.97
3.637000 16 58 -20.86
3.637000 16 59 -14.47
3.637000 16 60 -2.44
3.637000 16 61  3.69
3.637000 16 62 -2.61
3.637000 16 63 10.52
3.637000 16 64 18.18
3.637000 16 65  5.81
3.637000 16 66  2.64
3.637000 16 67 -5.88
3.637000 16 68 -20.18
3.637000 16 69 -21.37
3.637000 16 70 -32.60
3.637000 16 71 -30.32
3.637000 16 72 -25.99
3.637000 16 73 -15.11
3.637000 16 74 -5.75
3.637000 16 75  2.41
3.637000 16 76  4.17
3.637000 16 77 10.10
3.637000 16 78 34.91
3.637000 16 79 45.41
3.637000 16 80 49.84
3.637000 16 81 37.56
3.637000 16 82 24.89
3.637000 16 83 10.44
3.637000 16 84 -8.96
3.637000 16 85 -16.80
3.637000 16 86 -16.04
3.637000 16 87 -0.22
3.637000 16 88 -2.34
3.637000 16 89 -3.90
3.637000 16 90 -9.46
3.637000 16 91 -17.90
3.637000 16 92 -14.78
3.637000 16 93 -24.68
3.637000 16 94 -25.72
3.637000 16 95 -33.18
3.637000 16 96 -27.68
3.637000 16 97 -27.29
3.637000 16 98 -23.70
3.637000 16 99 -13.00
3.637000 16 100 -5.23
3.637000 16 101 -12.62
3.637000 16 102  1.84
3.637000 16 103  5.52
3.637000 16 104 11.94
3.637000 16 105 12.71
3.637000 16 106  6.35
3.637000 16 107 -4.62
3.637000 16 108 -16.96
3.637000 16 109 -17.21
3.637000 16 110 -22.07
3.637000 16 111 -16.75
3.637000 16 112 -14.69
3.637000 16 113 -16.70
3.637000 16 114 -13.07
3.637000 16 115 -14.42
3.637000 16 116 -30.62
3.637000 16 117 -51.98
3.637000 16 118 -64.08
3.637000 16 119 -72.59
3.637000 16 120 -59.68
3.637000 16 121 -44.89
3.637000 16 122 -39.04
3.637000 16 123 -31.01
3.637000 16 124 -13.25
3.637000 16 125 -20.76
3.637000 16 126 -17.67
3.637000 16 127  5.35
3.637000 16 128  3.28
3.637000 16 129  2.83
3.637000 16 130  2.49
3.637000 16 131 -8.54
3.637000 16 132 -12.93
3.637000 16 133 -37.37
3.637000 16 134 -47.40
3.637000 16 135 -54.77
3.637000 16 136 -61.21
3.637000 16 137 -45.47
3.637000 16 138 -26.07
3.637000 16 139 -26.18
3.637000 16 140 -49.37
3.637000 16 141 -62.23
3.637000 16 142 -71.10
3.637000 16 143 -73.59
3.637000 16 144 -67.44
3.637000 16 145 -69.01
3.637000 16 146 -61.54
3.637000 16 147 -47.97
3.637000 16 148 -49.84
3.637000 16 149 -43.89
3.637000 16 150 -29.85
3.637000 16 151 -28.10
3.637000 16 152 -19.88
3.637000 16 153 -11.97
3.637000 16 154 -6.16
3.637000 16 155  1.38
3.637000 16 156 21.67
3.637000 16 157 29.99
3.637000 16 158 28.84
3.637000 16 159 43.99
3.637000 16 160 66.99
3.637000 16 161 69.08
3.637000 16 162 54.17
3.637000 16 163 56.13
3.637000 16 164 36.91
3.637000 16 165 28.39
3.637000 16 166  5.89
3.637000 16 167  5.33
3.637000 16 168  2.03
3.637000 16 169  9.20
3.637000 16 170 -2.56
3.637000 16 171 -6.12
3.637000 16 172 -3.58
3.637000 16 173 -7.82
3.637000 16 174 -3.41
3.637000 16 175  5.09
3.637000 16 176  9.95
3.637000 16 177 -3.09
3.637000 16 178 -11.37
3.637000 16 179 -16.77
3.637000 16 180 -21.86
3.637000 16 181 -22.00
3.637000 16 182 -24.49
3.637000 16 183 -18.47
3.637000 16 184 -11.70
3.637000 16 185 -6.17
3.637000 16 186 -0.93
3.637000 16 187 14.99
3.637000 16 188 16.47
3.637000 16 189 20.96
3.637000 16 190 10.39
3.637000 16 191 -1.32
3.637000 16 192 -2.24
3.637000 16 193 -1.76
3.637000 16 194 -13.62
3.637000 16 195 -13.10
3.637000 16 196  2.90
3.637000 16 197 23.03
3.637000 16 198 20.14
3.637000 16 199 18.01
