3.700000 32 0 26680.21
3.700000 32 1 21328.86
3.700000 32 2 17271.84
3.700000 32 3 14112.48
3.700000 32 4 11639.09
3.700000 32 5 9609.29
3.700000 32 6 7981.49
3.700000 32 7 6648.14
3.700000 32 8 5561.66
3.700000 32 9 4673.23
3.700000 32 10 3915.38
3.700000 32 11 3259.75
3.700000 32 12 2746.29
3.700000 32 13 2274.55
3.700000 32 14 1849.06
3.700000 32 15 1514.89
3.700000 32 16 1256.02
3.700000 32 17 1076.49
3.700000 32 18 898.56
3.700000 32 19 733.68
3.700000 32 20 542.30
3.700000 32 21 440.70
3.700000 32 22 372.52
3.700000 32 23 303.33
3.700000 32 24 245.27
3.700000 32 25 140.65
3.700000 32 26 97.08
3.700000 32 27 63.51
3.700000 32 28 68.39
3.700000 32 29 69.96
3.700000 32 30 87.63
3.700000 32 31 168.14
3.700000 32 32 283.65
3.700000 32 33 408.08
3.700000 32 34 504.65
3.700000 32 35 475.05
3.700000 32 36 408.37
3.700000 32 37 325.19
3.700000 32 38 281.92
3.700000 32 39 318.66
3.700000 32 40 317.45
3.700000 32 41 309.31
3.700000 32 42 287.30
3.700000 32 43 301.82
3.700000 32 44 284.51
3.700000 32 45 272.57
3.700000 32 46 234.88
3.700000 32 47 193.31
3.700000 32 48 156.39
3.700000 32 49 131.61
3.700000 32 50 98.41
3.700000 32 51 91.16
3.700000 32 52 81.80
3.700000 32 53 96.61
3.700000 32 54 148.45
3.700000 32 55 181.30
3.700000 32 56 166.38
3.700000 32 57 103.97
3.700000 32 58 61.39
3.700000 32 59 21.25
3.700000 32 60 -12.74
3.700000 32 61 -62.38
3.700000 32 62 -120.09
3.700000 32 63 -185.21
3.700000 32 64 -251.72
3.700000 32 65 -256.68
3.700000 32 66 -265.49
3.700000 32 67 -272.52
3.700000 32 68 -288.20
3.700000 32 69 -319.31
3.700000 32 70 -295.78
3.700000 32 71 -271.15
3.700000 32 72 -259.70
3.700000 32 73 -289.54
3.700000 32 74 -246.74
3.700000 32 75 -190.94
3.700000 32 76 -165.09
3.700000 32 77 -140.28
3.700000 32 78 -106.81
3.700000 32 79 -59.21
3.700000 32 80  6.39
3.700000 32 81 99.17
3.700000 32 82 165.46
3.700000 32 83 210.78
3.700000 32 84 275.06
3.700000 32 85 305.11
3.700000 32 86 308.83
3.700000 32 87 319.89
3.700000 32 88 313.17
3.700000 32 89 319.02
3.700000 32 90 317.54
3.700000 32 91 293.77
3.700000 32 92 297.28
3.700000 32 93 281.69
3.700000 32 94 215.03
3.700000 32 95 129.48
3.700000 32 96 50.39
3.700000 32 97 -41.93
3.700000 32 98 -85.82
3.700000 32 99 -151.80
3.700000 32 100 -200.75
3.700000 32 101 -206.12
3.700000 32 102 -241.55
3.700000 32 103 -266.28
3.700000 32 104 -284.19
3.700000 32 105 -328.69
3.700000 32 106 -372.73
3.700000 32 107 -402.80
3.700000 32 108 -435.13
3.700000 32 109 -438.09
3.700000 32 110 -360.67
3.700000 32 111 -303.57
3.700000 32 112 -306.86
3.700000 32 113 -308.00
3.700000 32 114 -312.97
3.700000 32 115 -280.33
3.700000 32 116 -272.91
3.700000 32 117 -272.81
3.700000 32 118 -227.84
3.700000 32 119 -226.54
3.700000 32 120 -216.35
3.700000 32 121 -211.45
3.700000 32 122 -148.81
3.700000 32 123 -92.01
3.700000 32 124 -73.37
3.700000 32 125 -19.03
3.700000 32 126 12.48
3.700000 32 127 53.86
3.700000 32 128 84.44
3.700000 32 129 93.44
3.700000 32 130 93.69
3.700000 32 131 155.59
3.700000 32 132 139.46
3.700000 32 133 68.93
3.700000 32 134 35.12
3.700000 32 135 20.65
3.700000 32 136  3.13
3.700000 32 137 -5.68
3.700000 32 138 -77.46
3.700000 32 139 -168.79
3.700000 32 140 -259.00
3.700000 32 141 -362.46
3.700000 32 142 -434.09
3.700000 32 143 -520.29
3.700000 32 144 -616.08
3.700000 32 145 -648.31
3.700000 32 146 -678.77
3.700000 32 147 -692.64
3.700000 32 148 -719.15
3.700000 32 149 -755.40
3.700000 32 150 -738.72
3.700000 32 151 -704.69
3.700000 32 152 -602.18
3.700000 32 153 -495.96
3.700000 32 154 -422.60
3.700000 32 155 -383.61
3.700000 32 156 -343.11
3.700000 32 157 -305.62
3.700000 32 158 -221.22
3.700000 32 159 -156.04
3.700000 32 160 -85.10
3.700000 32 161 -41.11
3.700000 32 162 -2.16
3.700000 32 163 -2.74
3.700000 32 164 11.58
3.700000 32 165 -22.82
3.700000 32 166 -72.64
3.700000 32 167 -122.01
3.700000 32 168 -138.35
3.700000 32 169 -173.34
3.700000 32 170 -207.95
3.700000 32 171 -240.49
3.700000 32 172 -218.74
3.700000 32 173 -211.89
3.700000 32 174 -244.88
3.700000 32 175 -245.32
3.700000 32 176 -233.39
3.700000 32 177 -202.68
3.700000 32 178 -200.70
3.700000 32 179 -190.09
3.700000 32 180 -163.14
3.700000 32 181 -142.64
3.700000 32 182 -126.59
3.700000 32 183 -89.03
3.700000 32 184 -76.84
3.700000 32 185 -58.91
3.700000 32 186 -60.78
3.700000 32 187 -13.68
3.700000 32 188 12.62
3.700000 32 189  0.02
3.700000 32 190 50.57
3.700000 32 191 56.20
3.700000 32 192 -14.01
3.700000 32 193 -72.14
3.700000 32 194 -111.45
3.700000 32 195 -209.47
3.700000 32 196 -291.64
3.700000 32 197 -312.62
3.700000 32 198 -346.54
3.700000 32 199 -351.06
