2.300000 32 0 9870.58
2.300000 32 1 7729.75
2.300000 32 2 6168.06
2.300000 32 3 4993.73
2.300000 32 4 4065.78
2.300000 32 5 3290.43
2.300000 32 6 2657.21
2.300000 32 7 2202.69
2.300000 32 8 1844.51
2.300000 32 9 1528.54
2.300000 32 10 1301.77
2.300000 32 11 1018.36
2.300000 32 12 791.75
2.300000 32 13 620.04
2.300000 32 14 464.46
2.300000 32 15 309.05
2.300000 32 16 218.16
2.300000 32 17 216.13
2.300000 32 18 277.58
2.300000 32 19 345.77
2.300000 32 20 398.32
2.300000 32 21 495.81
2.300000 32 22 583.91
2.300000 32 23 573.97
2.300000 32 24 496.29
2.300000 32 25 448.64
2.300000 32 26 393.91
2.300000 32 27 311.69
2.300000 32 28 204.26
2.300000 32 29 158.76
2.300000 32 30 93.54
2.300000 32 31 57.46
2.300000 32 32 55.09
2.300000 32 33 32.70
2.300000 32 34 10.99
2.300000 32 35 -21.84
2.300000 32 36 -92.48
2.300000 32 37 -148.67
2.300000 32 38 -253.44
2.300000 32 39 -335.25
2.300000 32 40 -420.26
2.300000 32 41 -468.11
2.300000 32 42 -491.25
2.300000 32 43 -489.40
2.300000 32 44 -472.25
2.300000 32 45 -459.09
2.300000 32 46 -422.24
2.300000 32 47 -309.70
2.300000 32 48 -288.47
2.300000 32 49 -325.51
2.300000 32 50 -413.87
2.300000 32 51 -477.60
2.300000 32 52 -427.97
2.300000 32 53 -552.29
2.300000 32 54 -670.89
2.300000 32 55 -749.58
2.300000 32 56 -768.08
2.300000 32 57 -845.13
2.300000 32 58 -951.58
2.300000 32 59 -941.37
2.300000 32 60 -940.24
2.300000 32 61 -950.52
2.300000 32 62 -1005.93
2.300000 32 63 -1015.55
2.300000 32 64 -1005.22
2.300000 32 65 -983.05
2.300000 32 66 -964.51
2.300000 32 67 -935.36
2.300000 32 68 -892.36
2.300000 32 69 -820.00
2.300000 32 70 -747.98
2.300000 32 71 -767.58
2.300000 32 72 -804.87
2.300000 32 73 -774.81
2.300000 32 74 -720.09
2.300000 32 75 -744.49
2.300000 32 76 -720.27
2.300000 32 77 -666.82
2.300000 32 78 -624.87
2.300000 32 79 -603.48
2.300000 32 80 -549.59
2.300000 32 81 -537.07
2.300000 32 82 -587.12
2.300000 32 83 -635.17
2.300000 32 84 -657.83
2.300000 32 85 -683.84
2.300000 32 86 -711.81
2.300000 32 87 -753.04
2.300000 32 88 -725.02
2.300000 32 89 -774.35
2.300000 32 90 -798.52
2.300000 32 91 -782.77
2.300000 32 92 -771.91
2.300000 32 93 -754.31
2.300000 32 94 -665.98
2.300000 32 95 -551.87
2.300000 32 96 -491.31
2.300000 32 97 -463.91
2.300000 32 98 -474.11
2.300000 32 99 -561.23
2.300000 32 100 -621.35
2.300000 32 101 -700.59
2.300000 32 102 -753.46
2.300000 32 103 -793.57
2.300000 32 104 -809.21
2.300000 32 105 -861.75
2.300000 32 106 -872.20
2.300000 32 107 -863.22
2.300000 32 108 -806.64
2.300000 32 109 -809.10
2.300000 32 110 -793.11
2.300000 32 111 -831.99
2.300000 32 112 -830.56
2.300000 32 113 -828.57
2.300000 32 114 -803.63
2.300000 32 115 -823.91
2.300000 32 116 -782.85
2.300000 32 117 -682.79
2.300000 32 118 -627.80
2.300000 32 119 -610.67
2.300000 32 120 -619.50
2.300000 32 121 -597.20
2.300000 32 122 -604.10
2.300000 32 123 -563.96
2.300000 32 124 -571.35
2.300000 32 125 -548.29
2.300000 32 126 -521.96
2.300000 32 127 -494.08
2.300000 32 128 -465.53
2.300000 32 129 -468.75
2.300000 32 130 -490.81
2.300000 32 131 -489.96
2.300000 32 132 -461.76
2.300000 32 133 -434.01
2.300000 32 134 -446.72
2.300000 32 135 -402.18
2.300000 32 136 -416.29
2.300000 32 137 -452.00
2.300000 32 138 -469.01
2.300000 32 139 -525.46
2.300000 32 140 -504.94
2.300000 32 141 -556.39
2.300000 32 142 -645.31
2.300000 32 143 -741.18
2.300000 32 144 -834.12
2.300000 32 145 -891.65
2.300000 32 146 -908.64
2.300000 32 147 -921.10
2.300000 32 148 -866.00
2.300000 32 149 -855.66
2.300000 32 150 -931.90
2.300000 32 151 -939.82
2.300000 32 152 -905.87
2.300000 32 153 -917.30
2.300000 32 154 -1011.07
2.300000 32 155 -1036.00
2.300000 32 156 -1094.86
2.300000 32 157 -1158.54
2.300000 32 158 -1187.40
2.300000 32 159 -1177.75
2.300000 32 160 -1144.13
2.300000 32 161 -1062.75
2.300000 32 162 -1007.56
2.300000 32 163 -1030.81
2.300000 32 164 -1011.44
2.300000 32 165 -953.39
2.300000 32 166 -924.23
2.300000 32 167 -902.77
2.300000 32 168 -873.37
2.300000 32 169 -805.16
2.300000 32 170 -744.55
2.300000 32 171 -727.39
2.300000 32 172 -716.72
2.300000 32 173 -731.71
2.300000 32 174 -663.22
2.300000 32 175 -647.13
2.300000 32 176 -714.53
2.300000 32 177 -748.48
2.300000 32 178 -822.98
2.300000 32 179 -852.51
2.300000 32 180 -854.54
2.300000 32 181 -896.80
2.300000 32 182 -972.70
2.300000 32 183 -1103.67
2.300000 32 184 -1222.40
2.300000 32 185 -1261.52
2.300000 32 186 -1331.42
2.300000 32 187 -1344.30
2.300000 32 188 -1274.89
2.300000 32 189 -1225.49
2.300000 32 190 -1170.01
2.300000 32 191 -1168.12
2.300000 32 192 -1210.64
2.300000 32 193 -1231.05
2.300000 32 194 -1193.50
2.300000 32 195 -1222.74
2.300000 32 196 -1244.96
2.300000 32 197 -1215.14
2.300000 32 198 -1180.31
2.300000 32 199 -1185.42
