3.520000 32 0 7889.22
3.520000 32 1 4716.22
3.520000 32 2 3057.67
3.520000 32 3 2058.28
3.520000 32 4 1332.47
3.520000 32 5 866.08
3.520000 32 6 689.25
3.520000 32 7 515.98
3.520000 32 8 324.99
3.520000 32 9 175.42
3.520000 32 10 62.41
3.520000 32 11 -51.02
3.520000 32 12 -117.44
3.520000 32 13 -214.26
3.520000 32 14 -282.42
3.520000 32 15 -285.88
3.520000 32 16 -298.18
3.520000 32 17 -213.71
3.520000 32 18 -73.92
3.520000 32 19  5.27
3.520000 32 20 95.63
3.520000 32 21 108.50
3.520000 32 22 163.63
3.520000 32 23 114.21
3.520000 32 24 77.61
3.520000 32 25 35.15
3.520000 32 26 -2.84
3.520000 32 27 -70.11
3.520000 32 28 -57.66
3.520000 32 29 -85.78
3.520000 32 30 -96.59
3.520000 32 31 -6.22
3.520000 32 32 44.81
3.520000 32 33 -5.97
3.520000 32 34 56.51
3.520000 32 35 91.68
3.520000 32 36 185.50
3.520000 32 37 152.70
3.520000 32 38 180.30
3.520000 32 39 170.29
3.520000 32 40 42.56
3.520000 32 41 -99.08
3.520000 32 42 -185.12
3.520000 32 43 -128.93
3.520000 32 44 -167.16
3.520000 32 45 -164.60
3.520000 32 46 -212.14
3.520000 32 47 -290.14
3.520000 32 48 -348.54
3.520000 32 49 -334.19
3.520000 32 50 -318.33
3.520000 32 51 -336.26
3.520000 32 52 -289.75
3.520000 32 53 -191.69
3.520000 32 54 -185.25
3.520000 32 55 -170.07
3.520000 32 56 -84.99
3.520000 32 57 -76.36
3.520000 32 58 -77.13
3.520000 32 59 -143.47
3.520000 32 60 -142.24
3.520000 32 61 -182.89
3.520000 32 62 -181.77
3.520000 32 63 -277.28
3.520000 32 64 -423.79
3.520000 32 65 -407.07
3.520000 32 66 -378.83
3.520000 32 67 -360.63
3.520000 32 68 -317.85
3.520000 32 69 -327.42
3.520000 32 70 -235.22
3.520000 32 71 -111.79
3.520000 32 72 24.51
3.520000 32 73 61.67
3.520000 32 74 114.68
3.520000 32 75 86.39
3.520000 32 76 27.27
3.520000 32 77 87.61
3.520000 32 78 73.09
3.520000 32 79 84.73
3.520000 32 80 121.44
3.520000 32 81 174.67
3.520000 32 82 234.43
3.520000 32 83 292.85
3.520000 32 84 326.75
3.520000 32 85 346.68
3.520000 32 86 287.25
3.520000 32 87 224.27
3.520000 32 88 154.42
3.520000 32 89 180.04
3.520000 32 90 204.91
3.520000 32 91 247.32
3.520000 32 92 391.34
3.520000 32 93 407.43
3.520000 32 94 522.20
3.520000 32 95 568.38
3.520000 32 96 553.32
3.520000 32 97 543.22
3.520000 32 98 576.10
3.520000 32 99 580.07
3.520000 32 100 515.54
3.520000 32 101 543.16
3.520000 32 102 535.50
3.520000 32 103 590.54
3.520000 32 104 566.10
3.520000 32 105 467.41
3.520000 32 106 340.46
3.520000 32 107 322.20
3.520000 32 108 305.55
3.520000 32 109 333.81
3.520000 32 110 371.71
3.520000 32 111 395.38
3.520000 32 112 352.87
3.520000 32 113 429.12
3.520000 32 114 409.21
3.520000 32 115 311.58
3.520000 32 116 441.03
3.520000 32 117 520.69
3.520000 32 118 466.28
3.520000 32 119 515.77
3.520000 32 120 575.23
3.520000 32 121 670.09
3.520000 32 122 568.78
3.520000 32 123 619.98
3.520000 32 124 585.75
3.520000 32 125 480.90
3.520000 32 126 415.24
3.520000 32 127 366.82
3.520000 32 128 377.24
3.520000 32 129 349.91
3.520000 32 130 379.89
3.520000 32 131 318.49
3.520000 32 132 268.55
3.520000 32 133 292.55
3.520000 32 134 356.29
3.520000 32 135 355.52
3.520000 32 136 360.32
3.520000 32 137 315.05
3.520000 32 138 289.37
3.520000 32 139 294.91
3.520000 32 140 318.28
3.520000 32 141 343.82
3.520000 32 142 412.58
3.520000 32 143 350.13
3.520000 32 144 302.58
3.520000 32 145 355.94
3.520000 32 146 400.46
3.520000 32 147 355.13
3.520000 32 148 359.39
3.520000 32 149 344.57
3.520000 32 150 305.54
3.520000 32 151 302.84
3.520000 32 152 245.84
3.520000 32 153 286.14
3.520000 32 154 196.22
3.520000 32 155 366.80
3.520000 32 156 386.69
3.520000 32 157 491.42
3.520000 32 158 481.26
3.520000 32 159 491.90
3.520000 32 160 513.66
3.520000 32 161 521.27
3.520000 32 162 531.90
3.520000 32 163 440.83
3.520000 32 164 459.39
3.520000 32 165 465.81
3.520000 32 166 447.00
3.520000 32 167 351.57
3.520000 32 168 305.45
3.520000 32 169 388.98
3.520000 32 170 414.32
3.520000 32 171 395.20
3.520000 32 172 340.63
3.520000 32 173 438.08
3.520000 32 174 418.39
3.520000 32 175 482.86
3.520000 32 176 589.09
3.520000 32 177 590.60
3.520000 32 178 471.55
3.520000 32 179 492.00
3.520000 32 180 614.35
3.520000 32 181 549.74
3.520000 32 182 510.19
3.520000 32 183 518.12
3.520000 32 184 596.24
3.520000 32 185 648.70
3.520000 32 186 707.76
3.520000 32 187 687.74
3.520000 32 188 663.08
3.520000 32 189 616.95
3.520000 32 190 571.77
3.520000 32 191 591.69
3.520000 32 192 555.61
3.520000 32 193 577.37
3.520000 32 194 675.74
3.520000 32 195 615.87
3.520000 32 196 600.03
3.520000 32 197 612.30
3.520000 32 198 619.85
3.520000 32 199 510.00
