2.273000 256 0 1028000.97
2.273000 256 1 935220.04
2.273000 256 2 858356.57
2.273000 256 3 796895.35
2.273000 256 4 740673.77
2.273000 256 5 698495.02
2.273000 256 6 663866.66
2.273000 256 7 639318.80
2.273000 256 8 614880.21
2.273000 256 9 598126.27
2.273000 256 10 577150.74
2.273000 256 11 560241.04
2.273000 256 12 545389.40
2.273000 256 13 531668.84
2.273000 256 14 521509.78
2.273000 256 15 519426.68
2.273000 256 16 508802.28
2.273000 256 17 515641.94
2.273000 256 18 523160.05
2.273000 256 19 520006.51
2.273000 256 20 526421.57
2.273000 256 21 539912.46
2.273000 256 22 553941.61
2.273000 256 23 574664.88
2.273000 256 24 589926.25
2.273000 256 25 605999.36
2.273000 256 26 615473.52
2.273000 256 27 626261.40
2.273000 256 28 637421.53
2.273000 256 29 651655.32
2.273000 256 30 658192.34
2.273000 256 31 675826.65
2.273000 256 32 699301.62
2.273000 256 33 728388.94
2.273000 256 34 758452.58
2.273000 256 35 789120.22
2.273000 256 36 823047.77
2.273000 256 37 852399.08
2.273000 256 38 880986.27
2.273000 256 39 910473.17
2.273000 256 40 939021.07
2.273000 256 41 964244.54
2.273000 256 42 989550.42
2.273000 256 43 1000987.55
2.273000 256 44 1010893.56
2.273000 256 45 1036035.06
2.273000 256 46 1058608.33
2.273000 256 47 1080147.60
2.273000 256 48 1097407.69
2.273000 256 49 1114046.53
2.273000 256 50 1132219.99
2.273000 256 51 1160764.50
2.273000 256 52 1190528.35
2.273000 256 53 1218925.82
2.273000 256 54 1244473.92
2.273000 256 55 1281281.57
2.273000 256 56 1319891.28
2.273000 256 57 1358002.59
2.273000 256 58 1388588.40
2.273000 256 59 1417393.16
2.273000 256 60 1443873.37
2.273000 256 61 1476249.02
2.273000 256 62 1510187.83
2.273000 256 63 1536529.19
2.273000 256 64 1562588.52
2.273000 256 65 1590033.02
2.273000 256 66 1618262.92
2.273000 256 67 1646994.56
2.273000 256 68 1683765.36
2.273000 256 69 1724345.19
2.273000 256 70 1750474.69
2.273000 256 71 1776988.10
2.273000 256 72 1805817.34
2.273000 256 73 1829381.65
2.273000 256 74 1843659.86
2.273000 256 75 1855902.59
2.273000 256 76 1863385.75
2.273000 256 77 1870536.28
2.273000 256 78 1879902.81
2.273000 256 79 1896319.77
2.273000 256 80 1909545.56
2.273000 256 81 1922601.52
2.273000 256 82 1927629.78
2.273000 256 83 1939339.17
2.273000 256 84 1949807.16
2.273000 256 85 1968497.78
2.273000 256 86 1987797.02
2.273000 256 87 2005962.25
2.273000 256 88 2026415.40
2.273000 256 89 2047617.01
2.273000 256 90 2069439.83
2.273000 256 91 2089079.36
2.273000 256 92 2111508.52
2.273000 256 93 2133789.92
2.273000 256 94 2145803.41
2.273000 256 95 2155403.24
2.273000 256 96 2154272.52
2.273000 256 97 2143481.36
2.273000 256 98 2119317.66
2.273000 256 99 2107015.27
2.273000 256 100 2087154.75
2.273000 256 101 2072403.42
2.273000 256 102 2064060.95
2.273000 256 103 2053407.47
2.273000 256 104 2041472.54
2.273000 256 105 2045001.90
2.273000 256 106 2051646.93
2.273000 256 107 2050106.07
2.273000 256 108 2046398.96
2.273000 256 109 2051902.00
2.273000 256 110 2059030.89
2.273000 256 111 2066826.73
2.273000 256 112 2068344.76
2.273000 256 113 2069380.20
2.273000 256 114 2061421.03
2.273000 256 115 2056627.02
2.273000 256 116 2049749.79
2.273000 256 117 2040425.90
2.273000 256 118 2022028.69
2.273000 256 119 2002891.97
2.273000 256 120 1985851.03
2.273000 256 121 1976908.52
2.273000 256 122 1963520.43
2.273000 256 123 1954061.17
2.273000 256 124 1945070.71
2.273000 256 125 1936264.63
2.273000 256 126 1913084.13
2.273000 256 127 1894078.09
2.273000 256 128 1876921.27
2.273000 256 129 1858682.86
2.273000 256 130 1837766.13
2.273000 256 131 1820961.53
2.273000 256 132 1807901.96
2.273000 256 133 1794577.75
2.273000 256 134 1780503.00
2.273000 256 135 1763277.16
2.273000 256 136 1746670.15
2.273000 256 137 1732858.72
2.273000 256 138 1718419.50
2.273000 256 139 1701129.41
2.273000 256 140 1685726.77
2.273000 256 141 1663637.85
2.273000 256 142 1641906.24
2.273000 256 143 1618768.04
2.273000 256 144 1592864.89
2.273000 256 145 1561438.12
2.273000 256 146 1527224.03
2.273000 256 147 1497199.73
2.273000 256 148 1476365.67
2.273000 256 149 1458753.23
2.273000 256 150 1440811.47
2.273000 256 151 1423130.35
2.273000 256 152 1399047.22
2.273000 256 153 1371419.94
2.273000 256 154 1342756.99
2.273000 256 155 1309862.59
2.273000 256 156 1275018.14
2.273000 256 157 1238264.56
2.273000 256 158 1205453.27
2.273000 256 159 1179688.36
2.273000 256 160 1155090.75
2.273000 256 161 1148233.02
2.273000 256 162 1138023.70
2.273000 256 163 1117623.74
2.273000 256 164 1096120.42
2.273000 256 165 1078282.95
2.273000 256 166 1059880.70
2.273000 256 167 1044597.07
2.273000 256 168 1024630.32
2.273000 256 169 1000261.79
2.273000 256 170 981699.50
2.273000 256 171 972054.20
2.273000 256 172 951835.96
2.273000 256 173 938746.71
2.273000 256 174 918302.17
2.273000 256 175 903667.16
2.273000 256 176 901504.70
2.273000 256 177 882232.10
2.273000 256 178 864816.95
2.273000 256 179 851602.72
2.273000 256 180 845845.89
2.273000 256 181 839915.64
2.273000 256 182 835101.78
2.273000 256 183 822405.27
2.273000 256 184 813900.74
2.273000 256 185 809340.49
2.273000 256 186 795584.68
2.273000 256 187 784295.99
2.273000 256 188 774865.36
2.273000 256 189 768795.05
2.273000 256 190 760104.91
2.273000 256 191 754326.23
2.273000 256 192 754171.93
2.273000 256 193 750037.82
2.273000 256 194 750689.33
2.273000 256 195 750350.26
2.273000 256 196 748497.37
2.273000 256 197 739932.14
2.273000 256 198 731396.24
2.273000 256 199 723419.41
