3.400000 48 0 28211.40
3.400000 48 1 13464.27
3.400000 48 2 6683.95
3.400000 48 3 3475.53
3.400000 48 4 1821.44
3.400000 48 5 1009.05
3.400000 48 6 538.11
3.400000 48 7 196.56
3.400000 48 8 -3.09
3.400000 48 9 -135.81
3.400000 48 10 -194.80
3.400000 48 11 -236.09
3.400000 48 12 -218.04
3.400000 48 13 -120.80
3.400000 48 14 41.58
3.400000 48 15 -15.57
3.400000 48 16 -79.25
3.400000 48 17 -221.77
3.400000 48 18 -151.72
3.400000 48 19 -120.71
3.400000 48 20 -162.47
3.400000 48 21 -223.42
3.400000 48 22 -246.06
3.400000 48 23 -324.83
3.400000 48 24 -267.74
3.400000 48 25 -253.29
3.400000 48 26 -301.25
3.400000 48 27 -250.26
3.400000 48 28 -155.82
3.400000 48 29 -164.15
3.400000 48 30 -162.92
3.400000 48 31 -216.53
3.400000 48 32 -280.73
3.400000 48 33 -391.72
3.400000 48 34 -333.59
3.400000 48 35 -392.85
3.400000 48 36 -447.69
3.400000 48 37 -399.47
3.400000 48 38 -393.64
3.400000 48 39 -329.48
3.400000 48 40 -288.80
3.400000 48 41 -150.24
3.400000 48 42 -103.39
3.400000 48 43 -68.04
3.400000 48 44 -71.87
3.400000 48 45 -55.48
3.400000 48 46 -91.19
3.400000 48 47 -162.76
3.400000 48 48 -217.23
3.400000 48 49 -258.59
3.400000 48 50 -248.66
3.400000 48 51 -149.31
3.400000 48 52 -174.82
3.400000 48 53 -220.99
3.400000 48 54 -204.06
3.400000 48 55 -212.38
3.400000 48 56 -380.63
3.400000 48 57 -323.37
3.400000 48 58 -355.16
3.400000 48 59 -370.18
3.400000 48 60 -385.40
3.400000 48 61 -326.94
3.400000 48 62 -375.80
3.400000 48 63 -385.05
3.400000 48 64 -423.53
3.400000 48 65 -419.21
3.400000 48 66 -474.89
3.400000 48 67 -456.95
3.400000 48 68 -461.71
3.400000 48 69 -496.20
3.400000 48 70 -646.08
3.400000 48 71 -580.54
3.400000 48 72 -394.14
3.400000 48 73 -278.90
3.400000 48 74 -305.69
3.400000 48 75 -335.41
3.400000 48 76 -375.76
3.400000 48 77 -358.51
3.400000 48 78 -376.55
3.400000 48 79 -442.07
3.400000 48 80 -413.90
3.400000 48 81 -491.10
3.400000 48 82 -651.43
3.400000 48 83 -619.09
3.400000 48 84 -637.04
3.400000 48 85 -639.72
3.400000 48 86 -673.07
3.400000 48 87 -536.54
3.400000 48 88 -380.14
3.400000 48 89 -308.32
3.400000 48 90 -237.36
3.400000 48 91 -359.93
3.400000 48 92 -507.36
3.400000 48 93 -610.62
3.400000 48 94 -580.71
3.400000 48 95 -554.06
3.400000 48 96 -497.23
3.400000 48 97 -588.69
3.400000 48 98 -498.45
3.400000 48 99 -490.57
3.400000 48 100 -454.37
3.400000 48 101 -376.03
3.400000 48 102 -355.29
3.400000 48 103 -347.02
3.400000 48 104 -377.93
3.400000 48 105 -604.57
3.400000 48 106 -584.04
3.400000 48 107 -587.67
3.400000 48 108 -604.52
3.400000 48 109 -609.41
3.400000 48 110 -675.60
3.400000 48 111 -787.69
3.400000 48 112 -757.54
3.400000 48 113 -655.52
3.400000 48 114 -578.59
3.400000 48 115 -550.52
3.400000 48 116 -527.86
3.400000 48 117 -411.43
3.400000 48 118 -351.71
3.400000 48 119 -265.88
3.400000 48 120 -321.93
3.400000 48 121 -248.17
3.400000 48 122 -386.42
3.400000 48 123 -398.58
3.400000 48 124 -335.72
3.400000 48 125 -450.51
3.400000 48 126 -427.67
3.400000 48 127 -503.71
3.400000 48 128 -560.28
3.400000 48 129 -608.59
3.400000 48 130 -642.37
3.400000 48 131 -535.41
3.400000 48 132 -541.97
3.400000 48 133 -500.37
3.400000 48 134 -612.09
3.400000 48 135 -513.51
3.400000 48 136 -610.17
3.400000 48 137 -690.01
3.400000 48 138 -754.95
3.400000 48 139 -845.10
3.400000 48 140 -832.84
3.400000 48 141 -860.35
3.400000 48 142 -858.99
3.400000 48 143 -968.99
3.400000 48 144 -878.88
3.400000 48 145 -792.23
3.400000 48 146 -797.37
3.400000 48 147 -732.32
3.400000 48 148 -498.26
3.400000 48 149 -340.51
3.400000 48 150 -352.16
3.400000 48 151 -421.77
3.400000 48 152 -358.97
3.400000 48 153 -418.31
3.400000 48 154 -382.54
3.400000 48 155 -576.23
3.400000 48 156 -642.06
3.400000 48 157 -683.01
3.400000 48 158 -826.15
3.400000 48 159 -764.33
3.400000 48 160 -727.83
3.400000 48 161 -669.92
3.400000 48 162 -569.42
3.400000 48 163 -554.09
3.400000 48 164 -522.22
3.400000 48 165 -451.46
3.400000 48 166 -362.07
3.400000 48 167 -438.50
3.400000 48 168 -505.48
3.400000 48 169 -572.62
3.400000 48 170 -624.13
3.400000 48 171 -457.27
3.400000 48 172 -424.36
3.400000 48 173 -502.63
3.400000 48 174 -495.74
3.400000 48 175 -581.14
3.400000 48 176 -580.86
3.400000 48 177 -655.00
3.400000 48 178 -818.86
3.400000 48 179 -785.77
3.400000 48 180 -834.62
3.400000 48 181 -744.78
3.400000 48 182 -823.20
3.400000 48 183 -889.54
3.400000 48 184 -859.16
3.400000 48 185 -985.64
3.400000 48 186 -843.47
3.400000 48 187 -916.80
3.400000 48 188 -826.06
3.400000 48 189 -698.08
3.400000 48 190 -705.22
3.400000 48 191 -627.00
3.400000 48 192 -673.88
3.400000 48 193 -727.19
3.400000 48 194 -630.04
3.400000 48 195 -639.33
3.400000 48 196 -664.59
3.400000 48 197 -695.51
3.400000 48 198 -606.01
3.400000 48 199 -443.34
