3.642000 48 0 27661.22
3.642000 48 1 21702.05
3.642000 48 2 17340.10
3.642000 48 3 14017.04
3.642000 48 4 11609.48
3.642000 48 5 9728.57
3.642000 48 6 8139.62
3.642000 48 7 6835.87
3.642000 48 8 6055.76
3.642000 48 9 5520.59
3.642000 48 10 4886.22
3.642000 48 11 4208.54
3.642000 48 12 3664.74
3.642000 48 13 3268.57
3.642000 48 14 3118.37
3.642000 48 15 2916.06
3.642000 48 16 2542.68
3.642000 48 17 2314.88
3.642000 48 18 2019.96
3.642000 48 19 1843.28
3.642000 48 20 1577.22
3.642000 48 21 1605.05
3.642000 48 22 1746.89
3.642000 48 23 1902.31
3.642000 48 24 2078.05
3.642000 48 25 2330.26
3.642000 48 26 2506.91
3.642000 48 27 2403.69
3.642000 48 28 2481.21
3.642000 48 29 2368.65
3.642000 48 30 2244.88
3.642000 48 31 2209.32
3.642000 48 32 2195.73
3.642000 48 33 2057.03
3.642000 48 34 2086.02
3.642000 48 35 2428.30
3.642000 48 36 2504.57
3.642000 48 37 2441.90
3.642000 48 38 2370.75
3.642000 48 39 2325.65
3.642000 48 40 1968.67
3.642000 48 41 1836.60
3.642000 48 42 1668.07
3.642000 48 43 1781.93
3.642000 48 44 1636.52
3.642000 48 45 1268.30
3.642000 48 46 1018.95
3.642000 48 47 882.98
3.642000 48 48 963.84
3.642000 48 49 1030.89
3.642000 48 50 958.94
3.642000 48 51 1043.02
3.642000 48 52 1018.90
3.642000 48 53 1006.36
3.642000 48 54 794.95
3.642000 48 55 545.43
3.642000 48 56 597.77
3.642000 48 57 625.37
3.642000 48 58 519.57
3.642000 48 59 536.71
3.642000 48 60 527.76
3.642000 48 61 560.42
3.642000 48 62 598.37
3.642000 48 63 484.51
3.642000 48 64 579.99
3.642000 48 65 550.43
3.642000 48 66 703.25
3.642000 48 67 654.16
3.642000 48 68 851.25
3.642000 48 69 1072.39
3.642000 48 70 1282.18
3.642000 48 71 1633.35
3.642000 48 72 1843.82
3.642000 48 73 1919.60
3.642000 48 74 2112.64
3.642000 48 75 2195.37
3.642000 48 76 2214.13
3.642000 48 77 2304.12
3.642000 48 78 2396.99
3.642000 48 79 2471.26
3.642000 48 80 2708.63
3.642000 48 81 3022.25
3.642000 48 82 3258.96
3.642000 48 83 3425.68
3.642000 48 84 3485.94
3.642000 48 85 3504.78
3.642000 48 86 3558.05
3.642000 48 87 3602.97
3.642000 48 88 3589.73
3.642000 48 89 3660.43
3.642000 48 90 3568.65
3.642000 48 91 3381.02
3.642000 48 92 3541.81
3.642000 48 93 3441.28
3.642000 48 94 3388.77
3.642000 48 95 3500.18
3.642000 48 96 3778.06
3.642000 48 97 3978.88
3.642000 48 98 3929.04
3.642000 48 99 3905.49
3.642000 48 100 3909.47
3.642000 48 101 3750.04
3.642000 48 102 3680.26
3.642000 48 103 3620.87
3.642000 48 104 3311.74
3.642000 48 105 3282.54
3.642000 48 106 3122.24
3.642000 48 107 3183.72
3.642000 48 108 3116.13
3.642000 48 109 3159.66
3.642000 48 110 3111.52
3.642000 48 111 2945.31
3.642000 48 112 2751.57
3.642000 48 113 2638.58
3.642000 48 114 2518.84
3.642000 48 115 2380.50
3.642000 48 116 2141.22
3.642000 48 117 2127.53
3.642000 48 118 2081.79
3.642000 48 119 2133.80
3.642000 48 120 2406.69
3.642000 48 121 2588.48
3.642000 48 122 2783.65
3.642000 48 123 2820.45
3.642000 48 124 3191.39
3.642000 48 125 3504.42
3.642000 48 126 3552.78
3.642000 48 127 3560.02
3.642000 48 128 3641.65
3.642000 48 129 3609.43
3.642000 48 130 3661.06
3.642000 48 131 3872.72
3.642000 48 132 4014.18
3.642000 48 133 4187.71
3.642000 48 134 4415.98
3.642000 48 135 4394.49
3.642000 48 136 4344.55
3.642000 48 137 4216.91
3.642000 48 138 3977.62
3.642000 48 139 3886.27
3.642000 48 140 3959.02
3.642000 48 141 3951.59
3.642000 48 142 3918.31
3.642000 48 143 3703.36
3.642000 48 144 3511.72
3.642000 48 145 3453.89
3.642000 48 146 3193.94
3.642000 48 147 2890.20
3.642000 48 148 2688.58
3.642000 48 149 2612.51
3.642000 48 150 2579.13
3.642000 48 151 2449.52
3.642000 48 152 2081.47
3.642000 48 153 1748.01
3.642000 48 154 1421.27
3.642000 48 155 1400.67
3.642000 48 156 1371.63
3.642000 48 157 1302.15
3.642000 48 158 1406.57
3.642000 48 159 1304.46
3.642000 48 160 1505.34
3.642000 48 161 1957.71
3.642000 48 162 2233.50
3.642000 48 163 2576.07
3.642000 48 164 3012.66
3.642000 48 165 3221.15
3.642000 48 166 3453.16
3.642000 48 167 3507.77
3.642000 48 168 3628.21
3.642000 48 169 3867.93
3.642000 48 170 4172.02
3.642000 48 171 4489.91
3.642000 48 172 4427.86
3.642000 48 173 4289.59
3.642000 48 174 4318.74
3.642000 48 175 4339.34
3.642000 48 176 4259.92
3.642000 48 177 4342.39
3.642000 48 178 4106.19
3.642000 48 179 4056.28
3.642000 48 180 4000.65
3.642000 48 181 4017.43
3.642000 48 182 4197.66
3.642000 48 183 4265.74
3.642000 48 184 4184.00
3.642000 48 185 4088.09
3.642000 48 186 4010.88
3.642000 48 187 4010.71
3.642000 48 188 3946.50
3.642000 48 189 3942.07
3.642000 48 190 3970.74
3.642000 48 191 4016.81
3.642000 48 192 4189.07
3.642000 48 193 4230.01
3.642000 48 194 4216.90
3.642000 48 195 4286.02
3.642000 48 196 4301.61
3.642000 48 197 4524.36
3.642000 48 198 4788.86
3.642000 48 199 4891.51
