3.460000 32 0 14469.28
3.460000 32 1 7718.38
3.460000 32 2 4235.06
3.460000 32 3 2363.08
3.460000 32 4 1312.04
3.460000 32 5 702.42
3.460000 32 6 404.78
3.460000 32 7 241.96
3.460000 32 8 156.45
3.460000 32 9 76.94
3.460000 32 10 35.53
3.460000 32 11 -25.17
3.460000 32 12 -27.16
3.460000 32 13 -8.64
3.460000 32 14 -16.11
3.460000 32 15 -8.00
3.460000 32 16 13.51
3.460000 32 17 -19.41
3.460000 32 18 50.63
3.460000 32 19 153.39
3.460000 32 20 135.86
3.460000 32 21 67.25
3.460000 32 22 11.37
3.460000 32 23  0.35
3.460000 32 24 90.46
3.460000 32 25 98.31
3.460000 32 26 96.18
3.460000 32 27 108.65
3.460000 32 28 105.43
3.460000 32 29 67.80
3.460000 32 30 -22.40
3.460000 32 31 -11.25
3.460000 32 32 49.80
3.460000 32 33 50.46
3.460000 32 34 24.30
3.460000 32 35 -23.69
3.460000 32 36 -24.00
3.460000 32 37 77.58
3.460000 32 38 75.36
3.460000 32 39 34.30
3.460000 32 40  6.53
3.460000 32 41 34.31
3.460000 32 42 -4.76
3.460000 32 43 21.25
3.460000 32 44 -27.66
3.460000 32 45 -12.73
3.460000 32 46 18.64
3.460000 32 47  6.66
3.460000 32 48 27.11
3.460000 32 49 82.59
3.460000 32 50 139.72
3.460000 32 51 145.85
3.460000 32 52 152.00
3.460000 32 53 138.04
3.460000 32 54 96.73
3.460000 32 55 61.82
3.460000 32 56 110.11
3.460000 32 57 120.45
3.460000 32 58 131.99
3.460000 32 59 111.90
3.460000 32 60 113.91
3.460000 32 61 106.13
3.460000 32 62 149.94
3.460000 32 63 168.52
3.460000 32 64 150.21
3.460000 32 65 147.01
3.460000 32 66 149.58
3.460000 32 67 96.52
3.460000 32 68 109.03
3.460000 32 69 118.29
3.460000 32 70 59.11
3.460000 32 71 -2.89
3.460000 32 72 28.48
3.460000 32 73  6.15
3.460000 32 74 -11.69
3.460000 32 75 -19.08
3.460000 32 76 21.94
3.460000 32 77 60.82
3.460000 32 78 93.66
3.460000 32 79 86.22
3.460000 32 80 95.74
3.460000 32 81 72.13
3.460000 32 82 47.32
3.460000 32 83  2.09
3.460000 32 84 31.15
3.460000 32 85 34.22
3.460000 32 86  7.91
3.460000 32 87  1.27
3.460000 32 88 19.52
3.460000 32 89 43.83
3.460000 32 90 103.28
3.460000 32 91 67.72
3.460000 32 92 45.74
3.460000 32 93 24.04
3.460000 32 94 -3.77
3.460000 32 95 -0.63
3.460000 32 96 45.03
3.460000 32 97 104.04
3.460000 32 98 166.14
3.460000 32 99 201.31
3.460000 32 100 228.03
3.460000 32 101 259.67
3.460000 32 102 238.71
3.460000 32 103 198.53
3.460000 32 104 125.54
3.460000 32 105 151.95
3.460000 32 106 206.24
3.460000 32 107 164.36
3.460000 32 108 113.14
3.460000 32 109 105.17
3.460000 32 110 140.40
3.460000 32 111 127.79
3.460000 32 112 128.90
3.460000 32 113 146.28
3.460000 32 114 138.76
3.460000 32 115 121.39
3.460000 32 116 135.67
3.460000 32 117 164.63
3.460000 32 118 173.41
3.460000 32 119 192.49
3.460000 32 120 211.80
3.460000 32 121 146.54
3.460000 32 122 135.15
3.460000 32 123 105.13
3.460000 32 124 145.14
3.460000 32 125 170.97
3.460000 32 126 243.25
3.460000 32 127 325.93
3.460000 32 128 340.19
3.460000 32 129 266.39
3.460000 32 130 185.89
3.460000 32 131 184.75
3.460000 32 132 125.65
3.460000 32 133 84.10
3.460000 32 134 93.72
3.460000 32 135 60.66
3.460000 32 136 152.95
3.460000 32 137 162.98
3.460000 32 138 139.85
3.460000 32 139 150.04
3.460000 32 140 164.94
3.460000 32 141 188.80
3.460000 32 142 196.45
3.460000 32 143 198.30
3.460000 32 144 146.17
3.460000 32 145 160.35
3.460000 32 146 213.03
3.460000 32 147 203.40
3.460000 32 148 179.74
3.460000 32 149 185.07
3.460000 32 150 146.82
3.460000 32 151 144.34
3.460000 32 152 195.67
3.460000 32 153 225.37
3.460000 32 154 207.63
3.460000 32 155 162.45
3.460000 32 156 170.29
3.460000 32 157 146.39
3.460000 32 158 111.38
3.460000 32 159 63.61
3.460000 32 160 22.41
3.460000 32 161 13.50
3.460000 32 162 36.34
3.460000 32 163 23.63
3.460000 32 164 -5.17
3.460000 32 165 -42.22
3.460000 32 166 -6.72
3.460000 32 167 18.19
3.460000 32 168 50.23
3.460000 32 169 61.77
3.460000 32 170 117.91
3.460000 32 171 162.92
3.460000 32 172 173.13
3.460000 32 173 175.14
3.460000 32 174 185.59
3.460000 32 175 198.94
3.460000 32 176 240.79
3.460000 32 177 212.22
3.460000 32 178 246.41
3.460000 32 179 208.19
3.460000 32 180 178.06
3.460000 32 181 115.32
3.460000 32 182 115.66
3.460000 32 183 34.42
3.460000 32 184 -1.49
3.460000 32 185 85.92
3.460000 32 186 107.49
3.460000 32 187 61.44
3.460000 32 188 -31.07
3.460000 32 189 -45.39
3.460000 32 190 -55.24
3.460000 32 191 -62.91
3.460000 32 192 -84.25
3.460000 32 193 -74.94
3.460000 32 194 -45.83
3.460000 32 195 -29.17
3.460000 32 196 -8.60
3.460000 32 197 -21.26
3.460000 32 198  7.12
3.460000 32 199 10.08
