3.770000 48 0 50554.15
3.770000 48 1 45462.05
3.770000 48 2 41175.74
3.770000 48 3 37482.76
3.770000 48 4 34252.51
3.770000 48 5 31351.65
3.770000 48 6 28724.45
3.770000 48 7 26349.53
3.770000 48 8 24206.52
3.770000 48 9 22234.93
3.770000 48 10 20438.45
3.770000 48 11 18837.09
3.770000 48 12 17384.53
3.770000 48 13 16069.64
3.770000 48 14 14762.42
3.770000 48 15 13549.06
3.770000 48 16 12467.86
3.770000 48 17 11497.17
3.770000 48 18 10617.33
3.770000 48 19 9817.75
3.770000 48 20 9094.37
3.770000 48 21 8380.79
3.770000 48 22 7707.59
3.770000 48 23 7083.86
3.770000 48 24 6558.77
3.770000 48 25 6068.44
3.770000 48 26 5578.62
3.770000 48 27 5146.46
3.770000 48 28 4749.90
3.770000 48 29 4346.20
3.770000 48 30 4011.77
3.770000 48 31 3710.87
3.770000 48 32 3407.90
3.770000 48 33 3101.38
3.770000 48 34 2840.85
3.770000 48 35 2592.38
3.770000 48 36 2349.49
3.770000 48 37 2137.74
3.770000 48 38 1982.47
3.770000 48 39 1863.28
3.770000 48 40 1753.33
3.770000 48 41 1626.04
3.770000 48 42 1507.25
3.770000 48 43 1450.84
3.770000 48 44 1449.00
3.770000 48 45 1448.15
3.770000 48 46 1428.46
3.770000 48 47 1420.05
3.770000 48 48 1442.84
3.770000 48 49 1449.91
3.770000 48 50 1489.18
3.770000 48 51 1470.58
3.770000 48 52 1457.98
3.770000 48 53 1458.49
3.770000 48 54 1484.55
3.770000 48 55 1489.39
3.770000 48 56 1482.72
3.770000 48 57 1475.64
3.770000 48 58 1450.18
3.770000 48 59 1436.85
3.770000 48 60 1424.64
3.770000 48 61 1424.32
3.770000 48 62 1430.23
3.770000 48 63 1439.88
3.770000 48 64 1479.16
3.770000 48 65 1482.14
3.770000 48 66 1463.25
3.770000 48 67 1469.55
3.770000 48 68 1483.87
3.770000 48 69 1543.48
3.770000 48 70 1534.71
3.770000 48 71 1478.75
3.770000 48 72 1459.19
3.770000 48 73 1433.11
3.770000 48 74 1363.94
3.770000 48 75 1283.70
3.770000 48 76 1236.96
3.770000 48 77 1245.08
3.770000 48 78 1298.48
3.770000 48 79 1357.01
3.770000 48 80 1446.12
3.770000 48 81 1518.02
3.770000 48 82 1592.37
3.770000 48 83 1637.44
3.770000 48 84 1692.39
3.770000 48 85 1710.47
3.770000 48 86 1731.51
3.770000 48 87 1770.07
3.770000 48 88 1779.59
3.770000 48 89 1794.61
3.770000 48 90 1790.71
3.770000 48 91 1794.87
3.770000 48 92 1817.84
3.770000 48 93 1801.67
3.770000 48 94 1849.38
3.770000 48 95 1906.76
3.770000 48 96 2011.19
3.770000 48 97 2079.63
3.770000 48 98 2118.83
3.770000 48 99 2137.97
3.770000 48 100 2138.94
3.770000 48 101 2094.02
3.770000 48 102 1973.48
3.770000 48 103 1921.21
3.770000 48 104 1910.96
3.770000 48 105 1897.15
3.770000 48 106 1831.00
3.770000 48 107 1759.50
3.770000 48 108 1760.26
3.770000 48 109 1726.38
3.770000 48 110 1619.06
3.770000 48 111 1545.14
3.770000 48 112 1448.62
3.770000 48 113 1383.33
3.770000 48 114 1356.55
3.770000 48 115 1323.80
3.770000 48 116 1350.45
3.770000 48 117 1355.17
3.770000 48 118 1362.77
3.770000 48 119 1315.31
3.770000 48 120 1290.40
3.770000 48 121 1292.11
3.770000 48 122 1340.98
3.770000 48 123 1451.36
3.770000 48 124 1546.60
3.770000 48 125 1610.23
3.770000 48 126 1640.76
3.770000 48 127 1673.46
3.770000 48 128 1673.08
3.770000 48 129 1688.86
3.770000 48 130 1728.52
3.770000 48 131 1769.96
3.770000 48 132 1824.85
3.770000 48 133 1856.02
3.770000 48 134 1906.14
3.770000 48 135 1923.86
3.770000 48 136 1930.95
3.770000 48 137 1932.81
3.770000 48 138 1899.65
3.770000 48 139 1880.20
3.770000 48 140 1841.86
3.770000 48 141 1764.42
3.770000 48 142 1671.09
3.770000 48 143 1592.45
3.770000 48 144 1558.43
3.770000 48 145 1506.33
3.770000 48 146 1488.71
3.770000 48 147 1456.78
3.770000 48 148 1431.06
3.770000 48 149 1380.30
3.770000 48 150 1354.31
3.770000 48 151 1330.56
3.770000 48 152 1321.97
3.770000 48 153 1319.99
3.770000 48 154 1325.23
3.770000 48 155 1325.27
3.770000 48 156 1323.63
3.770000 48 157 1328.60
3.770000 48 158 1354.28
3.770000 48 159 1383.01
3.770000 48 160 1429.33
3.770000 48 161 1485.54
3.770000 48 162 1470.06
3.770000 48 163 1492.47
3.770000 48 164 1534.16
3.770000 48 165 1574.90
3.770000 48 166 1582.13
3.770000 48 167 1557.73
3.770000 48 168 1600.37
3.770000 48 169 1618.04
3.770000 48 170 1646.55
3.770000 48 171 1677.73
3.770000 48 172 1699.22
3.770000 48 173 1707.60
3.770000 48 174 1712.24
3.770000 48 175 1777.26
3.770000 48 176 1866.63
3.770000 48 177 1960.03
3.770000 48 178 2009.35
3.770000 48 179 1998.72
3.770000 48 180 2001.61
3.770000 48 181 1963.24
3.770000 48 182 1928.08
3.770000 48 183 1854.55
3.770000 48 184 1814.53
3.770000 48 185 1798.61
3.770000 48 186 1766.34
3.770000 48 187 1726.19
3.770000 48 188 1698.89
3.770000 48 189 1665.45
3.770000 48 190 1630.16
3.770000 48 191 1576.50
3.770000 48 192 1521.55
3.770000 48 193 1486.41
3.770000 48 194 1406.74
3.770000 48 195 1368.24
3.770000 48 196 1340.17
3.770000 48 197 1343.57
3.770000 48 198 1374.28
3.770000 48 199 1427.96
