3.580000 24 0 5344.61
3.580000 24 1 3532.47
3.580000 24 2 2438.08
3.580000 24 3 1726.59
3.580000 24 4 1284.08
3.580000 24 5 1003.81
3.580000 24 6 785.53
3.580000 24 7 594.69
3.580000 24 8 446.16
3.580000 24 9 409.66
3.580000 24 10 277.47
3.580000 24 11 247.92
3.580000 24 12 167.89
3.580000 24 13 107.56
3.580000 24 14 -0.41
3.580000 24 15 -79.92
3.580000 24 16 -175.53
3.580000 24 17 -188.70
3.580000 24 18 -179.07
3.580000 24 19 -200.47
3.580000 24 20 -188.16
3.580000 24 21 -138.64
3.580000 24 22 -117.13
3.580000 24 23 -135.61
3.580000 24 24 -123.27
3.580000 24 25 -94.94
3.580000 24 26 -38.14
3.580000 24 27 -35.97
3.580000 24 28 -11.69
3.580000 24 29 -76.21
3.580000 24 30 -104.18
3.580000 24 31 -161.30
3.580000 24 32 -191.81
3.580000 24 33 -185.05
3.580000 24 34 -192.05
3.580000 24 35 -187.39
3.580000 24 36 -171.42
3.580000 24 37 -164.83
3.580000 24 38 -212.15
3.580000 24 39 -153.54
3.580000 24 40 -211.71
3.580000 24 41 -215.69
3.580000 24 42 -282.26
3.580000 24 43 -249.14
3.580000 24 44 -181.80
3.580000 24 45 -163.18
3.580000 24 46 -165.98
3.580000 24 47 -158.20
3.580000 24 48 -136.11
3.580000 24 49 -108.78
3.580000 24 50 -63.44
3.580000 24 51 -64.22
3.580000 24 52 -30.35
3.580000 24 53 -48.91
3.580000 24 54 -43.42
3.580000 24 55 -95.45
3.580000 24 56 -82.54
3.580000 24 57 -23.97
3.580000 24 58  8.98
3.580000 24 59  5.82
3.580000 24 60 -0.15
3.580000 24 61 -11.31
3.580000 24 62 -27.06
3.580000 24 63 -31.24
3.580000 24 64 -108.14
3.580000 24 65 -126.12
3.580000 24 66 -117.26
3.580000 24 67 -101.80
3.580000 24 68 -87.48
3.580000 24 69 -114.79
3.580000 24 70 -138.97
3.580000 24 71 -160.01
3.580000 24 72 -146.78
3.580000 24 73 -193.30
3.580000 24 74 -224.61
3.580000 24 75 -316.22
3.580000 24 76 -366.27
3.580000 24 77 -443.93
3.580000 24 78 -448.71
3.580000 24 79 -388.68
3.580000 24 80 -343.06
3.580000 24 81 -384.43
3.580000 24 82 -406.58
3.580000 24 83 -394.87
3.580000 24 84 -394.24
3.580000 24 85 -414.28
3.580000 24 86 -421.27
3.580000 24 87 -395.76
3.580000 24 88 -369.96
3.580000 24 89 -333.89
3.580000 24 90 -329.17
3.580000 24 91 -291.28
3.580000 24 92 -250.13
3.580000 24 93 -216.55
3.580000 24 94 -189.82
3.580000 24 95 -175.78
3.580000 24 96 -84.25
3.580000 24 97 -85.93
3.580000 24 98 -52.91
3.580000 24 99 -68.10
3.580000 24 100 -89.43
3.580000 24 101 -125.47
3.580000 24 102 -143.88
3.580000 24 103 -147.58
3.580000 24 104 -153.06
3.580000 24 105 -153.80
3.580000 24 106 -176.09
3.580000 24 107 -188.29
3.580000 24 108 -170.62
3.580000 24 109 -117.58
3.580000 24 110 -96.34
3.580000 24 111 -97.88
3.580000 24 112 -150.70
3.580000 24 113 -167.47
3.580000 24 114 -217.33
3.580000 24 115 -225.32
3.580000 24 116 -206.52
3.580000 24 117 -213.65
3.580000 24 118 -207.53
3.580000 24 119 -191.47
3.580000 24 120 -205.99
3.580000 24 121 -223.41
3.580000 24 122 -244.20
3.580000 24 123 -285.50
3.580000 24 124 -302.30
3.580000 24 125 -315.84
3.580000 24 126 -314.10
3.580000 24 127 -370.91
3.580000 24 128 -341.45
3.580000 24 129 -325.13
3.580000 24 130 -331.85
3.580000 24 131 -371.72
3.580000 24 132 -450.11
3.580000 24 133 -464.25
3.580000 24 134 -496.64
3.580000 24 135 -538.80
3.580000 24 136 -524.01
3.580000 24 137 -515.41
3.580000 24 138 -538.29
3.580000 24 139 -509.77
3.580000 24 140 -488.07
3.580000 24 141 -433.82
3.580000 24 142 -398.35
3.580000 24 143 -372.60
3.580000 24 144 -340.41
3.580000 24 145 -345.25
3.580000 24 146 -317.10
3.580000 24 147 -341.81
3.580000 24 148 -371.11
3.580000 24 149 -388.85
3.580000 24 150 -385.84
3.580000 24 151 -400.24
3.580000 24 152 -373.93
3.580000 24 153 -333.64
3.580000 24 154 -336.28
3.580000 24 155 -404.20
3.580000 24 156 -392.11
3.580000 24 157 -428.92
3.580000 24 158 -423.85
3.580000 24 159 -368.74
3.580000 24 160 -331.84
3.580000 24 161 -316.98
3.580000 24 162 -338.17
3.580000 24 163 -397.67
3.580000 24 164 -415.15
3.580000 24 165 -338.62
3.580000 24 166 -322.11
3.580000 24 167 -345.86
3.580000 24 168 -340.49
3.580000 24 169 -335.25
3.580000 24 170 -362.19
3.580000 24 171 -400.15
3.580000 24 172 -470.73
3.580000 24 173 -482.30
3.580000 24 174 -445.47
3.580000 24 175 -463.29
3.580000 24 176 -449.35
3.580000 24 177 -456.46
3.580000 24 178 -426.71
3.580000 24 179 -403.81
3.580000 24 180 -387.51
3.580000 24 181 -370.50
3.580000 24 182 -375.31
3.580000 24 183 -374.64
3.580000 24 184 -388.40
3.580000 24 185 -376.70
3.580000 24 186 -428.40
3.580000 24 187 -429.97
3.580000 24 188 -424.26
3.580000 24 189 -438.26
3.580000 24 190 -393.45
3.580000 24 191 -398.54
3.580000 24 192 -421.71
3.580000 24 193 -424.45
3.580000 24 194 -474.60
3.580000 24 195 -506.72
3.580000 24 196 -553.64
3.580000 24 197 -535.27
3.580000 24 198 -560.18
3.580000 24 199 -556.25
