2.220000 256 0 490306.52
2.220000 256 1 315218.18
2.220000 256 2 211780.21
2.220000 256 3 133068.50
2.220000 256 4 86834.67
2.220000 256 5 63615.43
2.220000 256 6 62667.97
2.220000 256 7 51388.05
2.220000 256 8 39033.39
2.220000 256 9 28816.34
2.220000 256 10 28398.52
2.220000 256 11 34205.94
2.220000 256 12 31978.70
2.220000 256 13 33494.87
2.220000 256 14 34838.87
2.220000 256 15 36405.04
2.220000 256 16 41551.83
2.220000 256 17 52849.37
2.220000 256 18 56844.31
2.220000 256 19 60870.81
2.220000 256 20 66985.01
2.220000 256 21 68402.87
2.220000 256 22 71677.74
2.220000 256 23 82942.33
2.220000 256 24 82596.63
2.220000 256 25 68399.13
2.220000 256 26 45959.83
2.220000 256 27 22286.43
2.220000 256 28 17166.89
2.220000 256 29 24630.90
2.220000 256 30 28158.09
2.220000 256 31 27546.69
2.220000 256 32 35707.99
2.220000 256 33 31175.58
2.220000 256 34 17659.66
2.220000 256 35 18317.87
2.220000 256 36 19810.72
2.220000 256 37 20236.23
2.220000 256 38 31528.00
2.220000 256 39 36446.34
2.220000 256 40 42096.64
2.220000 256 41 51710.33
2.220000 256 42 59585.82
2.220000 256 43 57551.38
2.220000 256 44 70982.57
2.220000 256 45 71597.68
2.220000 256 46 59228.17
2.220000 256 47 46914.85
2.220000 256 48 51405.46
2.220000 256 49 63149.67
2.220000 256 50 75948.11
2.220000 256 51 75168.86
2.220000 256 52 74379.17
2.220000 256 53 77361.56
2.220000 256 54 89483.04
2.220000 256 55 104452.13
2.220000 256 56 117098.32
2.220000 256 57 124877.56
2.220000 256 58 129567.17
2.220000 256 59 127498.01
2.220000 256 60 137213.64
2.220000 256 61 144221.03
2.220000 256 62 143153.77
2.220000 256 63 138437.05
2.220000 256 64 145793.34
2.220000 256 65 153911.87
2.220000 256 66 159465.29
2.220000 256 67 161849.64
2.220000 256 68 161344.40
2.220000 256 69 171616.02
2.220000 256 70 186947.97
2.220000 256 71 197967.91
2.220000 256 72 209856.16
2.220000 256 73 221973.31
2.220000 256 74 227394.29
2.220000 256 75 220996.45
2.220000 256 76 221592.78
2.220000 256 77 213683.90
2.220000 256 78 204758.34
2.220000 256 79 192589.52
2.220000 256 80 185117.44
2.220000 256 81 188179.17
2.220000 256 82 185895.59
2.220000 256 83 182214.24
2.220000 256 84 166019.80
2.220000 256 85 162122.29
2.220000 256 86 157761.49
2.220000 256 87 163049.68
2.220000 256 88 160301.80
2.220000 256 89 159746.18
2.220000 256 90 165867.97
2.220000 256 91 164303.37
2.220000 256 92 155440.48
2.220000 256 93 137390.52
2.220000 256 94 132290.79
2.220000 256 95 130823.48
2.220000 256 96 135845.68
2.220000 256 97 133475.04
2.220000 256 98 126815.75
2.220000 256 99 128593.57
2.220000 256 100 113501.26
2.220000 256 101 102921.19
2.220000 256 102 114451.56
2.220000 256 103 118233.08
2.220000 256 104 115989.65
2.220000 256 105 121290.04
2.220000 256 106 118538.14
2.220000 256 107 117709.43
2.220000 256 108 112820.73
2.220000 256 109 104296.49
2.220000 256 110 96900.17
2.220000 256 111 83641.24
2.220000 256 112 79754.45
2.220000 256 113 75638.98
2.220000 256 114 71742.86
2.220000 256 115 69175.64
2.220000 256 116 72357.61
2.220000 256 117 58592.99
2.220000 256 118 50158.50
2.220000 256 119 66684.61
2.220000 256 120 79659.23
2.220000 256 121 90336.73
2.220000 256 122 81306.34
2.220000 256 123 82699.60
2.220000 256 124 78456.76
2.220000 256 125 67175.60
2.220000 256 126 49449.61
2.220000 256 127 36887.67
2.220000 256 128 38313.27
2.220000 256 129 31041.66
2.220000 256 130 32984.61
2.220000 256 131 54912.49
2.220000 256 132 70061.17
2.220000 256 133 78793.03
2.220000 256 134 79353.32
2.220000 256 135 84009.74
2.220000 256 136 94756.71
2.220000 256 137 112819.51
2.220000 256 138 134199.09
2.220000 256 139 147783.31
2.220000 256 140 152986.04
2.220000 256 141 153327.79
2.220000 256 142 135568.90
2.220000 256 143 123167.19
2.220000 256 144 121995.01
2.220000 256 145 104189.08
2.220000 256 146 98459.91
2.220000 256 147 100824.09
2.220000 256 148 88990.30
2.220000 256 149 92175.81
2.220000 256 150 93509.42
2.220000 256 151 95809.51
2.220000 256 152 86294.60
2.220000 256 153 81396.06
2.220000 256 154 85168.61
2.220000 256 155 95946.69
2.220000 256 156 99071.98
2.220000 256 157 102711.67
2.220000 256 158 94850.85
2.220000 256 159 93815.69
2.220000 256 160 98242.95
2.220000 256 161 105894.03
2.220000 256 162 102476.80
2.220000 256 163 108434.55
2.220000 256 164 111034.27
2.220000 256 165 106245.62
2.220000 256 166 106242.56
2.220000 256 167 104491.44
2.220000 256 168 101998.37
2.220000 256 169 87541.44
2.220000 256 170 81382.69
2.220000 256 171 77671.18
2.220000 256 172 71094.35
2.220000 256 173 61052.45
2.220000 256 174 44909.43
2.220000 256 175 23002.75
2.220000 256 176 24548.48
2.220000 256 177 40223.13
2.220000 256 178 49958.91
2.220000 256 179 52213.34
2.220000 256 180 56188.30
2.220000 256 181 57998.84
2.220000 256 182 65237.76
2.220000 256 183 68710.32
2.220000 256 184 72725.35
2.220000 256 185 77455.01
2.220000 256 186 74555.25
2.220000 256 187 76692.60
2.220000 256 188 84319.10
2.220000 256 189 87130.21
2.220000 256 190 79476.62
2.220000 256 191 79137.84
2.220000 256 192 83004.36
2.220000 256 193 90652.80
2.220000 256 194 86141.37
2.220000 256 195 82555.80
2.220000 256 196 86942.77
2.220000 256 197 68421.64
2.220000 256 198 67467.33
2.220000 256 199 64160.54
