3.650000 128 0 569945.97
3.650000 128 1 503195.32
3.650000 128 2 448184.28
3.650000 128 3 401983.04
3.650000 128 4 361851.71
3.650000 128 5 327238.87
3.650000 128 6 296708.04
3.650000 128 7 269518.89
3.650000 128 8 245888.93
3.650000 128 9 224449.66
3.650000 128 10 205046.21
3.650000 128 11 187584.18
3.650000 128 12 171545.71
3.650000 128 13 157652.36
3.650000 128 14 144987.66
3.650000 128 15 132894.20
3.650000 128 16 123222.87
3.650000 128 17 114183.91
3.650000 128 18 106329.36
3.650000 128 19 99158.57
3.650000 128 20 91948.03
3.650000 128 21 85524.82
3.650000 128 22 79160.57
3.650000 128 23 72533.15
3.650000 128 24 66790.61
3.650000 128 25 60527.05
3.650000 128 26 55048.38
3.650000 128 27 50081.70
3.650000 128 28 44979.36
3.650000 128 29 40757.95
3.650000 128 30 36601.63
3.650000 128 31 33043.67
3.650000 128 32 29790.85
3.650000 128 33 26427.50
3.650000 128 34 23767.92
3.650000 128 35 21330.27
3.650000 128 36 19159.58
3.650000 128 37 17120.46
3.650000 128 38 14614.73
3.650000 128 39 11681.24
3.650000 128 40 9536.96
3.650000 128 41 7554.63
3.650000 128 42 6221.47
3.650000 128 43 4957.40
3.650000 128 44 4324.12
3.650000 128 45 3664.85
3.650000 128 46 2835.31
3.650000 128 47 2227.55
3.650000 128 48 2468.69
3.650000 128 49 2904.67
3.650000 128 50 2725.07
3.650000 128 51 2845.15
3.650000 128 52 2512.21
3.650000 128 53 1885.61
3.650000 128 54 1157.31
3.650000 128 55 176.20
3.650000 128 56 -1373.93
3.650000 128 57 -3129.61
3.650000 128 58 -5045.76
3.650000 128 59 -6634.60
3.650000 128 60 -7588.13
3.650000 128 61 -8220.26
3.650000 128 62 -9139.64
3.650000 128 63 -10011.63
3.650000 128 64 -10760.89
3.650000 128 65 -11292.43
3.650000 128 66 -11173.99
3.650000 128 67 -10744.97
3.650000 128 68 -10656.35
3.650000 128 69 -10494.92
3.650000 128 70 -10682.14
3.650000 128 71 -9888.01
3.650000 128 72 -9038.01
3.650000 128 73 -8522.36
3.650000 128 74 -7742.80
3.650000 128 75 -6653.00
3.650000 128 76 -5491.94
3.650000 128 77 -3944.23
3.650000 128 78 -2920.24
3.650000 128 79 -2517.89
3.650000 128 80 -2250.60
3.650000 128 81 -2179.40
3.650000 128 82 -1759.40
3.650000 128 83 -1561.02
3.650000 128 84 -1431.43
3.650000 128 85 -1331.12
3.650000 128 86 -1561.69
3.650000 128 87 -1293.72
3.650000 128 88 -1136.21
3.650000 128 89 -1194.34
3.650000 128 90 -1671.04
3.650000 128 91 -1764.29
3.650000 128 92 -2655.07
3.650000 128 93 -2719.31
3.650000 128 94 -2818.86
3.650000 128 95 -3014.23
3.650000 128 96 -3593.88
3.650000 128 97 -3496.38
3.650000 128 98 -3765.91
3.650000 128 99 -4119.80
3.650000 128 100 -4413.31
3.650000 128 101 -4926.45
3.650000 128 102 -5390.41
3.650000 128 103 -5682.43
3.650000 128 104 -6058.90
3.650000 128 105 -5845.89
3.650000 128 106 -5943.54
3.650000 128 107 -5404.43
3.650000 128 108 -5814.78
3.650000 128 109 -5650.95
3.650000 128 110 -5572.50
3.650000 128 111 -4940.27
3.650000 128 112 -4281.49
3.650000 128 113 -3595.40
3.650000 128 114 -2842.42
3.650000 128 115 -3015.29
3.650000 128 116 -3978.40
3.650000 128 117 -4656.59
3.650000 128 118 -4905.38
3.650000 128 119 -4780.69
3.650000 128 120 -3744.89
3.650000 128 121 -3443.24
3.650000 128 122 -2924.20
3.650000 128 123 -2251.41
3.650000 128 124 -2184.22
3.650000 128 125 -1786.26
3.650000 128 126 -1902.21
3.650000 128 127 -1912.88
3.650000 128 128 -1594.00
3.650000 128 129 -1451.07
3.650000 128 130 -998.88
3.650000 128 131 -529.87
3.650000 128 132 -90.94
3.650000 128 133 455.70
3.650000 128 134 212.83
3.650000 128 135 10.49
3.650000 128 136 -853.78
3.650000 128 137 -2417.16
3.650000 128 138 -3776.96
3.650000 128 139 -5334.76
3.650000 128 140 -6557.32
3.650000 128 141 -7029.61
3.650000 128 142 -7971.37
3.650000 128 143 -8897.33
3.650000 128 144 -8827.63
3.650000 128 145 -8859.71
3.650000 128 146 -8890.49
3.650000 128 147 -9375.08
3.650000 128 148 -10173.36
3.650000 128 149 -10489.04
3.650000 128 150 -11476.12
3.650000 128 151 -12306.51
3.650000 128 152 -13887.59
3.650000 128 153 -15233.33
3.650000 128 154 -16030.54
3.650000 128 155 -16232.39
3.650000 128 156 -16524.44
3.650000 128 157 -16620.92
3.650000 128 158 -17363.83
3.650000 128 159 -17762.65
3.650000 128 160 -17831.17
3.650000 128 161 -18661.21
3.650000 128 162 -19771.39
3.650000 128 163 -20794.02
3.650000 128 164 -21583.90
3.650000 128 165 -22284.76
3.650000 128 166 -23185.36
3.650000 128 167 -24597.02
3.650000 128 168 -26065.55
3.650000 128 169 -27520.39
3.650000 128 170 -28619.87
3.650000 128 171 -29744.08
3.650000 128 172 -30636.05
3.650000 128 173 -30695.39
3.650000 128 174 -30560.97
3.650000 128 175 -30655.82
3.650000 128 176 -30482.67
3.650000 128 177 -31415.92
3.650000 128 178 -32272.54
3.650000 128 179 -32352.48
3.650000 128 180 -32662.57
3.650000 128 181 -32929.43
3.650000 128 182 -33823.95
3.650000 128 183 -34766.89
3.650000 128 184 -35276.85
3.650000 128 185 -35184.38
3.650000 128 186 -34976.48
3.650000 128 187 -35200.64
3.650000 128 188 -35301.00
3.650000 128 189 -35904.19
3.650000 128 190 -36213.40
3.650000 128 191 -36544.98
3.650000 128 192 -36251.70
3.650000 128 193 -36602.95
3.650000 128 194 -37507.11
3.650000 128 195 -38287.30
3.650000 128 196 -38640.66
3.650000 128 197 -38059.03
3.650000 128 198 -37214.71
3.650000 128 199 -36710.36
