3.770000 64 0 40842.32
3.770000 64 1 38249.69
3.770000 64 2 35938.80
3.770000 64 3 33778.72
3.770000 64 4 31722.21
3.770000 64 5 29837.48
3.770000 64 6 27937.13
3.770000 64 7 26151.82
3.770000 64 8 24642.85
3.770000 64 9 23257.47
3.770000 64 10 21893.44
3.770000 64 11 20528.41
3.770000 64 12 19225.08
3.770000 64 13 17971.00
3.770000 64 14 16917.30
3.770000 64 15 16034.44
3.770000 64 16 15179.24
3.770000 64 17 14446.77
3.770000 64 18 13669.67
3.770000 64 19 13003.88
3.770000 64 20 12345.45
3.770000 64 21 11767.09
3.770000 64 22 11272.35
3.770000 64 23 10720.04
3.770000 64 24 10193.10
3.770000 64 25 9679.84
3.770000 64 26 9160.59
3.770000 64 27 8740.90
3.770000 64 28 8347.30
3.770000 64 29 7972.30
3.770000 64 30 7582.14
3.770000 64 31 7198.52
3.770000 64 32 6749.03
3.770000 64 33 6228.04
3.770000 64 34 5574.68
3.770000 64 35 4953.47
3.770000 64 36 4346.11
3.770000 64 37 3749.77
3.770000 64 38 3258.85
3.770000 64 39 2750.55
3.770000 64 40 2359.63
3.770000 64 41 1934.62
3.770000 64 42 1523.30
3.770000 64 43 1064.62
3.770000 64 44 547.90
3.770000 64 45 64.63
3.770000 64 46 -337.92
3.770000 64 47 -745.39
3.770000 64 48 -1071.74
3.770000 64 49 -1385.91
3.770000 64 50 -1682.44
3.770000 64 51 -1964.82
3.770000 64 52 -2308.57
3.770000 64 53 -2471.92
3.770000 64 54 -2578.71
3.770000 64 55 -2729.12
3.770000 64 56 -2848.70
3.770000 64 57 -2907.88
3.770000 64 58 -2850.98
3.770000 64 59 -2873.53
3.770000 64 60 -2913.84
3.770000 64 61 -2961.02
3.770000 64 62 -3007.44
3.770000 64 63 -3017.17
3.770000 64 64 -2979.65
3.770000 64 65 -2995.94
3.770000 64 66 -3107.30
3.770000 64 67 -3188.72
3.770000 64 68 -3288.13
3.770000 64 69 -3245.55
3.770000 64 70 -3236.42
3.770000 64 71 -3237.04
3.770000 64 72 -3217.54
3.770000 64 73 -3157.06
3.770000 64 74 -3034.93
3.770000 64 75 -2895.75
3.770000 64 76 -2728.95
3.770000 64 77 -2662.30
3.770000 64 78 -2569.26
3.770000 64 79 -2352.74
3.770000 64 80 -2201.54
3.770000 64 81 -2109.09
3.770000 64 82 -1994.06
3.770000 64 83 -1904.34
3.770000 64 84 -1843.22
3.770000 64 85 -1748.76
3.770000 64 86 -1682.73
3.770000 64 87 -1515.33
3.770000 64 88 -1304.77
3.770000 64 89 -1118.69
3.770000 64 90 -1023.23
3.770000 64 91 -996.68
3.770000 64 92 -928.83
3.770000 64 93 -855.29
3.770000 64 94 -861.11
3.770000 64 95 -877.56
3.770000 64 96 -892.74
3.770000 64 97 -791.88
3.770000 64 98 -671.93
3.770000 64 99 -592.90
3.770000 64 100 -554.12
3.770000 64 101 -496.48
3.770000 64 102 -398.63
3.770000 64 103 -296.80
3.770000 64 104 -238.37
3.770000 64 105 -164.05
3.770000 64 106 -83.52
3.770000 64 107 -9.32
3.770000 64 108 -13.98
3.770000 64 109 207.74
3.770000 64 110 424.10
3.770000 64 111 661.22
3.770000 64 112 866.12
3.770000 64 113 1096.91
3.770000 64 114 1294.00
3.770000 64 115 1439.69
3.770000 64 116 1602.86
3.770000 64 117 1840.81
3.770000 64 118 2069.31
3.770000 64 119 2301.96
3.770000 64 120 2621.96
3.770000 64 121 2861.56
3.770000 64 122 3040.03
3.770000 64 123 3255.93
3.770000 64 124 3317.49
3.770000 64 125 3464.67
3.770000 64 126 3684.00
3.770000 64 127 3841.98
3.770000 64 128 3957.12
3.770000 64 129 4047.30
3.770000 64 130 4079.44
3.770000 64 131 4151.60
3.770000 64 132 4265.83
3.770000 64 133 4391.85
3.770000 64 134 4542.47
3.770000 64 135 4671.34
3.770000 64 136 4773.35
3.770000 64 137 4916.37
3.770000 64 138 5072.58
3.770000 64 139 5299.56
3.770000 64 140 5578.05
3.770000 64 141 5903.91
3.770000 64 142 6255.14
3.770000 64 143 6508.47
3.770000 64 144 6734.10
3.770000 64 145 6874.26
3.770000 64 146 6942.45
3.770000 64 147 6986.31
3.770000 64 148 7020.08
3.770000 64 149 7110.53
3.770000 64 150 7154.20
3.770000 64 151 7243.01
3.770000 64 152 7330.96
3.770000 64 153 7411.63
3.770000 64 154 7472.77
3.770000 64 155 7551.75
3.770000 64 156 7629.74
3.770000 64 157 7692.79
3.770000 64 158 7764.75
3.770000 64 159 7752.30
3.770000 64 160 7673.76
3.770000 64 161 7626.56
3.770000 64 162 7524.46
3.770000 64 163 7393.35
3.770000 64 164 7210.70
3.770000 64 165 6984.02
3.770000 64 166 6831.41
3.770000 64 167 6736.53
3.770000 64 168 6668.36
3.770000 64 169 6585.83
3.770000 64 170 6506.26
3.770000 64 171 6474.72
3.770000 64 172 6636.42
3.770000 64 173 6746.88
3.770000 64 174 6895.64
3.770000 64 175 6960.50
3.770000 64 176 7039.53
3.770000 64 177 7121.15
3.770000 64 178 7148.85
3.770000 64 179 7129.38
3.770000 64 180 7055.42
3.770000 64 181 6945.84
3.770000 64 182 6815.73
3.770000 64 183 6727.64
3.770000 64 184 6714.41
3.770000 64 185 6649.17
3.770000 64 186 6598.71
3.770000 64 187 6590.86
3.770000 64 188 6618.05
3.770000 64 189 6569.79
3.770000 64 190 6500.23
3.770000 64 191 6391.74
3.770000 64 192 6381.33
3.770000 64 193 6379.17
3.770000 64 194 6227.71
3.770000 64 195 6128.59
3.770000 64 196 6070.06
3.770000 64 197 5914.38
3.770000 64 198 5769.72
3.770000 64 199 5607.66
