2.300000 16 0 2060.99
2.300000 16 1 1394.89
2.300000 16 2 989.67
2.300000 16 3 712.29
2.300000 16 4 523.19
2.300000 16 5 381.82
2.300000 16 6 299.69
2.300000 16 7 222.22
2.300000 16 8 154.21
2.300000 16 9 104.98
2.300000 16 10 58.04
2.300000 16 11 44.79
2.300000 16 12 17.39
2.300000 16 13 19.15
2.300000 16 14  8.90
2.300000 16 15 16.37
2.300000 16 16 15.86
2.300000 16 17  4.04
2.300000 16 18  1.17
2.300000 16 19 -1.78
2.300000 16 20 -21.22
2.300000 16 21 -19.87
2.300000 16 22 -10.64
2.300000 16 23  4.55
2.300000 16 24  8.16
2.300000 16 25 -3.14
2.300000 16 26 -9.49
2.300000 16 27 10.84
2.300000 16 28 29.81
2.300000 16 29 38.27
2.300000 16 30 31.08
2.300000 16 31 13.81
2.300000 16 32 11.95
2.300000 16 33 16.85
2.300000 16 34 39.10
2.300000 16 35 44.88
2.300000 16 36 55.07
2.300000 16 37 51.86
2.300000 16 38 43.03
2.300000 16 39 36.38
2.300000 16 40 18.20
2.300000 16 41 -0.95
2.300000 16 42  2.32
2.300000 16 43  5.59
2.300000 16 44 -9.91
2.300000 16 45  1.67
2.300000 16 46 -0.38
2.300000 16 47 13.52
2.300000 16 48 -3.98
2.300000 16 49 -8.51
2.300000 16 50  1.51
2.300000 16 51 -0.92
2.300000 16 52  3.57
2.300000 16 53  2.28
2.300000 16 54 -3.69
2.300000 16 55 -3.18
2.300000 16 56 -12.77
2.300000 16 57 -16.42
2.300000 16 58 -20.34
2.300000 16 59 -23.60
2.300000 16 60 -17.08
2.300000 16 61 -21.42
2.300000 16 62 -16.03
2.300000 16 63 -22.79
2.300000 16 64  3.74
2.300000 16 65  6.11
2.300000 16 66 10.49
2.300000 16 67  0.35
2.300000 16 68 -17.28
2.300000 16 69 -52.70
2.300000 16 70 -55.37
2.300000 16 71 -66.05
2.300000 16 72 -87.92
2.300000 16 73 -79.01
2.300000 16 74 -92.44
2.300000 16 75 -80.36
2.300000 16 76 -72.29
2.300000 16 77 -50.01
2.300000 16 78 -50.03
2.300000 16 79 -44.21
2.300000 16 80 -65.90
2.300000 16 81 -64.19
2.300000 16 82 -72.33
2.300000 16 83 -76.98
2.300000 16 84 -63.84
2.300000 16 85 -76.22
2.300000 16 86 -71.35
2.300000 16 87 -67.18
2.300000 16 88 -79.51
2.300000 16 89 -81.31
2.300000 16 90 -89.09
2.300000 16 91 -81.91
2.300000 16 92 -83.08
2.300000 16 93 -68.44
2.300000 16 94 -48.16
2.300000 16 95 -44.65
2.300000 16 96 -43.86
2.300000 16 97 -41.56
2.300000 16 98 -42.99
2.300000 16 99 -40.40
2.300000 16 100 -53.17
2.300000 16 101 -65.74
2.300000 16 102 -66.64
2.300000 16 103 -69.60
2.300000 16 104 -60.49
2.300000 16 105 -59.09
2.300000 16 106 -43.44
2.300000 16 107 -41.80
2.300000 16 108 -40.46
2.300000 16 109 -40.76
2.300000 16 110 -36.21
2.300000 16 111 -43.47
2.300000 16 112 -48.64
2.300000 16 113 -51.72
2.300000 16 114 -64.95
2.300000 16 115 -58.80
2.300000 16 116 -36.92
2.300000 16 117 -22.04
2.300000 16 118 11.21
2.300000 16 119  9.36
2.300000 16 120  3.78
2.300000 16 121 -10.36
2.300000 16 122 -29.66
2.300000 16 123 -51.44
2.300000 16 124 -56.48
2.300000 16 125 -65.02
2.300000 16 126 -74.09
2.300000 16 127 -76.08
2.300000 16 128 -63.39
2.300000 16 129 -42.95
2.300000 16 130 -22.87
2.300000 16 131 -3.37
2.300000 16 132  8.64
2.300000 16 133 18.11
2.300000 16 134 16.36
2.300000 16 135 25.51
2.300000 16 136 38.03
2.300000 16 137 49.07
2.300000 16 138 52.05
2.300000 16 139 55.03
2.300000 16 140 63.64
2.300000 16 141 70.96
2.300000 16 142 59.77
2.300000 16 143 65.90
2.300000 16 144 62.23
2.300000 16 145 52.95
2.300000 16 146 42.01
2.300000 16 147 27.98
2.300000 16 148  4.67
2.300000 16 149 -28.92
2.300000 16 150 -26.30
2.300000 16 151 -27.97
2.300000 16 152 -10.14
2.300000 16 153  6.93
2.300000 16 154 22.09
2.300000 16 155 20.21
2.300000 16 156 39.38
2.300000 16 157 28.61
2.300000 16 158 39.15
2.300000 16 159 29.51
2.300000 16 160 21.78
2.300000 16 161 28.63
2.300000 16 162 21.51
2.300000 16 163 -16.13
2.300000 16 164 -31.67
2.300000 16 165 -32.15
2.300000 16 166 -36.36
2.300000 16 167 -22.91
2.300000 16 168 -24.54
2.300000 16 169 -27.39
2.300000 16 170 -52.03
2.300000 16 171 -51.83
2.300000 16 172 -64.61
2.300000 16 173 -77.45
2.300000 16 174 -78.13
2.300000 16 175 -64.23
2.300000 16 176 -53.49
2.300000 16 177 -42.70
2.300000 16 178 -65.23
2.300000 16 179 -87.78
2.300000 16 180 -82.24
2.300000 16 181 -96.97
2.300000 16 182 -92.37
2.300000 16 183 -70.91
2.300000 16 184 -68.55
2.300000 16 185 -88.07
2.300000 16 186 -83.98
2.300000 16 187 -63.08
2.300000 16 188 -56.49
2.300000 16 189 -37.09
2.300000 16 190 -25.40
2.300000 16 191 -42.32
2.300000 16 192 -51.77
2.300000 16 193 -58.55
2.300000 16 194 -60.45
2.300000 16 195 -55.20
2.300000 16 196 -71.46
2.300000 16 197 -61.94
2.300000 16 198 -60.84
2.300000 16 199 -56.20
