3.600000 128 0 187100.23
3.600000 128 1 138083.13
3.600000 128 2 103019.17
3.600000 128 3 77893.16
3.600000 128 4 58381.40
3.600000 128 5 43637.63
3.600000 128 6 32492.74
3.600000 128 7 25880.12
3.600000 128 8 18244.61
3.600000 128 9 12847.55
3.600000 128 10 9352.92
3.600000 128 11 6811.32
3.600000 128 12 5055.19
3.600000 128 13 3820.05
3.600000 128 14 5114.52
3.600000 128 15 6742.53
3.600000 128 16 7975.43
3.600000 128 17 9644.60
3.600000 128 18 11080.02
3.600000 128 19 10374.54
3.600000 128 20 10005.57
3.600000 128 21 8587.37
3.600000 128 22 8885.57
3.600000 128 23 10145.15
3.600000 128 24 11332.17
3.600000 128 25 10102.03
3.600000 128 26 9977.00
3.600000 128 27 6198.88
3.600000 128 28 2800.85
3.600000 128 29 755.20
3.600000 128 30 -1785.69
3.600000 128 31 -3796.52
3.600000 128 32 -4042.41
3.600000 128 33 -3773.68
3.600000 128 34 -1302.17
3.600000 128 35 -320.13
3.600000 128 36 559.67
3.600000 128 37 2377.17
3.600000 128 38 4093.22
3.600000 128 39 5080.92
3.600000 128 40 5362.87
3.600000 128 41 5197.48
3.600000 128 42 6887.58
3.600000 128 43 9756.71
3.600000 128 44 11830.38
3.600000 128 45 13431.84
3.600000 128 46 14580.67
3.600000 128 47 15128.49
3.600000 128 48 14096.56
3.600000 128 49 13434.69
3.600000 128 50 13397.29
3.600000 128 51 13135.88
3.600000 128 52 13537.45
3.600000 128 53 13243.13
3.600000 128 54 13080.75
3.600000 128 55 12458.20
3.600000 128 56 12801.69
3.600000 128 57 12138.65
3.600000 128 58 14410.52
3.600000 128 59 16004.14
3.600000 128 60 15190.99
3.600000 128 61 11899.99
3.600000 128 62 12575.86
3.600000 128 63 14435.91
3.600000 128 64 14190.49
3.600000 128 65 12277.54
3.600000 128 66 10703.80
3.600000 128 67 10708.83
3.600000 128 68 10860.67
3.600000 128 69 11127.92
3.600000 128 70 11062.77
3.600000 128 71 10654.66
3.600000 128 72 9507.05
3.600000 128 73 8967.59
3.600000 128 74 8451.54
3.600000 128 75 9692.64
3.600000 128 76 12114.56
3.600000 128 77 11687.03
3.600000 128 78 10909.89
3.600000 128 79 7986.60
3.600000 128 80 7598.06
3.600000 128 81 6238.49
3.600000 128 82 6055.56
3.600000 128 83 5947.01
3.600000 128 84 5652.11
3.600000 128 85 6554.82
3.600000 128 86 9051.59
3.600000 128 87 9907.95
3.600000 128 88 10078.36
3.600000 128 89 10107.58
3.600000 128 90 11721.28
3.600000 128 91 13775.42
3.600000 128 92 14840.87
3.600000 128 93 15824.89
3.600000 128 94 16322.51
3.600000 128 95 15811.49
3.600000 128 96 13189.82
3.600000 128 97 10156.37
3.600000 128 98 6504.64
3.600000 128 99 4299.77
3.600000 128 100 799.48
3.600000 128 101 75.41
3.600000 128 102 -3589.85
3.600000 128 103 -6043.47
3.600000 128 104 -9606.72
3.600000 128 105 -11608.06
3.600000 128 106 -9451.94
3.600000 128 107 -7915.01
3.600000 128 108 -7620.09
3.600000 128 109 -6489.41
3.600000 128 110 -7746.09
3.600000 128 111 -9312.06
3.600000 128 112 -11423.78
3.600000 128 113 -10379.29
3.600000 128 114 -11121.85
3.600000 128 115 -11255.28
3.600000 128 116 -10535.30
3.600000 128 117 -10480.10
3.600000 128 118 -9098.01
3.600000 128 119 -7443.28
3.600000 128 120 -6335.42
3.600000 128 121 -7608.71
3.600000 128 122 -9407.77
3.600000 128 123 -13116.46
3.600000 128 124 -15050.26
3.600000 128 125 -14117.52
3.600000 128 126 -14512.76
3.600000 128 127 -13304.05
3.600000 128 128 -16544.42
3.600000 128 129 -17888.11
3.600000 128 130 -18980.73
3.600000 128 131 -20115.81
3.600000 128 132 -20432.78
3.600000 128 133 -18749.04
3.600000 128 134 -21424.77
3.600000 128 135 -23007.75
3.600000 128 136 -22195.17
3.600000 128 137 -23436.56
3.600000 128 138 -23826.29
3.600000 128 139 -25152.09
3.600000 128 140 -27781.68
3.600000 128 141 -29582.54
3.600000 128 142 -29859.14
3.600000 128 143 -29081.23
3.600000 128 144 -28366.71
3.600000 128 145 -27754.81
3.600000 128 146 -26972.04
3.600000 128 147 -27484.90
3.600000 128 148 -28493.48
3.600000 128 149 -30912.87
3.600000 128 150 -31491.87
3.600000 128 151 -32968.50
3.600000 128 152 -35565.06
3.600000 128 153 -35381.85
3.600000 128 154 -36298.89
3.600000 128 155 -38234.69
3.600000 128 156 -37456.20
3.600000 128 157 -35531.49
3.600000 128 158 -34577.68
3.600000 128 159 -34706.05
3.600000 128 160 -33935.09
3.600000 128 161 -32700.50
3.600000 128 162 -30162.07
3.600000 128 163 -26886.52
3.600000 128 164 -25047.21
3.600000 128 165 -23114.46
3.600000 128 166 -21037.52
3.600000 128 167 -20817.92
3.600000 128 168 -20476.60
3.600000 128 169 -19668.67
3.600000 128 170 -18126.31
3.600000 128 171 -15808.18
3.600000 128 172 -13236.34
3.600000 128 173 -10835.74
3.600000 128 174 -9092.07
3.600000 128 175 -6667.74
3.600000 128 176 -6495.57
3.600000 128 177 -5960.65
3.600000 128 178 -4934.23
3.600000 128 179 -5243.02
3.600000 128 180 -6356.86
3.600000 128 181 -6128.93
3.600000 128 182 -5735.65
3.600000 128 183 -5043.19
3.600000 128 184 -6260.24
3.600000 128 185 -6562.97
3.600000 128 186 -6551.27
3.600000 128 187 -7095.41
3.600000 128 188 -9082.50
3.600000 128 189 -11593.23
3.600000 128 190 -12319.38
3.600000 128 191 -14464.73
3.600000 128 192 -14823.17
3.600000 128 193 -14071.66
3.600000 128 194 -12526.76
3.600000 128 195 -10080.43
3.600000 128 196 -10435.67
3.600000 128 197 -9274.51
3.600000 128 198 -9126.92
3.600000 128 199 -9391.30
