3.440000 16 0 1406.96
3.440000 16 1 671.40
3.440000 16 2 333.14
3.440000 16 3 151.97
3.440000 16 4 66.25
3.440000 16 5 21.72
3.440000 16 6  9.05
3.440000 16 7 -1.04
3.440000 16 8 -16.88
3.440000 16 9 -25.91
3.440000 16 10 -3.65
3.440000 16 11 26.07
3.440000 16 12 18.80
3.440000 16 13 24.54
3.440000 16 14  5.19
3.440000 16 15  2.18
3.440000 16 16 16.92
3.440000 16 17 19.52
3.440000 16 18 14.51
3.440000 16 19 16.08
3.440000 16 20  9.64
3.440000 16 21 -10.27
3.440000 16 22 -7.11
3.440000 16 23  0.77
3.440000 16 24 -3.99
3.440000 16 25  7.61
3.440000 16 26  0.32
3.440000 16 27  9.36
3.440000 16 28  8.00
3.440000 16 29 -9.22
3.440000 16 30 -6.58
3.440000 16 31 -18.41
3.440000 16 32 -6.67
3.440000 16 33 -3.73
3.440000 16 34  8.95
3.440000 16 35 18.70
3.440000 16 36  9.13
3.440000 16 37  2.81
3.440000 16 38 11.10
3.440000 16 39  7.24
3.440000 16 40 -6.91
3.440000 16 41 -4.78
3.440000 16 42 -7.09
3.440000 16 43  6.40
3.440000 16 44 -4.10
3.440000 16 45 -18.40
3.440000 16 46 -27.81
3.440000 16 47 -35.50
3.440000 16 48 -25.05
3.440000 16 49  3.33
3.440000 16 50 22.30
3.440000 16 51 23.68
3.440000 16 52 18.45
3.440000 16 53  4.64
3.440000 16 54 21.47
3.440000 16 55 19.23
3.440000 16 56 20.19
3.440000 16 57 25.83
3.440000 16 58 11.58
3.440000 16 59 16.24
3.440000 16 60 15.97
3.440000 16 61 20.86
3.440000 16 62 28.67
3.440000 16 63 36.28
3.440000 16 64 38.22
3.440000 16 65 31.38
3.440000 16 66 40.47
3.440000 16 67 52.80
3.440000 16 68 50.09
3.440000 16 69 41.95
3.440000 16 70 25.22
3.440000 16 71 21.62
3.440000 16 72 32.80
3.440000 16 73  2.01
3.440000 16 74 -4.21
3.440000 16 75 -16.26
3.440000 16 76 -10.03
3.440000 16 77 19.12
3.440000 16 78 34.00
3.440000 16 79 20.68
3.440000 16 80 19.22
3.440000 16 81 -7.80
3.440000 16 82 -6.54
3.440000 16 83 -8.07
3.440000 16 84 14.47
3.440000 16 85  0.59
3.440000 16 86 -3.05
3.440000 16 87  3.85
3.440000 16 88 20.60
3.440000 16 89 13.60
3.440000 16 90 -9.24
3.440000 16 91 -3.46
3.440000 16 92 10.29
3.440000 16 93 16.59
3.440000 16 94 21.75
3.440000 16 95 29.28
3.440000 16 96 -17.14
3.440000 16 97 -18.90
3.440000 16 98 -21.15
3.440000 16 99 -13.66
3.440000 16 100 -8.41
3.440000 16 101 -6.12
3.440000 16 102  2.84
3.440000 16 103 11.18
3.440000 16 104  4.61
3.440000 16 105  3.21
3.440000 16 106  4.83
3.440000 16 107 -0.59
3.440000 16 108 -2.98
3.440000 16 109 -3.24
3.440000 16 110  0.53
3.440000 16 111 31.58
3.440000 16 112 18.95
3.440000 16 113 20.47
3.440000 16 114 16.04
3.440000 16 115  6.32
3.440000 16 116  8.96
3.440000 16 117 -7.82
3.440000 16 118 -16.62
3.440000 16 119 -8.89
3.440000 16 120 -2.50
3.440000 16 121  4.77
3.440000 16 122 -4.68
3.440000 16 123 -0.40
3.440000 16 124 -6.82
3.440000 16 125 -4.52
3.440000 16 126 -19.23
3.440000 16 127 -5.93
3.440000 16 128 -6.43
3.440000 16 129 18.02
3.440000 16 130  5.62
3.440000 16 131 -5.32
3.440000 16 132 -12.55
3.440000 16 133 -7.86
3.440000 16 134  3.73
3.440000 16 135 25.72
3.440000 16 136 35.63
3.440000 16 137 26.66
3.440000 16 138 36.49
3.440000 16 139 15.47
3.440000 16 140 -3.85
3.440000 16 141  5.69
3.440000 16 142  0.66
3.440000 16 143  3.56
3.440000 16 144 -8.24
3.440000 16 145  1.37
3.440000 16 146 -0.08
3.440000 16 147 -15.51
3.440000 16 148 -8.85
3.440000 16 149 -5.78
3.440000 16 150 -1.26
3.440000 16 151 -13.16
3.440000 16 152 -5.04
3.440000 16 153 -14.22
3.440000 16 154  5.14
3.440000 16 155 10.25
3.440000 16 156  4.23
3.440000 16 157 -3.60
3.440000 16 158  0.05
3.440000 16 159 -4.02
3.440000 16 160 -8.82
3.440000 16 161 -3.80
3.440000 16 162  6.47
3.440000 16 163  9.71
3.440000 16 164  6.54
3.440000 16 165 13.64
3.440000 16 166 18.74
3.440000 16 167  5.31
3.440000 16 168  8.87
3.440000 16 169 19.50
3.440000 16 170 26.53
3.440000 16 171 26.47
3.440000 16 172 26.91
3.440000 16 173 23.19
3.440000 16 174 15.95
3.440000 16 175 21.65
3.440000 16 176 33.27
3.440000 16 177 41.00
3.440000 16 178 31.04
3.440000 16 179 38.94
3.440000 16 180 34.90
3.440000 16 181 31.77
3.440000 16 182 39.17
3.440000 16 183 43.09
3.440000 16 184 40.82
3.440000 16 185 29.04
3.440000 16 186 27.91
3.440000 16 187  7.04
3.440000 16 188 25.39
3.440000 16 189 20.60
3.440000 16 190 13.11
3.440000 16 191 10.44
3.440000 16 192 21.16
3.440000 16 193 25.35
3.440000 16 194 21.50
3.440000 16 195 20.93
3.440000 16 196 40.88
3.440000 16 197 52.28
3.440000 16 198 37.32
3.440000 16 199 24.84
