3.610000 24 0 5525.25
3.610000 24 1 3779.88
3.610000 24 2 2634.91
3.610000 24 3 1868.99
3.610000 24 4 1342.87
3.610000 24 5 961.80
3.610000 24 6 720.75
3.610000 24 7 597.33
3.610000 24 8 472.29
3.610000 24 9 333.88
3.610000 24 10 269.04
3.610000 24 11 244.14
3.610000 24 12 192.46
3.610000 24 13 180.39
3.610000 24 14 109.03
3.610000 24 15 126.51
3.610000 24 16 123.97
3.610000 24 17 136.86
3.610000 24 18 114.59
3.610000 24 19 76.76
3.610000 24 20 -1.95
3.610000 24 21 -81.63
3.610000 24 22 -127.35
3.610000 24 23 -135.97
3.610000 24 24 -161.43
3.610000 24 25 -154.32
3.610000 24 26 -143.99
3.610000 24 27 -98.96
3.610000 24 28 -61.59
3.610000 24 29 -96.44
3.610000 24 30 -92.49
3.610000 24 31 -93.49
3.610000 24 32 -50.46
3.610000 24 33  9.79
3.610000 24 34 62.76
3.610000 24 35 60.22
3.610000 24 36 71.43
3.610000 24 37 67.89
3.610000 24 38 34.10
3.610000 24 39 24.42
3.610000 24 40 57.51
3.610000 24 41 82.73
3.610000 24 42 62.91
3.610000 24 43 37.24
3.610000 24 44  1.65
3.610000 24 45 -4.88
3.610000 24 46 49.09
3.610000 24 47 72.95
3.610000 24 48 58.80
3.610000 24 49 90.88
3.610000 24 50 84.36
3.610000 24 51 80.98
3.610000 24 52 115.09
3.610000 24 53 158.92
3.610000 24 54 167.32
3.610000 24 55 115.08
3.610000 24 56 148.88
3.610000 24 57 162.04
3.610000 24 58 112.28
3.610000 24 59 122.74
3.610000 24 60 82.50
3.610000 24 61 85.06
3.610000 24 62 53.83
3.610000 24 63 31.68
3.610000 24 64  3.72
3.610000 24 65  3.08
3.610000 24 66  5.61
3.610000 24 67 18.49
3.610000 24 68 101.41
3.610000 24 69 126.17
3.610000 24 70 76.72
3.610000 24 71 11.43
3.610000 24 72 -28.01
3.610000 24 73 -23.16
3.610000 24 74  9.12
3.610000 24 75  8.17
3.610000 24 76  1.64
3.610000 24 77 -53.53
3.610000 24 78 -75.52
3.610000 24 79 -29.52
3.610000 24 80 10.77
3.610000 24 81 44.77
3.610000 24 82 38.39
3.610000 24 83 40.57
3.610000 24 84 63.95
3.610000 24 85 68.00
3.610000 24 86 97.84
3.610000 24 87 88.01
3.610000 24 88 39.52
3.610000 24 89 34.58
3.610000 24 90 29.06
3.610000 24 91  8.97
3.610000 24 92  1.82
3.610000 24 93 -59.76
3.610000 24 94 -47.26
3.610000 24 95 -50.50
3.610000 24 96 -31.47
3.610000 24 97 -37.40
3.610000 24 98 -67.15
3.610000 24 99 -85.94
3.610000 24 100 -105.13
3.610000 24 101 -105.01
3.610000 24 102 -66.52
3.610000 24 103 -36.82
3.610000 24 104 -25.64
3.610000 24 105 48.92
3.610000 24 106 105.00
3.610000 24 107 87.11
3.610000 24 108 101.38
3.610000 24 109 87.62
3.610000 24 110 83.79
3.610000 24 111 144.85
3.610000 24 112 169.99
3.610000 24 113 244.61
3.610000 24 114 202.41
3.610000 24 115 200.70
3.610000 24 116 169.82
3.610000 24 117 106.48
3.610000 24 118 67.90
3.610000 24 119 65.21
3.610000 24 120 92.50
3.610000 24 121 105.12
3.610000 24 122 46.87
3.610000 24 123 41.03
3.610000 24 124 40.99
3.610000 24 125 52.08
3.610000 24 126 104.23
3.610000 24 127 116.27
3.610000 24 128 103.45
3.610000 24 129 106.17
3.610000 24 130 100.22
3.610000 24 131 106.83
3.610000 24 132 107.14
3.610000 24 133 67.95
3.610000 24 134 96.26
3.610000 24 135 57.97
3.610000 24 136 107.43
3.610000 24 137 99.57
3.610000 24 138 82.26
3.610000 24 139 46.15
3.610000 24 140 50.31
3.610000 24 141 89.53
3.610000 24 142 157.50
3.610000 24 143 148.99
3.610000 24 144 119.01
3.610000 24 145 131.66
3.610000 24 146 144.30
3.610000 24 147 167.67
3.610000 24 148 154.25
3.610000 24 149 123.37
3.610000 24 150 37.46
3.610000 24 151 -25.19
3.610000 24 152 -103.89
3.610000 24 153 -70.23
3.610000 24 154 -102.33
3.610000 24 155 -49.91
3.610000 24 156 -91.72
3.610000 24 157 -131.29
3.610000 24 158 -126.80
3.610000 24 159 -124.22
3.610000 24 160 -74.85
3.610000 24 161 -22.99
3.610000 24 162 14.35
3.610000 24 163 38.35
3.610000 24 164 75.29
3.610000 24 165 65.00
3.610000 24 166 -12.48
3.610000 24 167 -53.71
3.610000 24 168 -35.48
3.610000 24 169 -66.71
3.610000 24 170 -47.79
3.610000 24 171 14.09
3.610000 24 172  5.65
3.610000 24 173 58.61
3.610000 24 174 78.85
3.610000 24 175 85.20
3.610000 24 176 105.16
3.610000 24 177 111.61
3.610000 24 178 92.05
3.610000 24 179 51.17
3.610000 24 180 106.23
3.610000 24 181 141.68
3.610000 24 182 113.73
3.610000 24 183 115.05
3.610000 24 184 85.90
3.610000 24 185 55.14
3.610000 24 186 30.23
3.610000 24 187 35.28
3.610000 24 188 60.56
3.610000 24 189 73.46
3.610000 24 190 93.55
3.610000 24 191 131.34
3.610000 24 192 162.60
3.610000 24 193 160.89
3.610000 24 194 203.13
3.610000 24 195 240.22
3.610000 24 196 288.63
3.610000 24 197 302.95
3.610000 24 198 279.63
3.610000 24 199 262.86
