3.635000 32 0 11550.38
3.635000 32 1 8624.90
3.635000 32 2 6668.46
3.635000 32 3 5269.75
3.635000 32 4 4134.43
3.635000 32 5 3249.86
3.635000 32 6 2624.09
3.635000 32 7 2128.74
3.635000 32 8 1777.78
3.635000 32 9 1644.99
3.635000 32 10 1474.19
3.635000 32 11 1292.22
3.635000 32 12 1154.55
3.635000 32 13 991.79
3.635000 32 14 892.02
3.635000 32 15 884.89
3.635000 32 16 876.98
3.635000 32 17 770.34
3.635000 32 18 669.19
3.635000 32 19 610.81
3.635000 32 20 470.45
3.635000 32 21 283.77
3.635000 32 22 182.88
3.635000 32 23 109.67
3.635000 32 24 73.01
3.635000 32 25 51.11
3.635000 32 26 113.71
3.635000 32 27 46.14
3.635000 32 28  0.83
3.635000 32 29  4.88
3.635000 32 30 27.04
3.635000 32 31 107.61
3.635000 32 32 116.70
3.635000 32 33 42.41
3.635000 32 34 -72.17
3.635000 32 35 -180.22
3.635000 32 36 -217.96
3.635000 32 37 -200.91
3.635000 32 38 -186.29
3.635000 32 39 -221.25
3.635000 32 40 -248.48
3.635000 32 41 -182.19
3.635000 32 42 -65.17
3.635000 32 43 -36.73
3.635000 32 44 -2.77
3.635000 32 45  5.67
3.635000 32 46 -13.95
3.635000 32 47 -64.72
3.635000 32 48 -111.16
3.635000 32 49 -101.12
3.635000 32 50 -59.75
3.635000 32 51 -37.34
3.635000 32 52 -69.82
3.635000 32 53 -174.90
3.635000 32 54 -158.80
3.635000 32 55 -142.09
3.635000 32 56 -258.55
3.635000 32 57 -282.03
3.635000 32 58 -250.50
3.635000 32 59 -187.60
3.635000 32 60 -252.48
3.635000 32 61 -236.99
3.635000 32 62 -264.73
3.635000 32 63 -264.41
3.635000 32 64 -280.91
3.635000 32 65 -291.63
3.635000 32 66 -281.93
3.635000 32 67 -247.26
3.635000 32 68 -145.07
3.635000 32 69 -23.84
3.635000 32 70 26.76
3.635000 32 71 89.24
3.635000 32 72 86.76
3.635000 32 73 112.82
3.635000 32 74 217.83
3.635000 32 75 244.93
3.635000 32 76 226.88
3.635000 32 77 246.39
3.635000 32 78 221.93
3.635000 32 79 189.13
3.635000 32 80 138.22
3.635000 32 81 110.03
3.635000 32 82 46.23
3.635000 32 83 17.61
3.635000 32 84 -87.43
3.635000 32 85 -163.32
3.635000 32 86 -202.11
3.635000 32 87 -240.11
3.635000 32 88 -179.05
3.635000 32 89 -178.70
3.635000 32 90 -190.91
3.635000 32 91 -159.46
3.635000 32 92 -50.11
3.635000 32 93 -8.77
3.635000 32 94 19.70
3.635000 32 95 86.30
3.635000 32 96 90.15
3.635000 32 97 95.97
3.635000 32 98 120.09
3.635000 32 99 141.58
3.635000 32 100 101.60
3.635000 32 101 75.33
3.635000 32 102 -24.63
3.635000 32 103 -100.47
3.635000 32 104 -182.68
3.635000 32 105 -220.70
3.635000 32 106 -187.77
3.635000 32 107 -215.17
3.635000 32 108 -287.65
3.635000 32 109 -282.46
3.635000 32 110 -222.13
3.635000 32 111 -113.91
3.635000 32 112 -8.38
3.635000 32 113 -25.42
3.635000 32 114  1.44
3.635000 32 115 72.58
3.635000 32 116 95.49
3.635000 32 117 78.15
3.635000 32 118 129.69
3.635000 32 119 242.51
3.635000 32 120 343.84
3.635000 32 121 382.64
3.635000 32 122 392.33
3.635000 32 123 427.96
3.635000 32 124 417.02
3.635000 32 125 322.86
3.635000 32 126 296.70
3.635000 32 127 210.22
3.635000 32 128 144.32
3.635000 32 129 239.23
3.635000 32 130 222.83
3.635000 32 131 154.25
3.635000 32 132 81.70
3.635000 32 133 -6.51
3.635000 32 134 -49.92
3.635000 32 135 -11.40
3.635000 32 136 -30.54
3.635000 32 137 -77.83
3.635000 32 138 -78.75
3.635000 32 139 46.69
3.635000 32 140 65.44
3.635000 32 141 140.63
3.635000 32 142 122.71
3.635000 32 143 94.69
3.635000 32 144 -41.37
3.635000 32 145 -62.05
3.635000 32 146 -6.07
3.635000 32 147 -0.51
3.635000 32 148 34.79
3.635000 32 149 77.45
3.635000 32 150 -8.90
3.635000 32 151 74.61
3.635000 32 152 98.63
3.635000 32 153 57.97
3.635000 32 154 91.11
3.635000 32 155 117.43
3.635000 32 156 100.30
3.635000 32 157 142.72
3.635000 32 158 128.06
3.635000 32 159 116.11
3.635000 32 160 108.90
3.635000 32 161 166.85
3.635000 32 162 195.54
3.635000 32 163 173.62
3.635000 32 164 147.93
3.635000 32 165 141.68
3.635000 32 166 145.16
3.635000 32 167 87.07
3.635000 32 168 74.12
3.635000 32 169 114.09
3.635000 32 170 96.65
3.635000 32 171 134.37
3.635000 32 172 172.06
3.635000 32 173 274.15
3.635000 32 174 327.02
3.635000 32 175 328.99
3.635000 32 176 274.38
3.635000 32 177 231.96
3.635000 32 178 193.39
3.635000 32 179 134.08
3.635000 32 180 157.60
3.635000 32 181 182.02
3.635000 32 182 141.73
3.635000 32 183 57.76
3.635000 32 184 -38.90
3.635000 32 185 -149.74
3.635000 32 186 -169.83
3.635000 32 187  0.13
3.635000 32 188 121.79
3.635000 32 189 133.85
3.635000 32 190 205.75
3.635000 32 191 227.14
3.635000 32 192 251.01
3.635000 32 193 269.36
3.635000 32 194 296.77
3.635000 32 195 251.39
3.635000 32 196 245.99
3.635000 32 197 292.90
3.635000 32 198 300.13
3.635000 32 199 296.59
