2.950000 64 0 12239.70
2.950000 64 1 12125.56
2.950000 64 2 12007.97
2.950000 64 3 11909.56
2.950000 64 4 11799.68
2.950000 64 5 11687.22
2.950000 64 6 11582.69
2.950000 64 7 11471.40
2.950000 64 8 11353.58
2.950000 64 9 11250.95
2.950000 64 10 11143.53
2.950000 64 11 11030.67
2.950000 64 12 10921.51
2.950000 64 13 10805.41
2.950000 64 14 10691.80
2.950000 64 15 10571.10
2.950000 64 16 10451.23
2.950000 64 17 10326.48
2.950000 64 18 10188.66
2.950000 64 19 10048.64
2.950000 64 20 9918.97
2.950000 64 21 9783.11
2.950000 64 22 9646.60
2.950000 64 23 9514.39
2.950000 64 24 9379.59
2.950000 64 25 9250.97
2.950000 64 26 9122.68
2.950000 64 27 8993.13
2.950000 64 28 8858.42
2.950000 64 29 8719.66
2.950000 64 30 8582.23
2.950000 64 31 8446.56
2.950000 64 32 8311.88
2.950000 64 33 8175.83
2.950000 64 34 8069.43
2.950000 64 35 7953.24
2.950000 64 36 7835.82
2.950000 64 37 7734.12
2.950000 64 38 7634.86
2.950000 64 39 7527.95
2.950000 64 40 7425.48
2.950000 64 41 7324.06
2.950000 64 42 7230.04
2.950000 64 43 7141.82
2.950000 64 44 7055.71
2.950000 64 45 6975.39
2.950000 64 46 6899.32
2.950000 64 47 6822.16
2.950000 64 48 6747.81
2.950000 64 49 6672.37
2.950000 64 50 6597.98
2.950000 64 51 6529.73
2.950000 64 52 6460.62
2.950000 64 53 6402.59
2.950000 64 54 6343.24
2.950000 64 55 6273.10
2.950000 64 56 6192.29
2.950000 64 57 6115.69
2.950000 64 58 6030.70
2.950000 64 59 5936.57
2.950000 64 60 5843.31
2.950000 64 61 5739.07
2.950000 64 62 5623.39
2.950000 64 63 5516.51
2.950000 64 64 5405.46
2.950000 64 65 5289.46
2.950000 64 66 5168.39
2.950000 64 67 5058.95
2.950000 64 68 4949.39
2.950000 64 69 4834.75
2.950000 64 70 4721.11
2.950000 64 71 4625.91
2.950000 64 72 4532.04
2.950000 64 73 4443.67
2.950000 64 74 4349.75
2.950000 64 75 4256.98
2.950000 64 76 4163.87
2.950000 64 77 4061.30
2.950000 64 78 3957.90
2.950000 64 79 3846.02
2.950000 64 80 3739.24
2.950000 64 81 3632.20
2.950000 64 82 3529.88
2.950000 64 83 3428.64
2.950000 64 84 3319.71
2.950000 64 85 3214.04
2.950000 64 86 3113.92
2.950000 64 87 3039.88
2.950000 64 88 2962.25
2.950000 64 89 2884.83
2.950000 64 90 2815.82
2.950000 64 91 2755.31
2.950000 64 92 2690.36
2.950000 64 93 2624.69
2.950000 64 94 2560.49
2.950000 64 95 2492.02
2.950000 64 96 2418.26
2.950000 64 97 2342.33
2.950000 64 98 2272.75
2.950000 64 99 2196.71
2.950000 64 100 2122.85
2.950000 64 101 2042.54
2.950000 64 102 1960.54
2.950000 64 103 1880.39
2.950000 64 104 1810.52
2.950000 64 105 1741.68
2.950000 64 106 1667.61
2.950000 64 107 1585.40
2.950000 64 108 1509.22
2.950000 64 109 1429.32
2.950000 64 110 1351.68
2.950000 64 111 1266.10
2.950000 64 112 1180.38
2.950000 64 113 1098.44
2.950000 64 114 1036.80
2.950000 64 115 960.94
2.950000 64 116 876.92
2.950000 64 117 788.96
2.950000 64 118 720.56
2.950000 64 119 651.74
2.950000 64 120 586.97
2.950000 64 121 515.47
2.950000 64 122 443.30
2.950000 64 123 373.60
2.950000 64 124 301.88
2.950000 64 125 232.54
2.950000 64 126 153.38
2.950000 64 127 69.60
2.950000 64 128 -17.63
2.950000 64 129 -104.47
2.950000 64 130 -193.80
2.950000 64 131 -276.64
2.950000 64 132 -366.24
2.950000 64 133 -459.59
2.950000 64 134 -557.45
2.950000 64 135 -669.19
2.950000 64 136 -790.01
2.950000 64 137 -922.07
2.950000 64 138 -1050.30
2.950000 64 139 -1176.31
2.950000 64 140 -1299.77
2.950000 64 141 -1416.65
2.950000 64 142 -1537.50
2.950000 64 143 -1655.99
2.950000 64 144 -1774.90
2.950000 64 145 -1897.70
2.950000 64 146 -2024.94
2.950000 64 147 -2159.28
2.950000 64 148 -2301.00
2.950000 64 149 -2443.73
2.950000 64 150 -2588.61
2.950000 64 151 -2731.68
2.950000 64 152 -2865.14
2.950000 64 153 -3004.37
2.950000 64 154 -3137.33
2.950000 64 155 -3273.67
2.950000 64 156 -3415.62
2.950000 64 157 -3551.84
2.950000 64 158 -3688.57
2.950000 64 159 -3827.58
2.950000 64 160 -3956.67
2.950000 64 161 -4065.55
2.950000 64 162 -4166.49
2.950000 64 163 -4251.75
2.950000 64 164 -4327.67
2.950000 64 165 -4401.57
2.950000 64 166 -4475.85
2.950000 64 167 -4546.89
2.950000 64 168 -4614.89
2.950000 64 169 -4666.83
2.950000 64 170 -4715.96
2.950000 64 171 -4757.83
2.950000 64 172 -4799.34
2.950000 64 173 -4841.45
2.950000 64 174 -4879.62
2.950000 64 175 -4916.79
2.950000 64 176 -4957.56
2.950000 64 177 -4986.92
2.950000 64 178 -5008.81
2.950000 64 179 -5034.54
2.950000 64 180 -5052.71
2.950000 64 181 -5068.14
2.950000 64 182 -5082.29
2.950000 64 183 -5096.39
2.950000 64 184 -5108.28
2.950000 64 185 -5119.25
2.950000 64 186 -5133.88
2.950000 64 187 -5153.62
2.950000 64 188 -5170.29
2.950000 64 189 -5199.15
2.950000 64 190 -5230.16
2.950000 64 191 -5267.50
2.950000 64 192 -5307.18
2.950000 64 193 -5339.21
2.950000 64 194 -5368.68
2.950000 64 195 -5403.70
2.950000 64 196 -5439.52
2.950000 64 197 -5479.20
2.950000 64 198 -5520.87
2.950000 64 199 -5558.90
