3.643000 48 0 28651.40
3.643000 48 1 22541.41
3.643000 48 2 18139.85
3.643000 48 3 14946.24
3.643000 48 4 12364.56
3.643000 48 5 10206.76
3.643000 48 6 8549.56
3.643000 48 7 7260.98
3.643000 48 8 6309.08
3.643000 48 9 5660.69
3.643000 48 10 5320.71
3.643000 48 11 5055.47
3.643000 48 12 4718.60
3.643000 48 13 4482.17
3.643000 48 14 4235.96
3.643000 48 15 4047.08
3.643000 48 16 3848.17
3.643000 48 17 3778.33
3.643000 48 18 3652.88
3.643000 48 19 3662.78
3.643000 48 20 3800.99
3.643000 48 21 3883.74
3.643000 48 22 3850.74
3.643000 48 23 3821.36
3.643000 48 24 3978.38
3.643000 48 25 4124.13
3.643000 48 26 4155.37
3.643000 48 27 4197.09
3.643000 48 28 4145.63
3.643000 48 29 4071.82
3.643000 48 30 3946.94
3.643000 48 31 3916.36
3.643000 48 32 3915.85
3.643000 48 33 3945.79
3.643000 48 34 4091.00
3.643000 48 35 4183.60
3.643000 48 36 4163.84
3.643000 48 37 4184.89
3.643000 48 38 4340.03
3.643000 48 39 4349.38
3.643000 48 40 4432.15
3.643000 48 41 4479.12
3.643000 48 42 4447.42
3.643000 48 43 4476.92
3.643000 48 44 4499.58
3.643000 48 45 4533.20
3.643000 48 46 4805.11
3.643000 48 47 5046.45
3.643000 48 48 5186.86
3.643000 48 49 5182.06
3.643000 48 50 5267.53
3.643000 48 51 5445.85
3.643000 48 52 5621.64
3.643000 48 53 5754.37
3.643000 48 54 5831.55
3.643000 48 55 5839.82
3.643000 48 56 5823.73
3.643000 48 57 5821.16
3.643000 48 58 5806.99
3.643000 48 59 5910.06
3.643000 48 60 5731.62
3.643000 48 61 5630.25
3.643000 48 62 5775.03
3.643000 48 63 5812.54
3.643000 48 64 5569.16
3.643000 48 65 5413.76
3.643000 48 66 5490.94
3.643000 48 67 5731.93
3.643000 48 68 5682.12
3.643000 48 69 5400.31
3.643000 48 70 5182.44
3.643000 48 71 5064.93
3.643000 48 72 5054.67
3.643000 48 73 5009.53
3.643000 48 74 5103.77
3.643000 48 75 5106.12
3.643000 48 76 5209.86
3.643000 48 77 5310.44
3.643000 48 78 5581.31
3.643000 48 79 5713.79
3.643000 48 80 5727.70
3.643000 48 81 5898.71
3.643000 48 82 5894.84
3.643000 48 83 6050.64
3.643000 48 84 6141.19
3.643000 48 85 6328.12
3.643000 48 86 6435.87
3.643000 48 87 6409.59
3.643000 48 88 6466.08
3.643000 48 89 6549.84
3.643000 48 90 6407.81
3.643000 48 91 6224.34
3.643000 48 92 5993.26
3.643000 48 93 5905.41
3.643000 48 94 5578.49
3.643000 48 95 5356.53
3.643000 48 96 5144.60
3.643000 48 97 4836.32
3.643000 48 98 4728.59
3.643000 48 99 4526.18
3.643000 48 100 4385.93
3.643000 48 101 4468.34
3.643000 48 102 4504.99
3.643000 48 103 4674.29
3.643000 48 104 4641.18
3.643000 48 105 4740.34
3.643000 48 106 4907.39
3.643000 48 107 5029.96
3.643000 48 108 4813.05
3.643000 48 109 4701.45
3.643000 48 110 4370.23
3.643000 48 111 4094.62
3.643000 48 112 3928.14
3.643000 48 113 3848.11
3.643000 48 114 3837.74
3.643000 48 115 3521.82
3.643000 48 116 3467.97
3.643000 48 117 3459.47
3.643000 48 118 3703.31
3.643000 48 119 4043.61
3.643000 48 120 4292.02
3.643000 48 121 4495.17
3.643000 48 122 4773.74
3.643000 48 123 4754.47
3.643000 48 124 4762.10
3.643000 48 125 4789.69
3.643000 48 126 4723.93
3.643000 48 127 4504.80
3.643000 48 128 4346.72
3.643000 48 129 4136.40
3.643000 48 130 3989.25
3.643000 48 131 3789.33
3.643000 48 132 3644.32
3.643000 48 133 3699.44
3.643000 48 134 3655.18
3.643000 48 135 3554.97
3.643000 48 136 3540.59
3.643000 48 137 3400.88
3.643000 48 138 3085.28
3.643000 48 139 3062.00
3.643000 48 140 3089.19
3.643000 48 141 2865.97
3.643000 48 142 2703.56
3.643000 48 143 2576.20
3.643000 48 144 2553.47
3.643000 48 145 2550.84
3.643000 48 146 2589.76
3.643000 48 147 2885.10
3.643000 48 148 3091.24
3.643000 48 149 3078.45
3.643000 48 150 2756.35
3.643000 48 151 2591.00
3.643000 48 152 2402.00
3.643000 48 153 2068.20
3.643000 48 154 1775.70
3.643000 48 155 1804.98
3.643000 48 156 1835.16
3.643000 48 157 1890.25
3.643000 48 158 1786.76
3.643000 48 159 1863.35
3.643000 48 160 2057.61
3.643000 48 161 2075.34
3.643000 48 162 1934.24
3.643000 48 163 1747.67
3.643000 48 164 1559.36
3.643000 48 165 1661.82
3.643000 48 166 1500.53
3.643000 48 167 1402.82
3.643000 48 168 1346.27
3.643000 48 169 1406.07
3.643000 48 170 1515.11
3.643000 48 171 1542.46
3.643000 48 172 1702.29
3.643000 48 173 1921.44
3.643000 48 174 2218.75
3.643000 48 175 2479.36
3.643000 48 176 2537.61
3.643000 48 177 2390.36
3.643000 48 178 2281.89
3.643000 48 179 2463.34
3.643000 48 180 2768.10
3.643000 48 181 2979.90
3.643000 48 182 2873.27
3.643000 48 183 2722.68
3.643000 48 184 2583.94
3.643000 48 185 2347.60
3.643000 48 186 2329.84
3.643000 48 187 2208.82
3.643000 48 188 1845.06
3.643000 48 189 1544.08
3.643000 48 190 1340.49
3.643000 48 191 1311.98
3.643000 48 192 1480.69
3.643000 48 193 1601.78
3.643000 48 194 1508.25
3.643000 48 195 1648.95
3.643000 48 196 1806.81
3.643000 48 197 1994.42
3.643000 48 198 1972.52
3.643000 48 199 1976.76
