3.638000 96 0 287715.26
3.638000 96 1 239826.27
3.638000 96 2 202642.90
3.638000 96 3 172426.28
3.638000 96 4 147731.61
3.638000 96 5 126536.40
3.638000 96 6 109691.68
3.638000 96 7 94721.43
3.638000 96 8 81778.93
3.638000 96 9 70361.51
3.638000 96 10 60152.40
3.638000 96 11 51882.25
3.638000 96 12 45093.30
3.638000 96 13 38862.43
3.638000 96 14 33358.82
3.638000 96 15 28891.26
3.638000 96 16 24995.04
3.638000 96 17 21525.38
3.638000 96 18 18490.68
3.638000 96 19 15780.72
3.638000 96 20 13296.79
3.638000 96 21 11168.53
3.638000 96 22 8992.00
3.638000 96 23 7132.04
3.638000 96 24 5955.52
3.638000 96 25 4630.35
3.638000 96 26 3309.94
3.638000 96 27 1738.27
3.638000 96 28 515.63
3.638000 96 29 -396.85
3.638000 96 30 -466.26
3.638000 96 31 -647.73
3.638000 96 32 -462.45
3.638000 96 33 -227.83
3.638000 96 34 -736.48
3.638000 96 35 -1202.97
3.638000 96 36 -1327.30
3.638000 96 37 -1353.77
3.638000 96 38 -1820.65
3.638000 96 39 -2170.33
3.638000 96 40 -2218.41
3.638000 96 41 -2787.19
3.638000 96 42 -2801.17
3.638000 96 43 -3326.75
3.638000 96 44 -3946.41
3.638000 96 45 -4386.13
3.638000 96 46 -4729.38
3.638000 96 47 -5021.29
3.638000 96 48 -5096.68
3.638000 96 49 -5266.53
3.638000 96 50 -5719.26
3.638000 96 51 -6293.66
3.638000 96 52 -6991.83
3.638000 96 53 -7257.74
3.638000 96 54 -7506.33
3.638000 96 55 -8063.11
3.638000 96 56 -8278.68
3.638000 96 57 -7797.99
3.638000 96 58 -7253.93
3.638000 96 59 -6493.06
3.638000 96 60 -5824.89
3.638000 96 61 -5455.37
3.638000 96 62 -5349.62
3.638000 96 63 -5813.36
3.638000 96 64 -5633.38
3.638000 96 65 -5334.19
3.638000 96 66 -4600.77
3.638000 96 67 -4475.24
3.638000 96 68 -4497.70
3.638000 96 69 -4490.08
3.638000 96 70 -4190.52
3.638000 96 71 -3967.51
3.638000 96 72 -3691.42
3.638000 96 73 -3441.20
3.638000 96 74 -3230.37
3.638000 96 75 -2993.30
3.638000 96 76 -3068.75
3.638000 96 77 -3288.63
3.638000 96 78 -3190.53
3.638000 96 79 -2611.08
3.638000 96 80 -2434.30
3.638000 96 81 -2935.55
3.638000 96 82 -3383.52
3.638000 96 83 -3400.23
3.638000 96 84 -3448.47
3.638000 96 85 -3404.47
3.638000 96 86 -2764.86
3.638000 96 87 -2672.92
3.638000 96 88 -2462.58
3.638000 96 89 -1998.93
3.638000 96 90 -1338.77
3.638000 96 91 -407.43
3.638000 96 92 243.27
3.638000 96 93 -29.88
3.638000 96 94 -422.26
3.638000 96 95 -826.44
3.638000 96 96 -1157.90
3.638000 96 97 -1595.48
3.638000 96 98 -1683.62
3.638000 96 99 -1604.88
3.638000 96 100 -1909.10
3.638000 96 101 -1865.12
3.638000 96 102 -2167.91
3.638000 96 103 -2314.84
3.638000 96 104 -2515.37
3.638000 96 105 -2603.78
3.638000 96 106 -2809.75
3.638000 96 107 -3001.83
3.638000 96 108 -3461.14
3.638000 96 109 -3722.82
3.638000 96 110 -3791.32
3.638000 96 111 -4053.71
3.638000 96 112 -4188.88
3.638000 96 113 -3884.27
3.638000 96 114 -3727.80
3.638000 96 115 -3908.25
3.638000 96 116 -4051.42
3.638000 96 117 -3697.10
3.638000 96 118 -3709.99
3.638000 96 119 -3301.17
3.638000 96 120 -3008.82
3.638000 96 121 -2868.77
3.638000 96 122 -3359.35
3.638000 96 123 -3520.80
3.638000 96 124 -3655.82
3.638000 96 125 -4164.69
3.638000 96 126 -4013.41
3.638000 96 127 -4141.40
3.638000 96 128 -3952.38
3.638000 96 129 -3837.44
3.638000 96 130 -3922.88
3.638000 96 131 -4417.77
3.638000 96 132 -4829.78
3.638000 96 133 -5080.08
3.638000 96 134 -5260.70
3.638000 96 135 -5200.11
3.638000 96 136 -4875.74
3.638000 96 137 -4606.25
3.638000 96 138 -4559.78
3.638000 96 139 -4234.44
3.638000 96 140 -3656.21
3.638000 96 141 -3135.30
3.638000 96 142 -2403.00
3.638000 96 143 -1913.80
3.638000 96 144 -1778.34
3.638000 96 145 -1446.26
3.638000 96 146 -762.27
3.638000 96 147 -406.25
3.638000 96 148 -496.91
3.638000 96 149 -902.69
3.638000 96 150 -1161.25
3.638000 96 151 -1320.64
3.638000 96 152 -1471.85
3.638000 96 153 -1526.09
3.638000 96 154 -1721.87
3.638000 96 155 -1578.82
3.638000 96 156 -1391.75
3.638000 96 157 -1341.92
3.638000 96 158 -1247.97
3.638000 96 159 -1276.21
3.638000 96 160 -1063.83
3.638000 96 161 -680.42
3.638000 96 162 -411.23
3.638000 96 163 -457.07
3.638000 96 164 -692.18
3.638000 96 165 -792.32
3.638000 96 166 -735.26
3.638000 96 167 -554.81
3.638000 96 168 -346.33
3.638000 96 169 -481.89
3.638000 96 170 -148.61
3.638000 96 171 576.69
3.638000 96 172 1433.16
3.638000 96 173 1972.55
3.638000 96 174 2817.88
3.638000 96 175 3721.93
3.638000 96 176 3784.06
3.638000 96 177 3912.05
3.638000 96 178 3927.85
3.638000 96 179 3686.78
3.638000 96 180 3438.39
3.638000 96 181 3886.42
3.638000 96 182 4497.33
3.638000 96 183 4903.42
3.638000 96 184 5435.70
3.638000 96 185 5942.36
3.638000 96 186 5900.84
3.638000 96 187 5721.12
3.638000 96 188 5287.59
3.638000 96 189 5035.06
3.638000 96 190 4732.82
3.638000 96 191 4345.72
3.638000 96 192 4243.99
3.638000 96 193 3669.06
3.638000 96 194 2916.05
3.638000 96 195 2934.35
3.638000 96 196 2872.39
3.638000 96 197 3441.84
3.638000 96 198 4355.97
3.638000 96 199 5184.39
