2.262000 256 0 821712.80
2.262000 256 1 702848.42
2.262000 256 2 601524.54
2.262000 256 3 519800.33
2.262000 256 4 452567.82
2.262000 256 5 392313.29
2.262000 256 6 344515.81
2.262000 256 7 299614.29
2.262000 256 8 260971.78
2.262000 256 9 233901.13
2.262000 256 10 211905.01
2.262000 256 11 189336.71
2.262000 256 12 160524.70
2.262000 256 13 135320.71
2.262000 256 14 118446.88
2.262000 256 15 101993.80
2.262000 256 16 91075.90
2.262000 256 17 67580.12
2.262000 256 18 34713.78
2.262000 256 19 10612.28
2.262000 256 20 -25467.33
2.262000 256 21 -53427.57
2.262000 256 22 -78000.11
2.262000 256 23 -103694.43
2.262000 256 24 -133244.35
2.262000 256 25 -146473.86
2.262000 256 26 -154922.63
2.262000 256 27 -162926.49
2.262000 256 28 -152411.81
2.262000 256 29 -159589.45
2.262000 256 30 -165102.69
2.262000 256 31 -172418.29
2.262000 256 32 -179260.77
2.262000 256 33 -184581.50
2.262000 256 34 -183181.31
2.262000 256 35 -179513.15
2.262000 256 36 -181918.49
2.262000 256 37 -191378.65
2.262000 256 38 -199687.98
2.262000 256 39 -203796.57
2.262000 256 40 -200614.73
2.262000 256 41 -197955.43
2.262000 256 42 -195588.50
2.262000 256 43 -192511.60
2.262000 256 44 -186972.59
2.262000 256 45 -175365.39
2.262000 256 46 -164810.46
2.262000 256 47 -155923.03
2.262000 256 48 -149954.41
2.262000 256 49 -137850.89
2.262000 256 50 -132727.67
2.262000 256 51 -129498.03
2.262000 256 52 -133705.21
2.262000 256 53 -132582.38
2.262000 256 54 -134656.11
2.262000 256 55 -134720.18
2.262000 256 56 -135751.32
2.262000 256 57 -139420.69
2.262000 256 58 -147892.84
2.262000 256 59 -154854.37
2.262000 256 60 -157873.32
2.262000 256 61 -154197.48
2.262000 256 62 -158433.11
2.262000 256 63 -171454.89
2.262000 256 64 -178834.36
2.262000 256 65 -176517.67
2.262000 256 66 -170788.06
2.262000 256 67 -158895.11
2.262000 256 68 -137273.30
2.262000 256 69 -117231.54
2.262000 256 70 -100440.43
2.262000 256 71 -87209.60
2.262000 256 72 -75593.14
2.262000 256 73 -72103.66
2.262000 256 74 -75573.84
2.262000 256 75 -85324.44
2.262000 256 76 -96044.92
2.262000 256 77 -103661.10
2.262000 256 78 -109218.32
2.262000 256 79 -113561.74
2.262000 256 80 -106823.48
2.262000 256 81 -103155.48
2.262000 256 82 -118773.00
2.262000 256 83 -135979.37
2.262000 256 84 -155493.61
2.262000 256 85 -166449.11
2.262000 256 86 -170278.38
2.262000 256 87 -163181.77
2.262000 256 88 -160029.05
2.262000 256 89 -158602.65
2.262000 256 90 -153851.86
2.262000 256 91 -156833.88
2.262000 256 92 -175172.85
2.262000 256 93 -196505.08
2.262000 256 94 -211971.74
2.262000 256 95 -217282.69
2.262000 256 96 -221330.93
2.262000 256 97 -226090.49
2.262000 256 98 -239017.81
2.262000 256 99 -242419.30
2.262000 256 100 -252538.48
2.262000 256 101 -262075.51
2.262000 256 102 -269888.87
2.262000 256 103 -279840.68
2.262000 256 104 -282757.23
2.262000 256 105 -274164.09
2.262000 256 106 -269408.84
2.262000 256 107 -282855.13
2.262000 256 108 -299814.90
2.262000 256 109 -318758.49
2.262000 256 110 -320813.68
2.262000 256 111 -326112.12
2.262000 256 112 -319709.48
2.262000 256 113 -301917.78
2.262000 256 114 -283152.59
2.262000 256 115 -262079.05
2.262000 256 116 -240718.16
2.262000 256 117 -214533.89
2.262000 256 118 -184047.05
2.262000 256 119 -159611.11
2.262000 256 120 -137184.95
2.262000 256 121 -114232.04
2.262000 256 122 -92969.23
2.262000 256 123 -72424.37
2.262000 256 124 -58390.98
2.262000 256 125 -49537.19
2.262000 256 126 -32765.64
2.262000 256 127 -16081.21
2.262000 256 128 3373.14
2.262000 256 129 19967.05
2.262000 256 130 19434.80
2.262000 256 131 1568.78
2.262000 256 132 -9731.57
2.262000 256 133 -19643.46
2.262000 256 134 -21850.09
2.262000 256 135 -30670.14
2.262000 256 136 -54490.98
2.262000 256 137 -72551.69
2.262000 256 138 -87993.72
2.262000 256 139 -99115.80
2.262000 256 140 -111484.26
2.262000 256 141 -128269.25
2.262000 256 142 -117485.84
2.262000 256 143 -114939.72
2.262000 256 144 -101471.69
2.262000 256 145 -90321.24
2.262000 256 146 -79699.87
2.262000 256 147 -76685.51
2.262000 256 148 -67007.43
2.262000 256 149 -61950.30
2.262000 256 150 -57796.87
2.262000 256 151 -53975.28
2.262000 256 152 -55385.39
2.262000 256 153 -50219.71
2.262000 256 154 -43227.95
2.262000 256 155 -41752.31
2.262000 256 156 -40721.52
2.262000 256 157 -58651.60
2.262000 256 158 -84865.60
2.262000 256 159 -107378.26
2.262000 256 160 -113021.85
2.262000 256 161 -118840.39
2.262000 256 162 -125777.88
2.262000 256 163 -140913.38
2.262000 256 164 -147226.73
2.262000 256 165 -170981.80
2.262000 256 166 -193769.63
2.262000 256 167 -216200.74
2.262000 256 168 -236235.13
2.262000 256 169 -242505.71
2.262000 256 170 -238308.55
2.262000 256 171 -247797.35
2.262000 256 172 -255024.21
2.262000 256 173 -263036.24
2.262000 256 174 -271106.70
2.262000 256 175 -277453.96
2.262000 256 176 -276561.68
2.262000 256 177 -275130.20
2.262000 256 178 -284009.07
2.262000 256 179 -293153.65
2.262000 256 180 -288260.40
2.262000 256 181 -284782.25
2.262000 256 182 -267353.13
2.262000 256 183 -258859.66
2.262000 256 184 -251494.92
2.262000 256 185 -242909.53
2.262000 256 186 -228835.53
2.262000 256 187 -209183.29
2.262000 256 188 -186679.84
2.262000 256 189 -160803.99
2.262000 256 190 -134749.81
2.262000 256 191 -108269.45
2.262000 256 192 -106646.17
2.262000 256 193 -87234.59
2.262000 256 194 -66028.54
2.262000 256 195 -58317.13
2.262000 256 196 -51604.92
2.262000 256 197 -52951.71
2.262000 256 198 -63954.67
2.262000 256 199 -74280.15
