2.272000 128 0 216931.78
2.272000 128 1 187670.11
2.272000 128 2 164370.33
2.272000 128 3 145124.77
2.272000 128 4 130673.76
2.272000 128 5 118297.89
2.272000 128 6 107704.54
2.272000 128 7 97817.03
2.272000 128 8 89226.73
2.272000 128 9 79836.10
2.272000 128 10 72257.62
2.272000 128 11 66295.29
2.272000 128 12 60748.77
2.272000 128 13 55876.27
2.272000 128 14 52152.86
2.272000 128 15 50553.67
2.272000 128 16 47857.85
2.272000 128 17 46265.70
2.272000 128 18 44771.93
2.272000 128 19 42637.75
2.272000 128 20 41905.54
2.272000 128 21 40824.38
2.272000 128 22 40445.88
2.272000 128 23 38882.38
2.272000 128 24 37702.14
2.272000 128 25 38091.89
2.272000 128 26 38507.05
2.272000 128 27 39516.39
2.272000 128 28 40152.10
2.272000 128 29 41301.54
2.272000 128 30 41538.84
2.272000 128 31 41881.66
2.272000 128 32 42074.46
2.272000 128 33 43450.20
2.272000 128 34 45401.84
2.272000 128 35 45902.86
2.272000 128 36 46507.06
2.272000 128 37 49033.97
2.272000 128 38 50781.64
2.272000 128 39 50419.06
2.272000 128 40 50318.66
2.272000 128 41 49481.25
2.272000 128 42 50041.94
2.272000 128 43 50409.81
2.272000 128 44 52113.64
2.272000 128 45 51908.05
2.272000 128 46 50560.09
2.272000 128 47 50744.45
2.272000 128 48 49972.78
2.272000 128 49 49717.71
2.272000 128 50 50127.71
2.272000 128 51 51795.28
2.272000 128 52 54164.68
2.272000 128 53 56695.85
2.272000 128 54 59884.75
2.272000 128 55 62789.56
2.272000 128 56 66171.43
2.272000 128 57 68263.19
2.272000 128 58 70612.66
2.272000 128 59 71956.66
2.272000 128 60 71868.63
2.272000 128 61 72809.63
2.272000 128 62 73769.84
2.272000 128 63 74968.58
2.272000 128 64 74072.27
2.272000 128 65 74419.16
2.272000 128 66 74950.80
2.272000 128 67 75341.62
2.272000 128 68 75848.60
2.272000 128 69 76287.49
2.272000 128 70 76553.07
2.272000 128 71 76807.39
2.272000 128 72 79025.45
2.272000 128 73 80418.73
2.272000 128 74 81485.68
2.272000 128 75 82922.35
2.272000 128 76 83387.98
2.272000 128 77 83465.34
2.272000 128 78 83677.48
2.272000 128 79 83870.05
2.272000 128 80 84799.57
2.272000 128 81 86505.51
2.272000 128 82 87522.00
2.272000 128 83 90869.18
2.272000 128 84 93896.49
2.272000 128 85 96929.94
2.272000 128 86 99498.98
2.272000 128 87 101940.85
2.272000 128 88 104741.17
2.272000 128 89 105855.16
2.272000 128 90 107141.25
2.272000 128 91 108014.06
2.272000 128 92 109239.00
2.272000 128 93 109528.75
2.272000 128 94 108320.26
2.272000 128 95 107439.96
2.272000 128 96 106628.50
2.272000 128 97 105428.78
2.272000 128 98 104550.76
2.272000 128 99 103633.36
2.272000 128 100 101204.45
2.272000 128 101 97722.11
2.272000 128 102 93796.36
2.272000 128 103 91367.04
2.272000 128 104 87115.64
2.272000 128 105 83358.75
2.272000 128 106 80212.24
2.272000 128 107 75263.35
2.272000 128 108 69981.90
2.272000 128 109 65300.40
2.272000 128 110 62328.58
2.272000 128 111 60448.64
2.272000 128 112 59537.38
2.272000 128 113 58410.66
2.272000 128 114 59146.65
2.272000 128 115 60035.59
2.272000 128 116 61102.52
2.272000 128 117 61342.37
2.272000 128 118 60542.35
2.272000 128 119 61042.00
2.272000 128 120 60211.39
2.272000 128 121 58554.23
2.272000 128 122 57060.93
2.272000 128 123 54651.07
2.272000 128 124 54346.80
2.272000 128 125 54866.54
2.272000 128 126 56063.34
2.272000 128 127 57330.45
2.272000 128 128 58426.50
2.272000 128 129 60396.41
2.272000 128 130 60295.00
2.272000 128 131 59310.95
2.272000 128 132 56910.62
2.272000 128 133 53709.60
2.272000 128 134 50429.93
2.272000 128 135 48201.77
2.272000 128 136 46929.66
2.272000 128 137 45124.95
2.272000 128 138 43588.07
2.272000 128 139 42055.85
2.272000 128 140 40550.83
2.272000 128 141 39775.51
2.272000 128 142 38872.23
2.272000 128 143 38953.70
2.272000 128 144 38501.20
2.272000 128 145 37291.46
2.272000 128 146 35659.85
2.272000 128 147 32488.68
2.272000 128 148 29386.68
2.272000 128 149 26017.97
2.272000 128 150 24448.71
2.272000 128 151 23516.87
2.272000 128 152 22238.55
2.272000 128 153 19085.15
2.272000 128 154 17556.70
2.272000 128 155 14817.41
2.272000 128 156 13405.39
2.272000 128 157 11156.91
2.272000 128 158 7423.45
2.272000 128 159 4485.26
2.272000 128 160 2837.21
2.272000 128 161 1270.73
2.272000 128 162 -443.80
2.272000 128 163 -1673.27
2.272000 128 164 -4077.34
2.272000 128 165 -4882.01
2.272000 128 166 -5052.36
2.272000 128 167 -4943.52
2.272000 128 168 -4298.69
2.272000 128 169 -4118.13
2.272000 128 170 -4577.06
2.272000 128 171 -4247.33
2.272000 128 172 -4423.28
2.272000 128 173 -3543.77
2.272000 128 174 -2419.48
2.272000 128 175 -1651.02
2.272000 128 176 -1053.85
2.272000 128 177 -101.63
2.272000 128 178 1099.72
2.272000 128 179 2380.85
2.272000 128 180 4283.34
2.272000 128 181 5638.01
2.272000 128 182 6120.28
2.272000 128 183 7285.40
2.272000 128 184 8214.44
2.272000 128 185 9481.81
2.272000 128 186 9357.33
2.272000 128 187 9605.72
2.272000 128 188 10302.39
2.272000 128 189 12164.28
2.272000 128 190 14346.31
2.272000 128 191 15428.73
2.272000 128 192 15997.09
2.272000 128 193 16202.58
2.272000 128 194 16699.89
2.272000 128 195 17518.38
2.272000 128 196 17789.11
2.272000 128 197 18489.34
2.272000 128 198 18760.28
2.272000 128 199 19232.99
