3.635000 24 0 6005.07
3.635000 24 1 4225.49
3.635000 24 2 3023.69
3.635000 24 3 2193.59
3.635000 24 4 1633.20
3.635000 24 5 1208.13
3.635000 24 6 888.18
3.635000 24 7 643.02
3.635000 24 8 452.75
3.635000 24 9 343.63
3.635000 24 10 223.53
3.635000 24 11 182.15
3.635000 24 12 129.44
3.635000 24 13 73.41
3.635000 24 14 48.89
3.635000 24 15 16.72
3.635000 24 16 -14.08
3.635000 24 17 -33.86
3.635000 24 18 -27.75
3.635000 24 19 -10.24
3.635000 24 20 38.97
3.635000 24 21 86.84
3.635000 24 22 90.25
3.635000 24 23 116.09
3.635000 24 24 142.89
3.635000 24 25 146.22
3.635000 24 26 107.34
3.635000 24 27 101.12
3.635000 24 28 105.55
3.635000 24 29 93.28
3.635000 24 30 75.68
3.635000 24 31 65.75
3.635000 24 32 32.72
3.635000 24 33 -20.91
3.635000 24 34 -72.04
3.635000 24 35 -107.50
3.635000 24 36 -104.38
3.635000 24 37 -113.03
3.635000 24 38 -77.68
3.635000 24 39 -40.37
3.635000 24 40 -61.21
3.635000 24 41 -94.21
3.635000 24 42 -100.27
3.635000 24 43 -151.40
3.635000 24 44 -125.81
3.635000 24 45 -151.33
3.635000 24 46 -178.74
3.635000 24 47 -164.34
3.635000 24 48 -105.95
3.635000 24 49 -93.76
3.635000 24 50 -124.68
3.635000 24 51 -133.49
3.635000 24 52 -100.41
3.635000 24 53 -102.66
3.635000 24 54 -144.74
3.635000 24 55 -194.50
3.635000 24 56 -257.31
3.635000 24 57 -220.96
3.635000 24 58 -187.42
3.635000 24 59 -174.78
3.635000 24 60 -164.77
3.635000 24 61 -175.63
3.635000 24 62 -162.15
3.635000 24 63 -199.38
3.635000 24 64 -224.30
3.635000 24 65 -237.21
3.635000 24 66 -238.50
3.635000 24 67 -257.13
3.635000 24 68 -240.07
3.635000 24 69 -283.57
3.635000 24 70 -266.11
3.635000 24 71 -242.54
3.635000 24 72 -202.68
3.635000 24 73 -193.60
3.635000 24 74 -180.73
3.635000 24 75 -213.26
3.635000 24 76 -190.95
3.635000 24 77 -127.80
3.635000 24 78 -110.29
3.635000 24 79 -123.65
3.635000 24 80 -103.51
3.635000 24 81 -148.97
3.635000 24 82 -170.90
3.635000 24 83 -215.18
3.635000 24 84 -222.10
3.635000 24 85 -227.48
3.635000 24 86 -230.23
3.635000 24 87 -255.94
3.635000 24 88 -263.09
3.635000 24 89 -211.54
3.635000 24 90 -188.98
3.635000 24 91 -146.18
3.635000 24 92 -129.57
3.635000 24 93 -130.98
3.635000 24 94 -158.30
3.635000 24 95 -190.59
3.635000 24 96 -191.67
3.635000 24 97 -192.79
3.635000 24 98 -248.07
3.635000 24 99 -282.46
3.635000 24 100 -243.34
3.635000 24 101 -220.70
3.635000 24 102 -237.46
3.635000 24 103 -275.14
3.635000 24 104 -279.70
3.635000 24 105 -273.93
3.635000 24 106 -272.94
3.635000 24 107 -304.68
3.635000 24 108 -326.01
3.635000 24 109 -357.08
3.635000 24 110 -328.58
3.635000 24 111 -296.51
3.635000 24 112 -255.04
3.635000 24 113 -193.95
3.635000 24 114 -156.37
3.635000 24 115 -96.60
3.635000 24 116 -86.91
3.635000 24 117 -66.79
3.635000 24 118 -108.29
3.635000 24 119 -115.32
3.635000 24 120 -71.95
3.635000 24 121 -52.36
3.635000 24 122 -64.08
3.635000 24 123 -74.87
3.635000 24 124 -157.20
3.635000 24 125 -190.01
3.635000 24 126 -205.25
3.635000 24 127 -233.99
3.635000 24 128 -246.49
3.635000 24 129 -239.74
3.635000 24 130 -204.45
3.635000 24 131 -240.62
3.635000 24 132 -238.31
3.635000 24 133 -234.23
3.635000 24 134 -222.51
3.635000 24 135 -227.42
3.635000 24 136 -276.65
3.635000 24 137 -300.42
3.635000 24 138 -345.95
3.635000 24 139 -321.04
3.635000 24 140 -283.16
3.635000 24 141 -267.95
3.635000 24 142 -310.21
3.635000 24 143 -251.12
3.635000 24 144 -214.10
3.635000 24 145 -250.51
3.635000 24 146 -223.01
3.635000 24 147 -213.43
3.635000 24 148 -225.83
3.635000 24 149 -266.10
3.635000 24 150 -312.50
3.635000 24 151 -362.65
3.635000 24 152 -402.13
3.635000 24 153 -373.77
3.635000 24 154 -339.85
3.635000 24 155 -331.03
3.635000 24 156 -442.26
3.635000 24 157 -491.84
3.635000 24 158 -494.83
3.635000 24 159 -440.30
3.635000 24 160 -435.03
3.635000 24 161 -397.61
3.635000 24 162 -387.59
3.635000 24 163 -405.54
3.635000 24 164 -381.86
3.635000 24 165 -405.12
3.635000 24 166 -408.37
3.635000 24 167 -384.58
3.635000 24 168 -317.84
3.635000 24 169 -287.24
3.635000 24 170 -285.83
3.635000 24 171 -317.41
3.635000 24 172 -353.71
3.635000 24 173 -387.03
3.635000 24 174 -389.00
3.635000 24 175 -423.56
3.635000 24 176 -433.48
3.635000 24 177 -436.21
3.635000 24 178 -420.71
3.635000 24 179 -390.69
3.635000 24 180 -395.59
3.635000 24 181 -406.40
3.635000 24 182 -436.72
3.635000 24 183 -414.73
3.635000 24 184 -411.60
3.635000 24 185 -389.55
3.635000 24 186 -401.82
3.635000 24 187 -355.35
3.635000 24 188 -385.56
3.635000 24 189 -360.63
3.635000 24 190 -398.84
3.635000 24 191 -410.20
3.635000 24 192 -399.24
3.635000 24 193 -411.50
3.635000 24 194 -423.61
3.635000 24 195 -491.75
3.635000 24 196 -507.00
3.635000 24 197 -486.49
3.635000 24 198 -517.96
3.635000 24 199 -525.24
