2.320000 16 0 2065.33
2.320000 16 1 1432.84
2.320000 16 2 1025.94
2.320000 16 3 731.51
2.320000 16 4 528.81
2.320000 16 5 395.77
2.320000 16 6 301.87
2.320000 16 7 234.45
2.320000 16 8 185.72
2.320000 16 9 153.76
2.320000 16 10 118.44
2.320000 16 11 104.77
2.320000 16 12 79.39
2.320000 16 13 60.71
2.320000 16 14 62.62
2.320000 16 15 62.51
2.320000 16 16 47.34
2.320000 16 17 34.76
2.320000 16 18 21.54
2.320000 16 19 24.61
2.320000 16 20  9.72
2.320000 16 21 -1.06
2.320000 16 22  7.06
2.320000 16 23 30.81
2.320000 16 24 33.60
2.320000 16 25 53.46
2.320000 16 26 74.91
2.320000 16 27 92.40
2.320000 16 28 95.33
2.320000 16 29 112.59
2.320000 16 30 106.98
2.320000 16 31 88.39
2.320000 16 32 57.00
2.320000 16 33 32.98
2.320000 16 34 16.56
2.320000 16 35  6.16
2.320000 16 36 21.79
2.320000 16 37 32.75
2.320000 16 38 46.38
2.320000 16 39 40.61
2.320000 16 40 29.83
2.320000 16 41 25.01
2.320000 16 42 19.81
2.320000 16 43 11.61
2.320000 16 44  1.20
2.320000 16 45 -0.32
2.320000 16 46 -2.85
2.320000 16 47 -19.47
2.320000 16 48 -1.01
2.320000 16 49  5.40
2.320000 16 50 18.64
2.320000 16 51 20.90
2.320000 16 52 35.92
2.320000 16 53 41.20
2.320000 16 54 56.50
2.320000 16 55 61.38
2.320000 16 56 78.93
2.320000 16 57 77.32
2.320000 16 58 57.00
2.320000 16 59 30.39
2.320000 16 60 -0.80
2.320000 16 61  7.91
2.320000 16 62 15.26
2.320000 16 63 28.14
2.320000 16 64 29.39
2.320000 16 65 56.25
2.320000 16 66 71.35
2.320000 16 67 87.99
2.320000 16 68 75.37
2.320000 16 69 49.71
2.320000 16 70 44.02
2.320000 16 71 38.12
2.320000 16 72 44.60
2.320000 16 73 65.67
2.320000 16 74 70.84
2.320000 16 75 73.60
2.320000 16 76 58.96
2.320000 16 77 40.40
2.320000 16 78 36.34
2.320000 16 79 47.22
2.320000 16 80 58.29
2.320000 16 81 65.50
2.320000 16 82 77.36
2.320000 16 83 91.48
2.320000 16 84 111.47
2.320000 16 85 115.36
2.320000 16 86 90.72
2.320000 16 87 87.68
2.320000 16 88 91.50
2.320000 16 89 77.15
2.320000 16 90 67.83
2.320000 16 91 69.75
2.320000 16 92 74.55
2.320000 16 93 80.37
2.320000 16 94 93.91
2.320000 16 95 98.60
2.320000 16 96 108.25
2.320000 16 97 112.06
2.320000 16 98 101.87
2.320000 16 99 109.48
2.320000 16 100 128.09
2.320000 16 101 122.53
2.320000 16 102 118.32
2.320000 16 103 131.31
2.320000 16 104 139.74
2.320000 16 105 141.15
2.320000 16 106 137.06
2.320000 16 107 150.88
2.320000 16 108 138.22
2.320000 16 109 148.68
2.320000 16 110 140.21
2.320000 16 111 132.41
2.320000 16 112 128.60
2.320000 16 113 130.09
2.320000 16 114 119.33
2.320000 16 115 119.06
2.320000 16 116 127.62
2.320000 16 117 112.18
2.320000 16 118 93.20
2.320000 16 119 82.50
2.320000 16 120 81.96
2.320000 16 121 75.77
2.320000 16 122 89.81
2.320000 16 123 94.31
2.320000 16 124 103.12
2.320000 16 125 102.69
2.320000 16 126 109.05
2.320000 16 127 108.90
2.320000 16 128 117.05
2.320000 16 129 108.41
2.320000 16 130 105.25
2.320000 16 131 92.80
2.320000 16 132 85.75
2.320000 16 133 90.26
2.320000 16 134 84.23
2.320000 16 135 67.34
2.320000 16 136 58.98
2.320000 16 137 56.61
2.320000 16 138 66.87
2.320000 16 139 80.57
2.320000 16 140 78.09
2.320000 16 141 82.33
2.320000 16 142 75.73
2.320000 16 143 77.51
2.320000 16 144 44.42
2.320000 16 145 32.55
2.320000 16 146 31.22
2.320000 16 147 45.75
2.320000 16 148 67.32
2.320000 16 149 90.17
2.320000 16 150 77.69
2.320000 16 151 68.19
2.320000 16 152 70.44
2.320000 16 153 65.22
2.320000 16 154 70.31
2.320000 16 155 61.25
2.320000 16 156 46.32
2.320000 16 157 55.71
2.320000 16 158 49.64
2.320000 16 159 58.64
2.320000 16 160 60.27
2.320000 16 161 48.68
2.320000 16 162 42.36
2.320000 16 163 35.61
2.320000 16 164 32.32
2.320000 16 165 23.71
2.320000 16 166 28.51
2.320000 16 167 37.08
2.320000 16 168 45.85
2.320000 16 169 45.89
2.320000 16 170 24.80
2.320000 16 171 12.15
2.320000 16 172  3.15
2.320000 16 173  7.37
2.320000 16 174 20.79
2.320000 16 175 22.44
2.320000 16 176 26.87
2.320000 16 177 41.18
2.320000 16 178 31.53
2.320000 16 179 28.49
2.320000 16 180 27.61
2.320000 16 181 23.51
2.320000 16 182 31.41
2.320000 16 183 39.77
2.320000 16 184 35.22
2.320000 16 185 35.02
2.320000 16 186 27.07
2.320000 16 187 24.57
2.320000 16 188  6.04
2.320000 16 189  5.11
2.320000 16 190 10.48
2.320000 16 191 25.26
2.320000 16 192 23.74
2.320000 16 193 31.70
2.320000 16 194 25.77
2.320000 16 195 26.96
2.320000 16 196 13.74
2.320000 16 197 16.85
2.320000 16 198 19.16
2.320000 16 199 29.93
