3.642000 96 0 292526.05
3.642000 96 1 246992.03
3.642000 96 2 211607.86
3.642000 96 3 182929.15
3.642000 96 4 158775.11
3.642000 96 5 138243.75
3.642000 96 6 120520.30
3.642000 96 7 105372.22
3.642000 96 8 92449.96
3.642000 96 9 81489.25
3.642000 96 10 72368.89
3.642000 96 11 64852.84
3.642000 96 12 58265.74
3.642000 96 13 52840.23
3.642000 96 14 48114.09
3.642000 96 15 43553.36
3.642000 96 16 39436.37
3.642000 96 17 36023.20
3.642000 96 18 33071.13
3.642000 96 19 30027.73
3.642000 96 20 27334.39
3.642000 96 21 24360.00
3.642000 96 22 21974.55
3.642000 96 23 19927.15
3.642000 96 24 17797.02
3.642000 96 25 16241.82
3.642000 96 26 14529.30
3.642000 96 27 13790.97
3.642000 96 28 13199.23
3.642000 96 29 12642.72
3.642000 96 30 12011.00
3.642000 96 31 11983.16
3.642000 96 32 12070.48
3.642000 96 33 12009.82
3.642000 96 34 12132.81
3.642000 96 35 11796.46
3.642000 96 36 11594.18
3.642000 96 37 11243.83
3.642000 96 38 10397.89
3.642000 96 39 9639.23
3.642000 96 40 8723.17
3.642000 96 41 7875.94
3.642000 96 42 7254.02
3.642000 96 43 7023.50
3.642000 96 44 6933.79
3.642000 96 45 6606.71
3.642000 96 46 6242.61
3.642000 96 47 5805.32
3.642000 96 48 5521.06
3.642000 96 49 5064.38
3.642000 96 50 4732.19
3.642000 96 51 4445.07
3.642000 96 52 4909.95
3.642000 96 53 5698.37
3.642000 96 54 6153.60
3.642000 96 55 6347.87
3.642000 96 56 6720.24
3.642000 96 57 6830.41
3.642000 96 58 6074.19
3.642000 96 59 5667.91
3.642000 96 60 5095.72
3.642000 96 61 4396.73
3.642000 96 62 4013.94
3.642000 96 63 4090.92
3.642000 96 64 4369.95
3.642000 96 65 4672.46
3.642000 96 66 4496.42
3.642000 96 67 4232.08
3.642000 96 68 4458.49
3.642000 96 69 4281.33
3.642000 96 70 4123.37
3.642000 96 71 4374.22
3.642000 96 72 4304.93
3.642000 96 73 4192.51
3.642000 96 74 4208.96
3.642000 96 75 4139.45
3.642000 96 76 4140.95
3.642000 96 77 3932.35
3.642000 96 78 3832.95
3.642000 96 79 4469.88
3.642000 96 80 5045.78
3.642000 96 81 6092.46
3.642000 96 82 6765.84
3.642000 96 83 6894.82
3.642000 96 84 7274.25
3.642000 96 85 7385.64
3.642000 96 86 7370.21
3.642000 96 87 7528.95
3.642000 96 88 7546.01
3.642000 96 89 7677.26
3.642000 96 90 7593.32
3.642000 96 91 7810.20
3.642000 96 92 7102.24
3.642000 96 93 6907.68
3.642000 96 94 6996.98
3.642000 96 95 6506.15
3.642000 96 96 6061.90
3.642000 96 97 6147.18
3.642000 96 98 6274.96
3.642000 96 99 5921.13
3.642000 96 100 5608.72
3.642000 96 101 5452.74
3.642000 96 102 5507.60
3.642000 96 103 5308.02
3.642000 96 104 4344.59
3.642000 96 105 3596.96
3.642000 96 106 2840.96
3.642000 96 107 2158.84
3.642000 96 108 1664.41
3.642000 96 109 1146.23
3.642000 96 110 890.09
3.642000 96 111 396.12
3.642000 96 112 347.98
3.642000 96 113 717.38
3.642000 96 114 724.63
3.642000 96 115 915.91
3.642000 96 116 879.36
3.642000 96 117 639.25
3.642000 96 118 824.47
3.642000 96 119 1256.80
3.642000 96 120 1542.01
3.642000 96 121 1852.31
3.642000 96 122 2205.64
3.642000 96 123 2914.06
3.642000 96 124 3147.28
3.642000 96 125 3411.60
3.642000 96 126 3472.94
3.642000 96 127 2989.15
3.642000 96 128 2447.80
3.642000 96 129 1768.89
3.642000 96 130 1498.91
3.642000 96 131 837.14
3.642000 96 132 838.47
3.642000 96 133 1095.38
3.642000 96 134 1106.90
3.642000 96 135 1183.05
3.642000 96 136 996.03
3.642000 96 137 589.81
3.642000 96 138 711.87
3.642000 96 139 968.04
3.642000 96 140 1136.80
3.642000 96 141 1266.27
3.642000 96 142 1620.74
3.642000 96 143 1354.58
3.642000 96 144 1085.21
3.642000 96 145 1105.59
3.642000 96 146 1093.23
3.642000 96 147 1224.75
3.642000 96 148 1798.57
3.642000 96 149 2651.79
3.642000 96 150 3496.46
3.642000 96 151 4455.79
3.642000 96 152 4946.88
3.642000 96 153 5612.13
3.642000 96 154 6001.00
3.642000 96 155 5972.05
3.642000 96 156 5963.29
3.642000 96 157 5983.21
3.642000 96 158 5876.84
3.642000 96 159 5734.33
3.642000 96 160 5561.92
3.642000 96 161 5067.77
3.642000 96 162 4612.31
3.642000 96 163 4498.67
3.642000 96 164 4076.30
3.642000 96 165 3797.52
3.642000 96 166 3830.23
3.642000 96 167 3559.29
3.642000 96 168 3538.92
3.642000 96 169 3411.63
3.642000 96 170 3366.94
3.642000 96 171 3574.72
3.642000 96 172 3631.19
3.642000 96 173 3441.62
3.642000 96 174 3554.67
3.642000 96 175 3805.78
3.642000 96 176 3636.53
3.642000 96 177 3829.56
3.642000 96 178 4250.32
3.642000 96 179 4460.11
3.642000 96 180 4530.70
3.642000 96 181 4642.83
3.642000 96 182 4792.22
3.642000 96 183 5073.26
3.642000 96 184 5045.91
3.642000 96 185 5376.42
3.642000 96 186 5655.51
3.642000 96 187 5951.99
3.642000 96 188 6359.01
3.642000 96 189 6893.96
3.642000 96 190 7105.94
3.642000 96 191 7078.21
3.642000 96 192 7291.96
3.642000 96 193 7159.60
3.642000 96 194 6746.10
3.642000 96 195 6546.99
3.642000 96 196 6133.85
3.642000 96 197 5996.97
3.642000 96 198 6240.71
3.642000 96 199 6547.42
