3.460000 24 0 3579.99
3.460000 24 1 1809.41
3.460000 24 2 983.36
3.460000 24 3 562.61
3.460000 24 4 322.35
3.460000 24 5 172.53
3.460000 24 6 143.94
3.460000 24 7 90.22
3.460000 24 8 57.67
3.460000 24 9 17.39
3.460000 24 10 23.74
3.460000 24 11 -4.44
3.460000 24 12 -29.48
3.460000 24 13 14.39
3.460000 24 14 39.25
3.460000 24 15 38.21
3.460000 24 16 46.29
3.460000 24 17 50.15
3.460000 24 18  4.54
3.460000 24 19 -28.82
3.460000 24 20 12.61
3.460000 24 21 41.65
3.460000 24 22 69.48
3.460000 24 23 121.84
3.460000 24 24 117.03
3.460000 24 25 71.89
3.460000 24 26 98.63
3.460000 24 27 77.47
3.460000 24 28 93.28
3.460000 24 29 66.97
3.460000 24 30 104.55
3.460000 24 31 86.29
3.460000 24 32 51.41
3.460000 24 33 68.71
3.460000 24 34 53.34
3.460000 24 35 17.25
3.460000 24 36 35.79
3.460000 24 37 55.05
3.460000 24 38 82.79
3.460000 24 39 79.25
3.460000 24 40 122.11
3.460000 24 41 70.45
3.460000 24 42 72.73
3.460000 24 43 69.29
3.460000 24 44 88.03
3.460000 24 45 126.19
3.460000 24 46 171.42
3.460000 24 47 123.38
3.460000 24 48 132.59
3.460000 24 49 80.06
3.460000 24 50 69.60
3.460000 24 51 72.26
3.460000 24 52 99.58
3.460000 24 53 99.97
3.460000 24 54 120.61
3.460000 24 55 181.55
3.460000 24 56 156.36
3.460000 24 57 139.54
3.460000 24 58 155.31
3.460000 24 59 123.01
3.460000 24 60 84.40
3.460000 24 61 93.28
3.460000 24 62 121.36
3.460000 24 63 101.34
3.460000 24 64 84.10
3.460000 24 65 46.77
3.460000 24 66 -3.95
3.460000 24 67 -3.66
3.460000 24 68 -50.91
3.460000 24 69 -79.58
3.460000 24 70 -52.24
3.460000 24 71 19.92
3.460000 24 72 102.87
3.460000 24 73 72.34
3.460000 24 74 67.72
3.460000 24 75 91.26
3.460000 24 76 73.27
3.460000 24 77 50.86
3.460000 24 78 34.20
3.460000 24 79 16.90
3.460000 24 80 30.63
3.460000 24 81 23.20
3.460000 24 82 18.15
3.460000 24 83 44.67
3.460000 24 84 56.11
3.460000 24 85 86.24
3.460000 24 86 108.06
3.460000 24 87 56.24
3.460000 24 88 59.30
3.460000 24 89 46.71
3.460000 24 90 17.92
3.460000 24 91 -2.66
3.460000 24 92 60.63
3.460000 24 93 14.61
3.460000 24 94 29.17
3.460000 24 95 48.34
3.460000 24 96 29.77
3.460000 24 97 -12.27
3.460000 24 98 27.41
3.460000 24 99 61.49
3.460000 24 100 57.65
3.460000 24 101 70.54
3.460000 24 102 76.85
3.460000 24 103 73.04
3.460000 24 104  6.52
3.460000 24 105  7.27
3.460000 24 106 11.06
3.460000 24 107 -5.39
3.460000 24 108 51.03
3.460000 24 109 90.58
3.460000 24 110 61.66
3.460000 24 111 15.25
3.460000 24 112 -26.32
3.460000 24 113 17.80
3.460000 24 114 -4.37
3.460000 24 115 26.89
3.460000 24 116 28.20
3.460000 24 117  6.39
3.460000 24 118 -25.40
3.460000 24 119 -52.33
3.460000 24 120 -62.14
3.460000 24 121 18.72
3.460000 24 122 69.40
3.460000 24 123 60.51
3.460000 24 124 57.03
3.460000 24 125 43.99
3.460000 24 126 56.26
3.460000 24 127 64.07
3.460000 24 128 84.73
3.460000 24 129 66.29
3.460000 24 130 35.49
3.460000 24 131 37.57
3.460000 24 132 74.00
3.460000 24 133 72.50
3.460000 24 134 60.03
3.460000 24 135 86.47
3.460000 24 136 79.61
3.460000 24 137 -21.02
3.460000 24 138 -20.25
3.460000 24 139 -2.27
3.460000 24 140  5.08
3.460000 24 141 -37.70
3.460000 24 142 -78.05
3.460000 24 143 -47.02
3.460000 24 144 40.17
3.460000 24 145 66.88
3.460000 24 146 69.48
3.460000 24 147 61.37
3.460000 24 148 68.88
3.460000 24 149 16.42
3.460000 24 150 19.98
3.460000 24 151 50.24
3.460000 24 152 49.51
3.460000 24 153  2.54
3.460000 24 154 31.47
3.460000 24 155 -15.03
3.460000 24 156 -74.73
3.460000 24 157 -100.96
3.460000 24 158 -82.70
3.460000 24 159 -40.02
3.460000 24 160 -31.27
3.460000 24 161 -59.33
3.460000 24 162 -26.78
3.460000 24 163 -7.23
3.460000 24 164 -28.60
3.460000 24 165  1.31
3.460000 24 166 45.57
3.460000 24 167 87.60
3.460000 24 168 70.60
3.460000 24 169 51.63
3.460000 24 170 87.49
3.460000 24 171 92.73
3.460000 24 172 69.84
3.460000 24 173 83.02
3.460000 24 174 99.54
3.460000 24 175 74.85
3.460000 24 176 42.74
3.460000 24 177 55.20
3.460000 24 178 88.00
3.460000 24 179 77.95
3.460000 24 180 60.77
3.460000 24 181 70.87
3.460000 24 182 54.32
3.460000 24 183 46.08
3.460000 24 184 17.94
3.460000 24 185 14.44
3.460000 24 186 -8.56
3.460000 24 187 22.29
3.460000 24 188 55.64
3.460000 24 189 24.11
3.460000 24 190 60.30
3.460000 24 191 51.69
3.460000 24 192 87.19
3.460000 24 193 68.69
3.460000 24 194 120.26
3.460000 24 195 201.79
3.460000 24 196 259.56
3.460000 24 197 227.34
3.460000 24 198 193.15
3.460000 24 199 159.97
