3.500000 32 0 16613.92
3.500000 32 1 9645.63
3.500000 32 2 5792.57
3.500000 32 3 3588.56
3.500000 32 4 2287.70
3.500000 32 5 1509.63
3.500000 32 6 942.25
3.500000 32 7 643.21
3.500000 32 8 470.29
3.500000 32 9 353.79
3.500000 32 10 232.64
3.500000 32 11 162.83
3.500000 32 12 131.63
3.500000 32 13 84.94
3.500000 32 14 80.79
3.500000 32 15 24.22
3.500000 32 16 -37.01
3.500000 32 17 -55.37
3.500000 32 18 -90.27
3.500000 32 19 -136.71
3.500000 32 20 -83.78
3.500000 32 21 -30.55
3.500000 32 22 -23.91
3.500000 32 23 -89.84
3.500000 32 24 -78.96
3.500000 32 25 -100.51
3.500000 32 26 -105.86
3.500000 32 27 -121.60
3.500000 32 28 -61.47
3.500000 32 29 -84.18
3.500000 32 30 -93.48
3.500000 32 31 -169.11
3.500000 32 32 -111.95
3.500000 32 33 -62.06
3.500000 32 34 -93.09
3.500000 32 35 -96.03
3.500000 32 36 -148.18
3.500000 32 37 -169.06
3.500000 32 38 -135.57
3.500000 32 39 -88.98
3.500000 32 40 -97.95
3.500000 32 41 -43.80
3.500000 32 42 -3.68
3.500000 32 43 -10.99
3.500000 32 44 -34.90
3.500000 32 45 -50.93
3.500000 32 46 -76.44
3.500000 32 47 -98.73
3.500000 32 48 -89.22
3.500000 32 49 -84.23
3.500000 32 50 -27.60
3.500000 32 51 46.68
3.500000 32 52 118.64
3.500000 32 53 142.41
3.500000 32 54 27.47
3.500000 32 55 -50.99
3.500000 32 56 -176.08
3.500000 32 57 -101.12
3.500000 32 58 -43.79
3.500000 32 59 -28.03
3.500000 32 60 -26.08
3.500000 32 61 -40.88
3.500000 32 62 -48.23
3.500000 32 63 -21.50
3.500000 32 64 41.59
3.500000 32 65 70.27
3.500000 32 66 90.22
3.500000 32 67 98.45
3.500000 32 68 12.04
3.500000 32 69 -8.24
3.500000 32 70 -26.75
3.500000 32 71 -79.86
3.500000 32 72 -83.16
3.500000 32 73 -93.10
3.500000 32 74 -68.43
3.500000 32 75 -70.70
3.500000 32 76 -76.30
3.500000 32 77 -124.90
3.500000 32 78 -149.53
3.500000 32 79 -164.85
3.500000 32 80 -172.96
3.500000 32 81 -137.29
3.500000 32 82 -143.23
3.500000 32 83 -70.22
3.500000 32 84 -72.88
3.500000 32 85 -61.34
3.500000 32 86 -85.14
3.500000 32 87 -102.73
3.500000 32 88 -98.70
3.500000 32 89 -53.03
3.500000 32 90 -68.43
3.500000 32 91 -60.86
3.500000 32 92 -40.40
3.500000 32 93 -28.43
3.500000 32 94 -5.02
3.500000 32 95 55.12
3.500000 32 96 91.46
3.500000 32 97 94.35
3.500000 32 98 123.86
3.500000 32 99 125.97
3.500000 32 100 78.00
3.500000 32 101 69.48
3.500000 32 102 108.48
3.500000 32 103 83.59
3.500000 32 104 67.08
3.500000 32 105 84.55
3.500000 32 106 89.83
3.500000 32 107 98.56
3.500000 32 108 53.45
3.500000 32 109 17.11
3.500000 32 110 -3.09
3.500000 32 111 49.11
3.500000 32 112 65.87
3.500000 32 113 110.53
3.500000 32 114 122.20
3.500000 32 115 40.16
3.500000 32 116 -48.59
3.500000 32 117  5.11
3.500000 32 118 -4.30
3.500000 32 119 34.45
3.500000 32 120  0.75
3.500000 32 121  8.89
3.500000 32 122 47.14
3.500000 32 123  1.36
3.500000 32 124 -28.95
3.500000 32 125 -0.07
3.500000 32 126 40.96
3.500000 32 127 21.13
3.500000 32 128 -10.88
3.500000 32 129 -16.17
3.500000 32 130 10.51
3.500000 32 131 35.01
3.500000 32 132 -1.52
3.500000 32 133 79.37
3.500000 32 134 61.87
3.500000 32 135 -41.31
3.500000 32 136 -39.97
3.500000 32 137 -12.23
3.500000 32 138 21.84
3.500000 32 139 34.37
3.500000 32 140 -5.48
3.500000 32 141 -3.98
3.500000 32 142 -55.70
3.500000 32 143 -51.37
3.500000 32 144 -100.05
3.500000 32 145 -79.17
3.500000 32 146 -124.76
3.500000 32 147 -155.11
3.500000 32 148 -127.33
3.500000 32 149 -47.17
3.500000 32 150 -33.55
3.500000 32 151 -34.47
3.500000 32 152  3.19
3.500000 32 153  7.14
3.500000 32 154 12.34
3.500000 32 155 31.26
3.500000 32 156  5.22
3.500000 32 157 -47.84
3.500000 32 158 -46.01
3.500000 32 159 -71.38
3.500000 32 160 -15.61
3.500000 32 161 -80.08
3.500000 32 162 -75.26
3.500000 32 163 -99.53
3.500000 32 164 -135.69
3.500000 32 165 -102.68
3.500000 32 166 -43.14
3.500000 32 167 -32.50
3.500000 32 168 -19.40
3.500000 32 169 -31.39
3.500000 32 170 -25.26
3.500000 32 171 -57.34
3.500000 32 172 -121.10
3.500000 32 173 -106.02
3.500000 32 174 -64.57
3.500000 32 175 -99.24
3.500000 32 176 -93.81
3.500000 32 177 -94.22
3.500000 32 178 -101.92
3.500000 32 179 -170.31
3.500000 32 180 -185.39
3.500000 32 181 -185.07
3.500000 32 182 -166.18
3.500000 32 183 -125.55
3.500000 32 184 -108.43
3.500000 32 185 -126.29
3.500000 32 186 -150.17
3.500000 32 187 -163.69
3.500000 32 188 -178.17
3.500000 32 189 -214.38
3.500000 32 190 -226.01
3.500000 32 191 -260.89
3.500000 32 192 -231.52
3.500000 32 193 -229.27
3.500000 32 194 -282.18
3.500000 32 195 -307.40
3.500000 32 196 -301.91
3.500000 32 197 -291.06
3.500000 32 198 -276.07
3.500000 32 199 -270.79
