2.260000 128 0 203396.71
2.260000 128 1 169838.75
2.260000 128 2 145097.29
2.260000 128 3 124485.50
2.260000 128 4 108567.84
2.260000 128 5 92994.74
2.260000 128 6 80922.35
2.260000 128 7 70515.37
2.260000 128 8 62540.44
2.260000 128 9 54266.47
2.260000 128 10 48665.93
2.260000 128 11 43928.69
2.260000 128 12 39861.22
2.260000 128 13 36053.64
2.260000 128 14 33606.13
2.260000 128 15 31004.03
2.260000 128 16 27232.74
2.260000 128 17 24547.95
2.260000 128 18 21445.62
2.260000 128 19 19712.16
2.260000 128 20 16626.89
2.260000 128 21 15158.66
2.260000 128 22 13416.13
2.260000 128 23 12637.32
2.260000 128 24 10716.79
2.260000 128 25 7956.38
2.260000 128 26 5956.23
2.260000 128 27 3809.31
2.260000 128 28 3256.41
2.260000 128 29 2369.45
2.260000 128 30 1898.18
2.260000 128 31 -267.87
2.260000 128 32 1021.13
2.260000 128 33 2435.98
2.260000 128 34 1945.73
2.260000 128 35 296.08
2.260000 128 36 -1238.75
2.260000 128 37 -3118.52
2.260000 128 38 -4981.69
2.260000 128 39 -5365.72
2.260000 128 40 -7988.33
2.260000 128 41 -10739.78
2.260000 128 42 -11783.56
2.260000 128 43 -11946.38
2.260000 128 44 -11310.38
2.260000 128 45 -10919.82
2.260000 128 46 -11235.23
2.260000 128 47 -11448.40
2.260000 128 48 -11350.03
2.260000 128 49 -10275.76
2.260000 128 50 -9414.34
2.260000 128 51 -7105.26
2.260000 128 52 -4086.15
2.260000 128 53 -1422.56
2.260000 128 54 34.45
2.260000 128 55 1630.71
2.260000 128 56 2600.46
2.260000 128 57 3671.62
2.260000 128 58 4710.80
2.260000 128 59 6146.47
2.260000 128 60 4460.22
2.260000 128 61 3162.52
2.260000 128 62 815.01
2.260000 128 63 -889.78
2.260000 128 64 -1609.29
2.260000 128 65 -1085.61
2.260000 128 66 931.13
2.260000 128 67 3443.63
2.260000 128 68 5226.62
2.260000 128 69 6110.19
2.260000 128 70 6822.11
2.260000 128 71 7030.09
2.260000 128 72 7698.89
2.260000 128 73 8903.49
2.260000 128 74 11170.70
2.260000 128 75 12751.79
2.260000 128 76 12888.85
2.260000 128 77 14917.26
2.260000 128 78 18262.89
2.260000 128 79 19149.27
2.260000 128 80 18678.61
2.260000 128 81 20253.23
2.260000 128 82 21777.41
2.260000 128 83 23655.73
2.260000 128 84 24017.38
2.260000 128 85 24935.42
2.260000 128 86 25560.08
2.260000 128 87 26817.31
2.260000 128 88 27976.23
2.260000 128 89 31415.14
2.260000 128 90 34107.61
2.260000 128 91 36998.69
2.260000 128 92 37954.43
2.260000 128 93 39193.95
2.260000 128 94 38656.30
2.260000 128 95 37796.05
2.260000 128 96 35068.20
2.260000 128 97 32201.34
2.260000 128 98 31167.25
2.260000 128 99 31035.16
2.260000 128 100 30301.08
2.260000 128 101 28453.50
2.260000 128 102 27479.15
2.260000 128 103 25538.99
2.260000 128 104 22845.77
2.260000 128 105 22886.55
2.260000 128 106 23056.68
2.260000 128 107 21381.72
2.260000 128 108 18551.41
2.260000 128 109 15585.69
2.260000 128 110 12481.85
2.260000 128 111 10548.42
2.260000 128 112 7860.93
2.260000 128 113 5512.62
2.260000 128 114 4357.53
2.260000 128 115 3334.87
2.260000 128 116 1330.05
2.260000 128 117 575.95
2.260000 128 118 -1118.86
2.260000 128 119 -3775.78
2.260000 128 120 -5138.86
2.260000 128 121 -4138.58
2.260000 128 122 -4721.11
2.260000 128 123 -3471.24
2.260000 128 124 -1783.69
2.260000 128 125 -1101.67
2.260000 128 126 -883.75
2.260000 128 127 -710.79
2.260000 128 128  0.57
2.260000 128 129 1399.36
2.260000 128 130 3237.87
2.260000 128 131 3867.17
2.260000 128 132 4285.98
2.260000 128 133 4647.88
2.260000 128 134 3285.15
2.260000 128 135 2056.71
2.260000 128 136 1019.74
2.260000 128 137 1439.52
2.260000 128 138 5200.87
2.260000 128 139 9074.52
2.260000 128 140 13757.37
2.260000 128 141 17720.05
2.260000 128 142 19945.82
2.260000 128 143 23197.85
2.260000 128 144 25847.65
2.260000 128 145 28173.96
2.260000 128 146 30637.12
2.260000 128 147 32023.40
2.260000 128 148 32796.24
2.260000 128 149 32275.11
2.260000 128 150 33765.70
2.260000 128 151 34608.06
2.260000 128 152 35031.14
2.260000 128 153 35516.72
2.260000 128 154 34352.15
2.260000 128 155 33110.27
2.260000 128 156 32451.15
2.260000 128 157 31911.89
2.260000 128 158 32450.67
2.260000 128 159 31270.98
2.260000 128 160 32398.24
2.260000 128 161 33239.95
2.260000 128 162 33509.32
2.260000 128 163 33145.55
2.260000 128 164 32874.00
2.260000 128 165 31201.44
2.260000 128 166 28952.52
2.260000 128 167 28208.45
2.260000 128 168 27340.34
2.260000 128 169 27478.69
2.260000 128 170 26673.83
2.260000 128 171 25208.91
2.260000 128 172 24490.39
2.260000 128 173 25163.00
2.260000 128 174 26579.33
2.260000 128 175 27260.85
2.260000 128 176 27171.68
2.260000 128 177 26370.69
2.260000 128 178 25366.82
2.260000 128 179 25190.07
2.260000 128 180 24925.33
2.260000 128 181 24897.04
2.260000 128 182 24387.86
2.260000 128 183 23386.33
2.260000 128 184 23765.50
2.260000 128 185 23747.17
2.260000 128 186 24420.02
2.260000 128 187 23230.52
2.260000 128 188 22349.87
2.260000 128 189 21361.23
2.260000 128 190 21701.70
2.260000 128 191 20408.41
2.260000 128 192 20863.46
2.260000 128 193 22625.03
2.260000 128 194 22729.71
2.260000 128 195 22992.11
2.260000 128 196 21070.86
2.260000 128 197 18652.46
2.260000 128 198 16377.53
2.260000 128 199 15722.79
