2.220000 32 0 7801.11
2.220000 32 1 5141.83
2.220000 32 2 3576.33
2.220000 32 3 2473.60
2.220000 32 4 1700.76
2.220000 32 5 1198.08
2.220000 32 6 878.96
2.220000 32 7 712.69
2.220000 32 8 497.22
2.220000 32 9 361.83
2.220000 32 10 162.38
2.220000 32 11 28.71
2.220000 32 12 -39.23
2.220000 32 13 -118.49
2.220000 32 14 -117.77
2.220000 32 15 -107.43
2.220000 32 16 -106.19
2.220000 32 17 -166.72
2.220000 32 18 -169.98
2.220000 32 19 -128.40
2.220000 32 20 -47.79
2.220000 32 21  5.43
2.220000 32 22 11.41
2.220000 32 23 -1.43
2.220000 32 24 -104.11
2.220000 32 25 -239.01
2.220000 32 26 -328.91
2.220000 32 27 -323.82
2.220000 32 28 -288.39
2.220000 32 29 -340.83
2.220000 32 30 -289.51
2.220000 32 31 -319.49
2.220000 32 32 -213.21
2.220000 32 33 -243.71
2.220000 32 34 -210.15
2.220000 32 35 -267.33
2.220000 32 36 -313.96
2.220000 32 37 -338.64
2.220000 32 38 -421.77
2.220000 32 39 -404.97
2.220000 32 40 -348.45
2.220000 32 41 -313.70
2.220000 32 42 -280.80
2.220000 32 43 -264.64
2.220000 32 44 -325.86
2.220000 32 45 -481.97
2.220000 32 46 -596.01
2.220000 32 47 -656.84
2.220000 32 48 -668.40
2.220000 32 49 -651.44
2.220000 32 50 -674.31
2.220000 32 51 -621.85
2.220000 32 52 -617.16
2.220000 32 53 -553.69
2.220000 32 54 -586.73
2.220000 32 55 -600.12
2.220000 32 56 -618.11
2.220000 32 57 -634.03
2.220000 32 58 -602.68
2.220000 32 59 -587.84
2.220000 32 60 -570.32
2.220000 32 61 -496.70
2.220000 32 62 -357.73
2.220000 32 63 -299.94
2.220000 32 64 -305.89
2.220000 32 65 -270.32
2.220000 32 66 -318.52
2.220000 32 67 -276.15
2.220000 32 68 -248.12
2.220000 32 69 -253.37
2.220000 32 70 -211.74
2.220000 32 71 -198.06
2.220000 32 72 -283.41
2.220000 32 73 -274.64
2.220000 32 74 -319.41
2.220000 32 75 -380.08
2.220000 32 76 -359.43
2.220000 32 77 -351.38
2.220000 32 78 -426.63
2.220000 32 79 -471.24
2.220000 32 80 -449.67
2.220000 32 81 -419.67
2.220000 32 82 -447.19
2.220000 32 83 -421.52
2.220000 32 84 -466.99
2.220000 32 85 -449.48
2.220000 32 86 -489.83
2.220000 32 87 -524.82
2.220000 32 88 -612.48
2.220000 32 89 -699.23
2.220000 32 90 -666.61
2.220000 32 91 -655.24
2.220000 32 92 -585.88
2.220000 32 93 -488.93
2.220000 32 94 -396.60
2.220000 32 95 -374.95
2.220000 32 96 -343.11
2.220000 32 97 -328.51
2.220000 32 98 -272.78
2.220000 32 99 -338.90
2.220000 32 100 -364.32
2.220000 32 101 -357.37
2.220000 32 102 -348.01
2.220000 32 103 -357.04
2.220000 32 104 -372.77
2.220000 32 105 -434.96
2.220000 32 106 -437.48
2.220000 32 107 -407.35
2.220000 32 108 -363.03
2.220000 32 109 -415.63
2.220000 32 110 -367.25
2.220000 32 111 -336.88
2.220000 32 112 -415.06
2.220000 32 113 -479.71
2.220000 32 114 -500.96
2.220000 32 115 -457.50
2.220000 32 116 -430.64
2.220000 32 117 -401.28
2.220000 32 118 -449.54
2.220000 32 119 -430.08
2.220000 32 120 -481.07
2.220000 32 121 -520.06
2.220000 32 122 -532.65
2.220000 32 123 -555.94
2.220000 32 124 -546.09
2.220000 32 125 -521.18
2.220000 32 126 -382.86
2.220000 32 127 -416.25
2.220000 32 128 -454.79
2.220000 32 129 -413.96
2.220000 32 130 -417.41
2.220000 32 131 -482.99
2.220000 32 132 -418.64
2.220000 32 133 -415.77
2.220000 32 134 -394.23
2.220000 32 135 -451.91
2.220000 32 136 -458.28
2.220000 32 137 -573.66
2.220000 32 138 -574.59
2.220000 32 139 -569.52
2.220000 32 140 -708.31
2.220000 32 141 -714.47
2.220000 32 142 -767.02
2.220000 32 143 -827.67
2.220000 32 144 -807.72
2.220000 32 145 -780.23
2.220000 32 146 -730.24
2.220000 32 147 -661.94
2.220000 32 148 -590.65
2.220000 32 149 -584.87
2.220000 32 150 -604.91
2.220000 32 151 -677.33
2.220000 32 152 -687.97
2.220000 32 153 -620.11
2.220000 32 154 -660.63
2.220000 32 155 -759.65
2.220000 32 156 -774.87
2.220000 32 157 -776.77
2.220000 32 158 -784.05
2.220000 32 159 -851.03
2.220000 32 160 -840.33
2.220000 32 161 -888.12
2.220000 32 162 -815.67
2.220000 32 163 -838.92
2.220000 32 164 -866.53
2.220000 32 165 -867.37
2.220000 32 166 -912.83
2.220000 32 167 -947.80
2.220000 32 168 -948.20
2.220000 32 169 -1027.51
2.220000 32 170 -1071.86
2.220000 32 171 -1077.08
2.220000 32 172 -1140.82
2.220000 32 173 -1018.60
2.220000 32 174 -1041.43
2.220000 32 175 -1007.36
2.220000 32 176 -946.64
2.220000 32 177 -863.29
2.220000 32 178 -762.29
2.220000 32 179 -725.74
2.220000 32 180 -675.51
2.220000 32 181 -649.50
2.220000 32 182 -606.29
2.220000 32 183 -667.98
2.220000 32 184 -699.23
2.220000 32 185 -752.61
2.220000 32 186 -841.68
2.220000 32 187 -917.59
2.220000 32 188 -869.05
2.220000 32 189 -927.71
2.220000 32 190 -1011.60
2.220000 32 191 -1134.73
2.220000 32 192 -1130.96
2.220000 32 193 -1187.21
2.220000 32 194 -1211.64
2.220000 32 195 -1205.94
2.220000 32 196 -1240.75
2.220000 32 197 -1279.97
2.220000 32 198 -1270.38
2.220000 32 199 -1252.29
