3.400000 96 0 49587.59
3.400000 96 1 23308.91
3.400000 96 2 11932.58
3.400000 96 3 6840.77
3.400000 96 4 3588.90
3.400000 96 5 1847.75
3.400000 96 6 1015.86
3.400000 96 7 66.48
3.400000 96 8 1093.57
3.400000 96 9 1445.15
3.400000 96 10 1392.41
3.400000 96 11 1421.57
3.400000 96 12 1893.45
3.400000 96 13 2651.36
3.400000 96 14 2185.60
3.400000 96 15 1360.12
3.400000 96 16 1655.76
3.400000 96 17 1249.89
3.400000 96 18 427.26
3.400000 96 19 -531.87
3.400000 96 20 -1404.84
3.400000 96 21 -1529.89
3.400000 96 22 -1653.37
3.400000 96 23 -1592.26
3.400000 96 24 -875.83
3.400000 96 25 -824.00
3.400000 96 26 -1106.76
3.400000 96 27 -1055.85
3.400000 96 28 -677.75
3.400000 96 29 -326.08
3.400000 96 30 -763.26
3.400000 96 31 -492.61
3.400000 96 32 -464.42
3.400000 96 33 -2204.99
3.400000 96 34 -2754.96
3.400000 96 35 -2996.70
3.400000 96 36 -2940.98
3.400000 96 37 -1829.19
3.400000 96 38 -1146.96
3.400000 96 39 -1932.51
3.400000 96 40 -1209.49
3.400000 96 41 -1087.41
3.400000 96 42 -565.39
3.400000 96 43 400.41
3.400000 96 44 201.52
3.400000 96 45 757.58
3.400000 96 46 595.97
3.400000 96 47 403.52
3.400000 96 48 98.95
3.400000 96 49 -347.93
3.400000 96 50 -753.33
3.400000 96 51 -1452.55
3.400000 96 52 -1427.14
3.400000 96 53 -2013.89
3.400000 96 54 -2203.96
3.400000 96 55 -2657.45
3.400000 96 56 -3508.33
3.400000 96 57 -3519.88
3.400000 96 58 -3199.09
3.400000 96 59 -3788.44
3.400000 96 60 -3068.35
3.400000 96 61 -3528.15
3.400000 96 62 -4526.11
3.400000 96 63 -5991.91
3.400000 96 64 -7108.17
3.400000 96 65 -7745.55
3.400000 96 66 -7390.74
3.400000 96 67 -6742.95
3.400000 96 68 -6434.54
3.400000 96 69 -6583.42
3.400000 96 70 -7685.09
3.400000 96 71 -7992.69
3.400000 96 72 -8237.49
3.400000 96 73 -8099.20
3.400000 96 74 -8383.75
3.400000 96 75 -8616.55
3.400000 96 76 -9070.44
3.400000 96 77 -8943.94
3.400000 96 78 -8377.07
3.400000 96 79 -7657.64
3.400000 96 80 -7550.41
3.400000 96 81 -8294.10
3.400000 96 82 -8168.98
3.400000 96 83 -8266.07
3.400000 96 84 -7728.90
3.400000 96 85 -7046.71
3.400000 96 86 -6894.02
3.400000 96 87 -5971.74
3.400000 96 88 -6775.11
3.400000 96 89 -7160.44
3.400000 96 90 -7281.97
3.400000 96 91 -7759.61
3.400000 96 92 -7472.51
3.400000 96 93 -7676.88
3.400000 96 94 -7546.49
3.400000 96 95 -7685.87
3.400000 96 96 -7244.07
3.400000 96 97 -6934.64
3.400000 96 98 -6644.75
3.400000 96 99 -6059.66
3.400000 96 100 -6307.22
3.400000 96 101 -6819.46
3.400000 96 102 -7074.24
3.400000 96 103 -6193.03
3.400000 96 104 -6029.12
3.400000 96 105 -6545.44
3.400000 96 106 -6584.88
3.400000 96 107 -6987.60
3.400000 96 108 -7374.85
3.400000 96 109 -7875.39
3.400000 96 110 -8122.23
3.400000 96 111 -7506.26
3.400000 96 112 -7229.82
3.400000 96 113 -8279.15
3.400000 96 114 -9198.79
3.400000 96 115 -9148.02
3.400000 96 116 -9762.85
3.400000 96 117 -11077.23
3.400000 96 118 -11642.56
3.400000 96 119 -12547.60
3.400000 96 120 -12460.28
3.400000 96 121 -12318.43
3.400000 96 122 -13233.68
3.400000 96 123 -13006.06
3.400000 96 124 -12504.67
3.400000 96 125 -12285.58
3.400000 96 126 -12506.86
3.400000 96 127 -11803.80
3.400000 96 128 -11369.78
3.400000 96 129 -11534.11
3.400000 96 130 -12437.15
3.400000 96 131 -12609.41
3.400000 96 132 -13083.56
3.400000 96 133 -13282.52
3.400000 96 134 -13359.68
3.400000 96 135 -14125.83
3.400000 96 136 -14250.60
3.400000 96 137 -14540.54
3.400000 96 138 -14708.19
3.400000 96 139 -14282.77
3.400000 96 140 -14737.04
3.400000 96 141 -15902.07
3.400000 96 142 -16100.17
3.400000 96 143 -16557.65
3.400000 96 144 -16172.90
3.400000 96 145 -15427.68
3.400000 96 146 -15428.98
3.400000 96 147 -16019.24
3.400000 96 148 -16488.84
3.400000 96 149 -16090.50
3.400000 96 150 -15650.83
3.400000 96 151 -15537.29
3.400000 96 152 -15907.62
3.400000 96 153 -15784.07
3.400000 96 154 -16100.58
3.400000 96 155 -15470.88
3.400000 96 156 -14825.19
3.400000 96 157 -15190.53
3.400000 96 158 -15912.79
3.400000 96 159 -16321.61
3.400000 96 160 -16782.89
3.400000 96 161 -18252.91
3.400000 96 162 -18553.97
3.400000 96 163 -17978.85
3.400000 96 164 -17443.17
3.400000 96 165 -17729.22
3.400000 96 166 -17582.48
3.400000 96 167 -17852.14
3.400000 96 168 -17601.84
3.400000 96 169 -18308.24
3.400000 96 170 -19218.63
3.400000 96 171 -19602.76
3.400000 96 172 -19734.63
3.400000 96 173 -20541.96
3.400000 96 174 -21083.99
3.400000 96 175 -21827.39
3.400000 96 176 -22156.50
3.400000 96 177 -22261.37
3.400000 96 178 -21072.76
3.400000 96 179 -21521.77
3.400000 96 180 -22840.66
3.400000 96 181 -23057.16
3.400000 96 182 -22939.97
3.400000 96 183 -22542.93
3.400000 96 184 -21190.58
3.400000 96 185 -19416.24
3.400000 96 186 -18430.84
3.400000 96 187 -18675.70
3.400000 96 188 -19643.50
3.400000 96 189 -20074.31
3.400000 96 190 -20406.08
3.400000 96 191 -19422.95
3.400000 96 192 -18611.11
3.400000 96 193 -18593.07
3.400000 96 194 -19417.48
3.400000 96 195 -19974.07
3.400000 96 196 -20771.02
3.400000 96 197 -20443.43
3.400000 96 198 -21020.37
3.400000 96 199 -21517.74
