3.420000 48 0 29584.90
3.420000 48 1 14716.43
3.420000 48 2 7603.51
3.420000 48 3 3930.94
3.420000 48 4 2108.88
3.420000 48 5 1156.66
3.420000 48 6 718.12
3.420000 48 7 524.83
3.420000 48 8 364.41
3.420000 48 9 324.48
3.420000 48 10 274.32
3.420000 48 11 134.02
3.420000 48 12 118.78
3.420000 48 13 112.97
3.420000 48 14 23.07
3.420000 48 15 90.90
3.420000 48 16 18.22
3.420000 48 17 145.09
3.420000 48 18 93.06
3.420000 48 19 179.87
3.420000 48 20 217.66
3.420000 48 21 137.67
3.420000 48 22 233.88
3.420000 48 23 196.77
3.420000 48 24 115.04
3.420000 48 25 112.55
3.420000 48 26 138.28
3.420000 48 27 133.92
3.420000 48 28 84.69
3.420000 48 29 71.04
3.420000 48 30 49.76
3.420000 48 31 63.53
3.420000 48 32 91.79
3.420000 48 33 146.09
3.420000 48 34 164.69
3.420000 48 35 216.68
3.420000 48 36 172.80
3.420000 48 37 224.03
3.420000 48 38 230.98
3.420000 48 39 238.29
3.420000 48 40 232.16
3.420000 48 41 219.22
3.420000 48 42 279.62
3.420000 48 43 242.85
3.420000 48 44 232.60
3.420000 48 45 220.87
3.420000 48 46 171.94
3.420000 48 47 228.08
3.420000 48 48 279.25
3.420000 48 49 165.88
3.420000 48 50 172.34
3.420000 48 51 266.44
3.420000 48 52 440.98
3.420000 48 53 407.96
3.420000 48 54 299.65
3.420000 48 55 165.62
3.420000 48 56 82.75
3.420000 48 57 68.83
3.420000 48 58 12.40
3.420000 48 59 -115.30
3.420000 48 60 -60.03
3.420000 48 61 157.08
3.420000 48 62 255.75
3.420000 48 63 302.05
3.420000 48 64 312.04
3.420000 48 65 243.12
3.420000 48 66 315.18
3.420000 48 67 258.14
3.420000 48 68 274.89
3.420000 48 69 313.83
3.420000 48 70 190.20
3.420000 48 71 366.86
3.420000 48 72 296.85
3.420000 48 73 273.54
3.420000 48 74 295.77
3.420000 48 75 315.06
3.420000 48 76 219.77
3.420000 48 77 116.47
3.420000 48 78 -149.80
3.420000 48 79 -194.59
3.420000 48 80 -213.63
3.420000 48 81 -168.54
3.420000 48 82 -59.89
3.420000 48 83 -23.30
3.420000 48 84 27.41
3.420000 48 85 103.22
3.420000 48 86 157.24
3.420000 48 87 203.24
3.420000 48 88 110.46
3.420000 48 89 180.33
3.420000 48 90 227.60
3.420000 48 91 207.46
3.420000 48 92 147.32
3.420000 48 93 110.94
3.420000 48 94 144.29
3.420000 48 95 259.96
3.420000 48 96 317.01
3.420000 48 97 222.32
3.420000 48 98 101.84
3.420000 48 99 -2.66
3.420000 48 100 -80.46
3.420000 48 101 -153.66
3.420000 48 102 -137.77
3.420000 48 103 42.76
3.420000 48 104 64.69
3.420000 48 105 90.32
3.420000 48 106 62.14
3.420000 48 107 56.10
3.420000 48 108 95.58
3.420000 48 109 126.05
3.420000 48 110 76.55
3.420000 48 111 -9.07
3.420000 48 112 -10.13
3.420000 48 113 76.47
3.420000 48 114 120.53
3.420000 48 115 93.69
3.420000 48 116 69.22
3.420000 48 117 123.99
3.420000 48 118 239.63
3.420000 48 119 219.71
3.420000 48 120 228.18
3.420000 48 121 312.54
3.420000 48 122 409.12
3.420000 48 123 544.46
3.420000 48 124 570.36
3.420000 48 125 479.49
3.420000 48 126 438.77
3.420000 48 127 425.07
3.420000 48 128 471.43
3.420000 48 129 520.11
3.420000 48 130 474.95
3.420000 48 131 499.06
3.420000 48 132 545.80
3.420000 48 133 491.31
3.420000 48 134 454.05
3.420000 48 135 434.72
3.420000 48 136 486.59
3.420000 48 137 536.38
3.420000 48 138 505.15
3.420000 48 139 454.24
3.420000 48 140 493.84
3.420000 48 141 446.05
3.420000 48 142 425.51
3.420000 48 143 388.08
3.420000 48 144 428.45
3.420000 48 145 390.73
3.420000 48 146 466.13
3.420000 48 147 461.64
3.420000 48 148 335.37
3.420000 48 149 344.99
3.420000 48 150 269.48
3.420000 48 151 206.70
3.420000 48 152 210.60
3.420000 48 153 272.24
3.420000 48 154 336.36
3.420000 48 155 365.25
3.420000 48 156 217.69
3.420000 48 157 272.57
3.420000 48 158 259.77
3.420000 48 159 172.93
3.420000 48 160 184.44
3.420000 48 161 132.13
3.420000 48 162 170.39
3.420000 48 163 282.69
3.420000 48 164 254.60
3.420000 48 165 231.43
3.420000 48 166 283.83
3.420000 48 167 354.21
3.420000 48 168 428.97
3.420000 48 169 350.73
3.420000 48 170 228.69
3.420000 48 171 206.30
3.420000 48 172 115.50
3.420000 48 173 200.57
3.420000 48 174 288.22
3.420000 48 175 307.16
3.420000 48 176 271.28
3.420000 48 177 134.70
3.420000 48 178 117.94
3.420000 48 179 27.95
3.420000 48 180 141.43
3.420000 48 181 221.35
3.420000 48 182 233.57
3.420000 48 183 280.10
3.420000 48 184 270.15
3.420000 48 185 315.15
3.420000 48 186 350.21
3.420000 48 187 233.74
3.420000 48 188 165.17
3.420000 48 189 167.47
3.420000 48 190 98.33
3.420000 48 191 30.23
3.420000 48 192 170.17
3.420000 48 193 236.56
3.420000 48 194 184.32
3.420000 48 195 143.27
3.420000 48 196 149.89
3.420000 48 197 94.09
3.420000 48 198 -51.02
3.420000 48 199 -35.48
