2.157000 16 0 1300.02
2.157000 16 1 641.00
2.157000 16 2 326.50
2.157000 16 3 181.38
2.157000 16 4 90.83
2.157000 16 5 49.48
2.157000 16 6 44.92
2.157000 16 7 31.35
2.157000 16 8 32.43
2.157000 16 9 17.11
2.157000 16 10  0.07
2.157000 16 11 -0.33
2.157000 16 12 -8.83
2.157000 16 13 -21.81
2.157000 16 14 -28.48
2.157000 16 15 -11.64
2.157000 16 16 -30.64
2.157000 16 17 -2.88
2.157000 16 18 -11.96
2.157000 16 19 -17.50
2.157000 16 20 12.04
2.157000 16 21 20.66
2.157000 16 22 14.81
2.157000 16 23  7.72
2.157000 16 24  1.21
2.157000 16 25 -17.06
2.157000 16 26 -35.37
2.157000 16 27 -39.09
2.157000 16 28 -40.86
2.157000 16 29 -32.61
2.157000 16 30 -37.38
2.157000 16 31 -36.42
2.157000 16 32 -28.44
2.157000 16 33 -46.58
2.157000 16 34 -31.99
2.157000 16 35 -40.78
2.157000 16 36 -41.21
2.157000 16 37 -38.91
2.157000 16 38 -42.03
2.157000 16 39 -42.88
2.157000 16 40 -22.35
2.157000 16 41 -35.03
2.157000 16 42 -41.08
2.157000 16 43 -39.97
2.157000 16 44 -39.31
2.157000 16 45 -48.97
2.157000 16 46 -50.62
2.157000 16 47 -26.43
2.157000 16 48 -24.65
2.157000 16 49 -22.46
2.157000 16 50 -44.79
2.157000 16 51 -44.47
2.157000 16 52 -48.19
2.157000 16 53 -64.94
2.157000 16 54 -81.11
2.157000 16 55 -87.93
2.157000 16 56 -85.57
2.157000 16 57 -77.64
2.157000 16 58 -68.91
2.157000 16 59 -59.68
2.157000 16 60 -42.38
2.157000 16 61 -22.45
2.157000 16 62 -22.61
2.157000 16 63 -19.68
2.157000 16 64 -9.00
2.157000 16 65 -36.47
2.157000 16 66 -35.51
2.157000 16 67 -34.87
2.157000 16 68 -16.33
2.157000 16 69 -25.69
2.157000 16 70 -21.20
2.157000 16 71 -25.79
2.157000 16 72 -23.12
2.157000 16 73 -32.73
2.157000 16 74 -33.39
2.157000 16 75 -24.67
2.157000 16 76 -31.64
2.157000 16 77 -24.79
2.157000 16 78 -30.15
2.157000 16 79 -24.97
2.157000 16 80 -49.36
2.157000 16 81 -40.79
2.157000 16 82 -23.51
2.157000 16 83 -32.57
2.157000 16 84 -33.58
2.157000 16 85 -15.41
2.157000 16 86 -5.69
2.157000 16 87 13.96
2.157000 16 88 17.89
2.157000 16 89 -5.18
2.157000 16 90 -20.03
2.157000 16 91 -31.92
2.157000 16 92 -31.48
2.157000 16 93 -16.64
2.157000 16 94 -10.99
2.157000 16 95 -16.59
2.157000 16 96 -15.18
2.157000 16 97 -23.69
2.157000 16 98 -16.34
2.157000 16 99 -18.91
2.157000 16 100 -43.47
2.157000 16 101 -47.45
2.157000 16 102 -50.06
2.157000 16 103 -48.16
2.157000 16 104 -45.99
2.157000 16 105 -59.71
2.157000 16 106 -42.34
2.157000 16 107 -43.19
2.157000 16 108 -47.15
2.157000 16 109 -38.41
2.157000 16 110 -48.69
2.157000 16 111 -35.19
2.157000 16 112 -38.98
2.157000 16 113 -32.66
2.157000 16 114 -35.21
2.157000 16 115 -34.14
2.157000 16 116 -45.36
2.157000 16 117 -39.95
2.157000 16 118 -35.44
2.157000 16 119 -27.16
2.157000 16 120 -38.93
2.157000 16 121 -35.76
2.157000 16 122 -58.93
2.157000 16 123 -64.99
2.157000 16 124 -68.55
2.157000 16 125 -85.03
2.157000 16 126 -91.75
2.157000 16 127 -111.80
2.157000 16 128 -108.01
2.157000 16 129 -80.54
2.157000 16 130 -72.27
2.157000 16 131 -71.50
2.157000 16 132 -68.71
2.157000 16 133 -60.14
2.157000 16 134 -68.79
2.157000 16 135 -59.82
2.157000 16 136 -53.23
2.157000 16 137 -62.87
2.157000 16 138 -62.76
2.157000 16 139 -64.55
2.157000 16 140 -73.30
2.157000 16 141 -77.87
2.157000 16 142 -69.64
2.157000 16 143 -70.86
2.157000 16 144 -65.93
2.157000 16 145 -68.80
2.157000 16 146 -62.65
2.157000 16 147 -65.67
2.157000 16 148 -72.73
2.157000 16 149 -83.79
2.157000 16 150 -74.81
2.157000 16 151 -77.28
2.157000 16 152 -80.50
2.157000 16 153 -81.20
2.157000 16 154 -71.55
2.157000 16 155 -59.32
2.157000 16 156 -64.05
2.157000 16 157 -70.48
2.157000 16 158 -64.02
2.157000 16 159 -52.87
2.157000 16 160 -53.29
2.157000 16 161 -53.91
2.157000 16 162 -70.94
2.157000 16 163 -78.13
2.157000 16 164 -70.52
2.157000 16 165 -60.68
2.157000 16 166 -65.91
2.157000 16 167 -66.36
2.157000 16 168 -83.48
2.157000 16 169 -88.29
2.157000 16 170 -74.62
2.157000 16 171 -82.26
2.157000 16 172 -85.60
2.157000 16 173 -79.49
2.157000 16 174 -92.04
2.157000 16 175 -109.82
2.157000 16 176 -109.39
2.157000 16 177 -113.68
2.157000 16 178 -124.88
2.157000 16 179 -105.25
2.157000 16 180 -102.62
2.157000 16 181 -100.18
2.157000 16 182 -101.62
2.157000 16 183 -109.33
2.157000 16 184 -119.18
2.157000 16 185 -125.35
2.157000 16 186 -135.94
2.157000 16 187 -124.50
2.157000 16 188 -116.86
2.157000 16 189 -114.23
2.157000 16 190 -113.51
2.157000 16 191 -121.19
2.157000 16 192 -103.84
2.157000 16 193 -104.36
2.157000 16 194 -104.10
2.157000 16 195 -114.47
2.157000 16 196 -117.67
2.157000 16 197 -115.80
2.157000 16 198 -108.60
2.157000 16 199 -105.73
