3.540000 24 0 4438.46
3.540000 24 1 2671.01
3.540000 24 2 1679.05
3.540000 24 3 1141.13
3.540000 24 4 820.96
3.540000 24 5 502.53
3.540000 24 6 338.43
3.540000 24 7 233.77
3.540000 24 8 175.59
3.540000 24 9 102.30
3.540000 24 10 53.57
3.540000 24 11 51.64
3.540000 24 12 114.40
3.540000 24 13 100.34
3.540000 24 14 119.66
3.540000 24 15 122.56
3.540000 24 16 117.43
3.540000 24 17 90.53
3.540000 24 18 69.20
3.540000 24 19 17.46
3.540000 24 20 -21.01
3.540000 24 21 -69.59
3.540000 24 22 -49.78
3.540000 24 23 -31.32
3.540000 24 24 -34.95
3.540000 24 25 -35.48
3.540000 24 26 -12.54
3.540000 24 27  4.73
3.540000 24 28 -9.10
3.540000 24 29 16.49
3.540000 24 30 38.70
3.540000 24 31 88.03
3.540000 24 32 78.71
3.540000 24 33 55.84
3.540000 24 34 57.73
3.540000 24 35 131.86
3.540000 24 36 192.22
3.540000 24 37 171.89
3.540000 24 38 171.75
3.540000 24 39 218.46
3.540000 24 40 200.72
3.540000 24 41 109.83
3.540000 24 42 63.20
3.540000 24 43 25.81
3.540000 24 44 37.66
3.540000 24 45 41.78
3.540000 24 46 66.53
3.540000 24 47 112.46
3.540000 24 48 135.68
3.540000 24 49 141.41
3.540000 24 50 177.59
3.540000 24 51 181.75
3.540000 24 52 179.57
3.540000 24 53 193.89
3.540000 24 54 155.18
3.540000 24 55 194.73
3.540000 24 56 186.95
3.540000 24 57 124.32
3.540000 24 58 135.05
3.540000 24 59 155.04
3.540000 24 60 179.27
3.540000 24 61 154.53
3.540000 24 62 152.87
3.540000 24 63 214.76
3.540000 24 64 239.34
3.540000 24 65 216.33
3.540000 24 66 192.20
3.540000 24 67 201.18
3.540000 24 68 194.74
3.540000 24 69 207.76
3.540000 24 70 172.23
3.540000 24 71 190.68
3.540000 24 72 130.52
3.540000 24 73 117.66
3.540000 24 74 123.13
3.540000 24 75 140.67
3.540000 24 76 157.32
3.540000 24 77 107.50
3.540000 24 78 104.55
3.540000 24 79 92.15
3.540000 24 80 62.42
3.540000 24 81 95.72
3.540000 24 82 77.87
3.540000 24 83 106.89
3.540000 24 84 128.84
3.540000 24 85 146.26
3.540000 24 86 111.38
3.540000 24 87 160.09
3.540000 24 88 149.00
3.540000 24 89 104.91
3.540000 24 90 65.37
3.540000 24 91 97.32
3.540000 24 92 94.52
3.540000 24 93 132.97
3.540000 24 94 156.35
3.540000 24 95 146.45
3.540000 24 96 154.33
3.540000 24 97 164.38
3.540000 24 98 125.99
3.540000 24 99 162.81
3.540000 24 100 231.12
3.540000 24 101 198.76
3.540000 24 102 191.10
3.540000 24 103 216.30
3.540000 24 104 244.21
3.540000 24 105 276.24
3.540000 24 106 260.40
3.540000 24 107 265.27
3.540000 24 108 332.17
3.540000 24 109 322.77
3.540000 24 110 348.93
3.540000 24 111 354.24
3.540000 24 112 387.53
3.540000 24 113 391.57
3.540000 24 114 416.51
3.540000 24 115 408.40
3.540000 24 116 370.53
3.540000 24 117 293.18
3.540000 24 118 277.37
3.540000 24 119 226.27
3.540000 24 120 210.01
3.540000 24 121 233.75
3.540000 24 122 242.63
3.540000 24 123 253.17
3.540000 24 124 252.26
3.540000 24 125 224.53
3.540000 24 126 203.77
3.540000 24 127 167.38
3.540000 24 128 144.10
3.540000 24 129 125.21
3.540000 24 130 173.55
3.540000 24 131 221.80
3.540000 24 132 279.81
3.540000 24 133 305.79
3.540000 24 134 306.87
3.540000 24 135 247.24
3.540000 24 136 250.01
3.540000 24 137 279.74
3.540000 24 138 294.27
3.540000 24 139 297.64
3.540000 24 140 259.88
3.540000 24 141 247.85
3.540000 24 142 218.76
3.540000 24 143 193.11
3.540000 24 144 203.02
3.540000 24 145 172.02
3.540000 24 146 124.04
3.540000 24 147 157.13
3.540000 24 148 156.45
3.540000 24 149 147.85
3.540000 24 150 194.58
3.540000 24 151 234.94
3.540000 24 152 187.97
3.540000 24 153 200.05
3.540000 24 154 263.37
3.540000 24 155 279.33
3.540000 24 156 290.12
3.540000 24 157 266.01
3.540000 24 158 284.83
3.540000 24 159 295.46
3.540000 24 160 309.49
3.540000 24 161 298.86
3.540000 24 162 294.04
3.540000 24 163 270.15
3.540000 24 164 276.65
3.540000 24 165 292.32
3.540000 24 166 301.79
3.540000 24 167 331.17
3.540000 24 168 329.31
3.540000 24 169 334.82
3.540000 24 170 303.09
3.540000 24 171 279.58
3.540000 24 172 294.85
3.540000 24 173 307.22
3.540000 24 174 338.80
3.540000 24 175 339.03
3.540000 24 176 373.02
3.540000 24 177 395.54
3.540000 24 178 396.86
3.540000 24 179 395.20
3.540000 24 180 429.52
3.540000 24 181 382.78
3.540000 24 182 394.43
3.540000 24 183 365.80
3.540000 24 184 349.01
3.540000 24 185 331.91
3.540000 24 186 328.68
3.540000 24 187 347.35
3.540000 24 188 305.89
3.540000 24 189 233.00
3.540000 24 190 256.16
3.540000 24 191 282.71
3.540000 24 192 326.18
3.540000 24 193 359.76
3.540000 24 194 417.27
3.540000 24 195 430.34
3.540000 24 196 450.51
3.540000 24 197 493.07
3.540000 24 198 486.42
3.540000 24 199 445.20
