2.266000 64 0 46791.00
2.266000 64 1 38243.54
2.266000 64 2 31924.23
2.266000 64 3 26978.21
2.266000 64 4 22722.24
2.266000 64 5 19207.70
2.266000 64 6 16347.94
2.266000 64 7 13736.26
2.266000 64 8 11438.20
2.266000 64 9 9351.46
2.266000 64 10 7740.81
2.266000 64 11 6203.00
2.266000 64 12 5059.34
2.266000 64 13 4283.96
2.266000 64 14 3648.15
2.266000 64 15 3048.28
2.266000 64 16 2754.56
2.266000 64 17 2279.27
2.266000 64 18 1953.74
2.266000 64 19 1335.88
2.266000 64 20 1177.25
2.266000 64 21 1141.04
2.266000 64 22 575.68
2.266000 64 23 101.74
2.266000 64 24 39.64
2.266000 64 25 -367.43
2.266000 64 26 -794.91
2.266000 64 27 -988.82
2.266000 64 28 -1477.98
2.266000 64 29 -1692.33
2.266000 64 30 -1756.79
2.266000 64 31 -1955.99
2.266000 64 32 -2139.62
2.266000 64 33 -2225.70
2.266000 64 34 -2060.15
2.266000 64 35 -1897.86
2.266000 64 36 -1685.33
2.266000 64 37 -1796.97
2.266000 64 38 -1625.65
2.266000 64 39 -1682.03
2.266000 64 40 -1569.83
2.266000 64 41 -1700.20
2.266000 64 42 -1790.92
2.266000 64 43 -1715.14
2.266000 64 44 -1696.55
2.266000 64 45 -1479.62
2.266000 64 46 -1656.63
2.266000 64 47 -1651.22
2.266000 64 48 -1942.87
2.266000 64 49 -1644.35
2.266000 64 50 -1478.93
2.266000 64 51 -1338.26
2.266000 64 52 -1308.24
2.266000 64 53 -1365.35
2.266000 64 54 -1324.72
2.266000 64 55 -1548.62
2.266000 64 56 -1746.06
2.266000 64 57 -1816.13
2.266000 64 58 -1684.26
2.266000 64 59 -1460.47
2.266000 64 60 -1314.42
2.266000 64 61 -1556.34
2.266000 64 62 -1740.09
2.266000 64 63 -1554.55
2.266000 64 64 -931.91
2.266000 64 65 -284.97
2.266000 64 66 61.92
2.266000 64 67 378.62
2.266000 64 68 628.28
2.266000 64 69 655.50
2.266000 64 70 942.44
2.266000 64 71 1046.07
2.266000 64 72 1274.59
2.266000 64 73 914.22
2.266000 64 74 766.60
2.266000 64 75 813.19
2.266000 64 76 706.25
2.266000 64 77 307.25
2.266000 64 78 199.93
2.266000 64 79 47.60
2.266000 64 80 -549.29
2.266000 64 81 -840.64
2.266000 64 82 -973.79
2.266000 64 83 -939.77
2.266000 64 84 -921.73
2.266000 64 85 -1037.41
2.266000 64 86 -966.40
2.266000 64 87 -817.42
2.266000 64 88 -667.73
2.266000 64 89 -415.72
2.266000 64 90 -239.60
2.266000 64 91 -224.59
2.266000 64 92 -83.67
2.266000 64 93 17.09
2.266000 64 94 31.66
2.266000 64 95 -155.61
2.266000 64 96 -207.40
2.266000 64 97 -478.16
2.266000 64 98 -630.18
2.266000 64 99 -836.42
2.266000 64 100 -1041.01
2.266000 64 101 -1379.25
2.266000 64 102 -1114.04
2.266000 64 103 -1281.60
2.266000 64 104 -1103.68
2.266000 64 105 -983.91
2.266000 64 106 -992.41
2.266000 64 107 -946.23
2.266000 64 108 -1159.82
2.266000 64 109 -1205.17
2.266000 64 110 -1209.26
2.266000 64 111 -1788.58
2.266000 64 112 -2038.98
2.266000 64 113 -2180.32
2.266000 64 114 -2337.66
2.266000 64 115 -2199.52
2.266000 64 116 -2193.18
2.266000 64 117 -2205.20
2.266000 64 118 -2297.24
2.266000 64 119 -2344.17
2.266000 64 120 -2346.94
2.266000 64 121 -2265.74
2.266000 64 122 -2399.43
2.266000 64 123 -2695.16
2.266000 64 124 -2745.19
2.266000 64 125 -2625.29
2.266000 64 126 -2622.26
2.266000 64 127 -2701.78
2.266000 64 128 -2977.70
2.266000 64 129 -3292.09
2.266000 64 130 -3175.99
2.266000 64 131 -3097.59
2.266000 64 132 -2870.90
2.266000 64 133 -2543.48
2.266000 64 134 -2164.03
2.266000 64 135 -1873.98
2.266000 64 136 -1574.14
2.266000 64 137 -1229.87
2.266000 64 138 -940.17
2.266000 64 139 -448.39
2.266000 64 140 -91.63
2.266000 64 141 394.99
2.266000 64 142 913.25
2.266000 64 143 1290.35
2.266000 64 144 1519.92
2.266000 64 145 1793.47
2.266000 64 146 1754.29
2.266000 64 147 1964.14
2.266000 64 148 2296.83
2.266000 64 149 2421.17
2.266000 64 150 2843.56
2.266000 64 151 3063.65
2.266000 64 152 2967.36
2.266000 64 153 2865.15
2.266000 64 154 3211.09
2.266000 64 155 3223.08
2.266000 64 156 3295.06
2.266000 64 157 3436.35
2.266000 64 158 3644.87
2.266000 64 159 3473.19
2.266000 64 160 3481.72
2.266000 64 161 3512.99
2.266000 64 162 3507.95
2.266000 64 163 3241.02
2.266000 64 164 3150.05
2.266000 64 165 3138.50
2.266000 64 166 3071.18
2.266000 64 167 2928.28
2.266000 64 168 2585.56
2.266000 64 169 2038.88
2.266000 64 170 1450.40
2.266000 64 171 968.80
2.266000 64 172 785.48
2.266000 64 173 434.40
2.266000 64 174 102.60
2.266000 64 175 -18.35
2.266000 64 176 -78.98
2.266000 64 177 -66.90
2.266000 64 178 39.85
2.266000 64 179 20.85
2.266000 64 180 -458.65
2.266000 64 181 -605.85
2.266000 64 182 -390.81
2.266000 64 183 -142.49
2.266000 64 184 222.12
2.266000 64 185 434.80
2.266000 64 186 626.07
2.266000 64 187 712.34
2.266000 64 188 1238.07
2.266000 64 189 1670.78
2.266000 64 190 1877.88
2.266000 64 191 1973.16
2.266000 64 192 1934.85
2.266000 64 193 1636.98
2.266000 64 194 1667.06
2.266000 64 195 1446.33
2.266000 64 196 1243.53
2.266000 64 197 1393.29
2.266000 64 198 1552.69
2.266000 64 199 1546.83
