3.700000 64 0 114852.05
3.700000 64 1 101930.35
3.700000 64 2 91033.39
3.700000 64 3 81744.73
3.700000 64 4 73759.95
3.700000 64 5 66806.54
3.700000 64 6 60782.88
3.700000 64 7 55421.13
3.700000 64 8 50630.85
3.700000 64 9 46332.38
3.700000 64 10 42393.23
3.700000 64 11 38691.17
3.700000 64 12 35206.31
3.700000 64 13 32138.33
3.700000 64 14 29432.60
3.700000 64 15 26852.88
3.700000 64 16 24649.17
3.700000 64 17 22600.42
3.700000 64 18 20693.78
3.700000 64 19 19039.15
3.700000 64 20 17674.55
3.700000 64 21 16389.44
3.700000 64 22 15272.04
3.700000 64 23 14273.10
3.700000 64 24 13378.81
3.700000 64 25 12548.88
3.700000 64 26 11835.79
3.700000 64 27 11093.08
3.700000 64 28 10359.49
3.700000 64 29 9817.01
3.700000 64 30 9311.94
3.700000 64 31 8847.63
3.700000 64 32 8381.37
3.700000 64 33 7945.60
3.700000 64 34 7366.38
3.700000 64 35 6824.31
3.700000 64 36 6316.16
3.700000 64 37 5791.10
3.700000 64 38 5269.90
3.700000 64 39 4794.66
3.700000 64 40 4443.09
3.700000 64 41 4246.53
3.700000 64 42 3987.88
3.700000 64 43 3562.24
3.700000 64 44 3161.57
3.700000 64 45 2716.70
3.700000 64 46 2260.16
3.700000 64 47 1691.80
3.700000 64 48 1288.04
3.700000 64 49 990.62
3.700000 64 50 751.06
3.700000 64 51 438.62
3.700000 64 52 77.88
3.700000 64 53 -83.33
3.700000 64 54 -330.37
3.700000 64 55 -488.38
3.700000 64 56 -533.27
3.700000 64 57 -462.74
3.700000 64 58 -502.05
3.700000 64 59 -488.24
3.700000 64 60 -329.00
3.700000 64 61 -235.75
3.700000 64 62 -95.53
3.700000 64 63 -31.93
3.700000 64 64 -109.24
3.700000 64 65 -173.22
3.700000 64 66 -200.56
3.700000 64 67 -266.19
3.700000 64 68 -294.62
3.700000 64 69 -244.53
3.700000 64 70 -249.50
3.700000 64 71 -118.33
3.700000 64 72 -52.83
3.700000 64 73 43.74
3.700000 64 74 56.04
3.700000 64 75 63.96
3.700000 64 76 -66.92
3.700000 64 77 -269.29
3.700000 64 78 -507.36
3.700000 64 79 -679.43
3.700000 64 80 -898.27
3.700000 64 81 -1130.78
3.700000 64 82 -1239.54
3.700000 64 83 -1267.58
3.700000 64 84 -1215.70
3.700000 64 85 -1249.03
3.700000 64 86 -1169.43
3.700000 64 87 -1034.99
3.700000 64 88 -887.06
3.700000 64 89 -866.13
3.700000 64 90 -878.50
3.700000 64 91 -962.78
3.700000 64 92 -1001.34
3.700000 64 93 -785.59
3.700000 64 94 -662.97
3.700000 64 95 -624.13
3.700000 64 96 -574.43
3.700000 64 97 -563.74
3.700000 64 98 -460.67
3.700000 64 99 -576.07
3.700000 64 100 -741.54
3.700000 64 101 -1047.57
3.700000 64 102 -1362.98
3.700000 64 103 -1693.73
3.700000 64 104 -1901.55
3.700000 64 105 -2075.34
3.700000 64 106 -2241.18
3.700000 64 107 -2388.74
3.700000 64 108 -2552.35
3.700000 64 109 -2577.34
3.700000 64 110 -2486.06
3.700000 64 111 -2432.08
3.700000 64 112 -2461.36
3.700000 64 113 -2467.35
3.700000 64 114 -2578.27
3.700000 64 115 -2657.35
3.700000 64 116 -2751.52
3.700000 64 117 -2865.03
3.700000 64 118 -2909.87
3.700000 64 119 -2808.55
3.700000 64 120 -2770.65
3.700000 64 121 -2643.45
3.700000 64 122 -2670.23
3.700000 64 123 -2562.11
3.700000 64 124 -2424.72
3.700000 64 125 -2366.75
3.700000 64 126 -2278.74
3.700000 64 127 -2395.96
3.700000 64 128 -2459.12
3.700000 64 129 -2442.02
3.700000 64 130 -2418.75
3.700000 64 131 -2350.09
3.700000 64 132 -2245.86
3.700000 64 133 -2191.86
3.700000 64 134 -2056.58
3.700000 64 135 -1823.84
3.700000 64 136 -1726.55
3.700000 64 137 -1674.88
3.700000 64 138 -1621.53
3.700000 64 139 -1611.93
3.700000 64 140 -1511.08
3.700000 64 141 -1592.76
3.700000 64 142 -1678.81
3.700000 64 143 -1706.44
3.700000 64 144 -1635.67
3.700000 64 145 -1589.97
3.700000 64 146 -1587.76
3.700000 64 147 -1751.97
3.700000 64 148 -1746.86
3.700000 64 149 -1814.42
3.700000 64 150 -1783.31
3.700000 64 151 -1636.96
3.700000 64 152 -1477.66
3.700000 64 153 -1373.23
3.700000 64 154 -1207.11
3.700000 64 155 -1094.76
3.700000 64 156 -843.63
3.700000 64 157 -650.31
3.700000 64 158 -433.77
3.700000 64 159 -241.36
3.700000 64 160 -170.41
3.700000 64 161 -57.41
3.700000 64 162 -19.10
3.700000 64 163 -67.97
3.700000 64 164 -136.42
3.700000 64 165 -347.90
3.700000 64 166 -484.01
3.700000 64 167 -655.60
3.700000 64 168 -770.04
3.700000 64 169 -919.17
3.700000 64 170 -1037.87
3.700000 64 171 -997.93
3.700000 64 172 -994.49
3.700000 64 173 -941.17
3.700000 64 174 -1062.23
3.700000 64 175 -1153.70
3.700000 64 176 -1177.22
3.700000 64 177 -1109.52
3.700000 64 178 -1057.01
3.700000 64 179 -1191.27
3.700000 64 180 -1284.79
3.700000 64 181 -1171.70
3.700000 64 182 -1001.62
3.700000 64 183 -872.79
3.700000 64 184 -758.36
3.700000 64 185 -819.18
3.700000 64 186 -833.58
3.700000 64 187 -882.75
3.700000 64 188 -898.50
3.700000 64 189 -832.53
3.700000 64 190 -780.29
3.700000 64 191 -595.77
3.700000 64 192 -330.34
3.700000 64 193 -144.88
3.700000 64 194 50.48
3.700000 64 195 219.93
3.700000 64 196 301.35
3.700000 64 197 330.37
3.700000 64 198 293.55
3.700000 64 199 248.82
