3.750000 32 0 25345.08
3.750000 32 1 21076.30
3.750000 32 2 17732.27
3.750000 32 3 15039.00
3.750000 32 4 12863.89
3.750000 32 5 11050.75
3.750000 32 6 9563.41
3.750000 32 7 8297.66
3.750000 32 8 7169.24
3.750000 32 9 6170.04
3.750000 32 10 5356.83
3.750000 32 11 4655.88
3.750000 32 12 4065.43
3.750000 32 13 3556.96
3.750000 32 14 3090.24
3.750000 32 15 2676.99
3.750000 32 16 2302.34
3.750000 32 17 1967.35
3.750000 32 18 1662.00
3.750000 32 19 1407.75
3.750000 32 20 1164.25
3.750000 32 21 1003.09
3.750000 32 22 853.75
3.750000 32 23 712.33
3.750000 32 24 621.68
3.750000 32 25 522.10
3.750000 32 26 504.78
3.750000 32 27 497.74
3.750000 32 28 477.29
3.750000 32 29 513.36
3.750000 32 30 532.71
3.750000 32 31 543.50
3.750000 32 32 526.43
3.750000 32 33 497.21
3.750000 32 34 500.59
3.750000 32 35 463.04
3.750000 32 36 440.35
3.750000 32 37 428.80
3.750000 32 38 416.05
3.750000 32 39 409.01
3.750000 32 40 401.27
3.750000 32 41 385.14
3.750000 32 42 367.55
3.750000 32 43 344.71
3.750000 32 44 310.48
3.750000 32 45 277.88
3.750000 32 46 282.90
3.750000 32 47 253.94
3.750000 32 48 224.31
3.750000 32 49 193.82
3.750000 32 50 205.93
3.750000 32 51 228.19
3.750000 32 52 270.48
3.750000 32 53 274.75
3.750000 32 54 259.27
3.750000 32 55 245.53
3.750000 32 56 242.11
3.750000 32 57 264.55
3.750000 32 58 302.19
3.750000 32 59 342.55
3.750000 32 60 339.66
3.750000 32 61 338.39
3.750000 32 62 343.23
3.750000 32 63 290.00
3.750000 32 64 269.94
3.750000 32 65 248.93
3.750000 32 66 212.67
3.750000 32 67 144.93
3.750000 32 68 60.31
3.750000 32 69 18.29
3.750000 32 70  1.37
3.750000 32 71  1.38
3.750000 32 72 13.31
3.750000 32 73 -22.14
3.750000 32 74 -28.04
3.750000 32 75 -38.35
3.750000 32 76 -62.13
3.750000 32 77 -70.81
3.750000 32 78 -79.24
3.750000 32 79 -88.90
3.750000 32 80 -87.13
3.750000 32 81 -112.36
3.750000 32 82 -137.51
3.750000 32 83 -122.11
3.750000 32 84 -85.94
3.750000 32 85 -17.27
3.750000 32 86 11.78
3.750000 32 87 60.36
3.750000 32 88 100.67
3.750000 32 89 143.08
3.750000 32 90 121.05
3.750000 32 91 130.23
3.750000 32 92 150.44
3.750000 32 93 122.62
3.750000 32 94 109.92
3.750000 32 95 73.18
3.750000 32 96 39.95
3.750000 32 97 13.86
3.750000 32 98 -18.48
3.750000 32 99 -35.69
3.750000 32 100 -52.32
3.750000 32 101 -70.18
3.750000 32 102 -73.53
3.750000 32 103 -63.45
3.750000 32 104 -21.23
3.750000 32 105 20.99
3.750000 32 106 39.02
3.750000 32 107 -15.40
3.750000 32 108 -63.39
3.750000 32 109 -78.25
3.750000 32 110 -53.46
3.750000 32 111 -22.68
3.750000 32 112  3.82
3.750000 32 113 29.55
3.750000 32 114 51.91
3.750000 32 115 26.23
3.750000 32 116 48.93
3.750000 32 117 83.53
3.750000 32 118 133.53
3.750000 32 119 178.32
3.750000 32 120 201.44
3.750000 32 121 206.11
3.750000 32 122 192.09
3.750000 32 123 195.73
3.750000 32 124 183.54
3.750000 32 125 170.74
3.750000 32 126 201.05
3.750000 32 127 217.85
3.750000 32 128 242.84
3.750000 32 129 267.31
3.750000 32 130 291.38
3.750000 32 131 320.31
3.750000 32 132 338.25
3.750000 32 133 339.55
3.750000 32 134 336.83
3.750000 32 135 271.43
3.750000 32 136 254.97
3.750000 32 137 228.52
3.750000 32 138 200.60
3.750000 32 139 170.92
3.750000 32 140 151.66
3.750000 32 141 151.29
3.750000 32 142 170.00
3.750000 32 143 209.53
3.750000 32 144 177.93
3.750000 32 145 153.96
3.750000 32 146 183.30
3.750000 32 147 165.89
3.750000 32 148 192.92
3.750000 32 149 224.51
3.750000 32 150 268.26
3.750000 32 151 324.82
3.750000 32 152 353.77
3.750000 32 153 353.08
3.750000 32 154 352.90
3.750000 32 155 315.45
3.750000 32 156 312.80
3.750000 32 157 308.63
3.750000 32 158 329.36
3.750000 32 159 325.92
3.750000 32 160 326.71
3.750000 32 161 291.54
3.750000 32 162 263.85
3.750000 32 163 249.72
3.750000 32 164 238.90
3.750000 32 165 202.55
3.750000 32 166 180.90
3.750000 32 167 209.65
3.750000 32 168 206.18
3.750000 32 169 198.00
3.750000 32 170 167.52
3.750000 32 171 163.73
3.750000 32 172 179.10
3.750000 32 173 154.63
3.750000 32 174 130.19
3.750000 32 175 75.21
3.750000 32 176 42.42
3.750000 32 177 22.65
3.750000 32 178  1.97
3.750000 32 179 -26.12
3.750000 32 180 -60.52
3.750000 32 181 -75.08
3.750000 32 182 -69.85
3.750000 32 183 -60.74
3.750000 32 184 -50.17
3.750000 32 185 -27.90
3.750000 32 186 -7.31
3.750000 32 187 -27.08
3.750000 32 188 -6.83
3.750000 32 189  6.58
3.750000 32 190 55.25
3.750000 32 191 61.27
3.750000 32 192 37.71
3.750000 32 193 45.39
3.750000 32 194 67.88
3.750000 32 195 126.19
3.750000 32 196 142.89
3.750000 32 197 151.90
3.750000 32 198 145.01
3.750000 32 199 124.35
