3.560000 32 0 20275.48
3.560000 32 1 13275.18
3.560000 32 2 8979.81
3.560000 32 3 6234.68
3.560000 32 4 4395.39
3.560000 32 5 3110.03
3.560000 32 6 2186.58
3.560000 32 7 1574.10
3.560000 32 8 1121.41
3.560000 32 9 860.66
3.560000 32 10 656.59
3.560000 32 11 482.57
3.560000 32 12 339.74
3.560000 32 13 272.10
3.560000 32 14 223.98
3.560000 32 15 203.47
3.560000 32 16 139.65
3.560000 32 17 50.56
3.560000 32 18 -30.85
3.560000 32 19 -144.28
3.560000 32 20 -159.03
3.560000 32 21 -128.60
3.560000 32 22 -77.91
3.560000 32 23 -44.36
3.560000 32 24 29.53
3.560000 32 25 106.40
3.560000 32 26 124.24
3.560000 32 27 114.02
3.560000 32 28 78.31
3.560000 32 29 29.76
3.560000 32 30 -15.00
3.560000 32 31 -10.99
3.560000 32 32 21.80
3.560000 32 33 56.88
3.560000 32 34 116.78
3.560000 32 35 77.34
3.560000 32 36 -2.47
3.560000 32 37 -25.48
3.560000 32 38 -25.04
3.560000 32 39 40.24
3.560000 32 40 97.07
3.560000 32 41 143.57
3.560000 32 42 109.83
3.560000 32 43 107.16
3.560000 32 44 82.29
3.560000 32 45 45.72
3.560000 32 46 31.14
3.560000 32 47 71.11
3.560000 32 48 108.67
3.560000 32 49 131.52
3.560000 32 50 128.26
3.560000 32 51 130.90
3.560000 32 52 124.62
3.560000 32 53 92.55
3.560000 32 54 39.42
3.560000 32 55 -44.10
3.560000 32 56 -128.99
3.560000 32 57 -172.12
3.560000 32 58 -158.94
3.560000 32 59 -90.88
3.560000 32 60 -91.79
3.560000 32 61 -39.94
3.560000 32 62 -82.79
3.560000 32 63 -60.32
3.560000 32 64 -24.02
3.560000 32 65 -10.82
3.560000 32 66 -21.46
3.560000 32 67  6.75
3.560000 32 68 30.07
3.560000 32 69 86.21
3.560000 32 70 69.76
3.560000 32 71 23.84
3.560000 32 72 18.59
3.560000 32 73 32.17
3.560000 32 74 12.11
3.560000 32 75 -7.28
3.560000 32 76 -23.07
3.560000 32 77 -88.88
3.560000 32 78 -71.24
3.560000 32 79 -7.84
3.560000 32 80 -35.15
3.560000 32 81 -63.51
3.560000 32 82 -137.10
3.560000 32 83 -148.42
3.560000 32 84 -96.40
3.560000 32 85 -61.45
3.560000 32 86 47.25
3.560000 32 87 106.64
3.560000 32 88 108.50
3.560000 32 89 136.47
3.560000 32 90 120.54
3.560000 32 91 68.76
3.560000 32 92 -23.60
3.560000 32 93 -44.22
3.560000 32 94 -20.53
3.560000 32 95 -77.59
3.560000 32 96 -159.82
3.560000 32 97 -175.82
3.560000 32 98 -155.82
3.560000 32 99 -63.04
3.560000 32 100 -12.55
3.560000 32 101 -77.60
3.560000 32 102 -55.98
3.560000 32 103 -90.63
3.560000 32 104 -61.35
3.560000 32 105 -126.17
3.560000 32 106 -144.49
3.560000 32 107 -216.74
3.560000 32 108 -172.29
3.560000 32 109 -172.28
3.560000 32 110 -192.25
3.560000 32 111 -206.72
3.560000 32 112 -110.72
3.560000 32 113 -40.98
3.560000 32 114 -0.86
3.560000 32 115 -6.01
3.560000 32 116  9.93
3.560000 32 117 53.42
3.560000 32 118 125.14
3.560000 32 119 107.07
3.560000 32 120 131.06
3.560000 32 121 137.97
3.560000 32 122 166.06
3.560000 32 123 194.34
3.560000 32 124 178.41
3.560000 32 125 196.38
3.560000 32 126 198.86
3.560000 32 127 117.23
3.560000 32 128 116.22
3.560000 32 129 104.62
3.560000 32 130 151.74
3.560000 32 131 183.22
3.560000 32 132 182.14
3.560000 32 133 196.62
3.560000 32 134 201.18
3.560000 32 135 207.35
3.560000 32 136 251.03
3.560000 32 137 251.86
3.560000 32 138 226.45
3.560000 32 139 214.63
3.560000 32 140 249.29
3.560000 32 141 212.79
3.560000 32 142 215.14
3.560000 32 143 187.83
3.560000 32 144 202.01
3.560000 32 145 226.42
3.560000 32 146 197.94
3.560000 32 147 245.26
3.560000 32 148 286.69
3.560000 32 149 213.79
3.560000 32 150 126.15
3.560000 32 151 98.33
3.560000 32 152 16.30
3.560000 32 153 -14.74
3.560000 32 154 -13.29
3.560000 32 155  6.49
3.560000 32 156  0.65
3.560000 32 157 54.85
3.560000 32 158 110.27
3.560000 32 159 53.10
3.560000 32 160 37.22
3.560000 32 161 41.42
3.560000 32 162 48.42
3.560000 32 163 105.84
3.560000 32 164 177.70
3.560000 32 165 253.46
3.560000 32 166 279.77
3.560000 32 167 307.06
3.560000 32 168 211.55
3.560000 32 169 162.49
3.560000 32 170 124.18
3.560000 32 171 165.03
3.560000 32 172 208.60
3.560000 32 173 195.33
3.560000 32 174 157.99
3.560000 32 175 160.40
3.560000 32 176 169.07
3.560000 32 177 153.00
3.560000 32 178 129.34
3.560000 32 179 133.88
3.560000 32 180 194.94
3.560000 32 181 161.84
3.560000 32 182 146.72
3.560000 32 183 40.61
3.560000 32 184 42.70
3.560000 32 185 85.18
3.560000 32 186 53.39
3.560000 32 187 -16.70
3.560000 32 188  5.31
3.560000 32 189 25.27
3.560000 32 190 74.95
3.560000 32 191 91.23
3.560000 32 192 66.03
3.560000 32 193 63.38
3.560000 32 194 53.29
3.560000 32 195 70.61
3.560000 32 196 61.23
3.560000 32 197 87.38
3.560000 32 198 111.45
3.560000 32 199 95.68
