2.280000 256 0 875291.38
2.280000 256 1 827508.36
2.280000 256 2 784723.48
2.280000 256 3 745368.17
2.280000 256 4 708948.03
2.280000 256 5 676141.33
2.280000 256 6 645732.01
2.280000 256 7 618116.70
2.280000 256 8 592066.71
2.280000 256 9 568089.94
2.280000 256 10 545451.18
2.280000 256 11 522294.36
2.280000 256 12 500383.40
2.280000 256 13 480915.16
2.280000 256 14 460898.92
2.280000 256 15 442202.75
2.280000 256 16 424987.84
2.280000 256 17 408497.25
2.280000 256 18 391480.49
2.280000 256 19 375742.96
2.280000 256 20 362610.40
2.280000 256 21 349739.22
2.280000 256 22 336314.64
2.280000 256 23 322599.79
2.280000 256 24 309937.08
2.280000 256 25 298300.97
2.280000 256 26 288041.74
2.280000 256 27 277892.67
2.280000 256 28 268423.24
2.280000 256 29 259759.06
2.280000 256 30 252171.47
2.280000 256 31 244303.92
2.280000 256 32 237906.42
2.280000 256 33 233237.40
2.280000 256 34 228346.35
2.280000 256 35 223437.44
2.280000 256 36 219016.14
2.280000 256 37 214609.63
2.280000 256 38 208733.82
2.280000 256 39 202649.13
2.280000 256 40 197528.51
2.280000 256 41 192770.40
2.280000 256 42 188070.79
2.280000 256 43 183529.30
2.280000 256 44 180305.07
2.280000 256 45 176154.20
2.280000 256 46 173763.26
2.280000 256 47 170570.24
2.280000 256 48 168631.12
2.280000 256 49 166126.22
2.280000 256 50 163521.70
2.280000 256 51 161053.34
2.280000 256 52 158580.97
2.280000 256 53 156231.79
2.280000 256 54 154217.12
2.280000 256 55 152856.30
2.280000 256 56 151559.57
2.280000 256 57 150332.93
2.280000 256 58 149885.40
2.280000 256 59 149097.14
2.280000 256 60 147507.30
2.280000 256 61 146896.50
2.280000 256 62 146367.73
2.280000 256 63 145274.52
2.280000 256 64 143299.81
2.280000 256 65 141062.40
2.280000 256 66 138647.51
2.280000 256 67 135343.81
2.280000 256 68 132792.03
2.280000 256 69 130480.06
2.280000 256 70 128710.34
2.280000 256 71 127132.03
2.280000 256 72 125081.17
2.280000 256 73 121066.23
2.280000 256 74 119063.85
2.280000 256 75 116823.83
2.280000 256 76 114335.93
2.280000 256 77 112096.53
2.280000 256 78 109768.32
2.280000 256 79 106670.76
2.280000 256 80 103934.79
2.280000 256 81 100427.30
2.280000 256 82 97646.75
2.280000 256 83 94742.24
2.280000 256 84 92762.14
2.280000 256 85 92285.37
2.280000 256 86 91559.88
2.280000 256 87 90369.31
2.280000 256 88 89184.04
2.280000 256 89 88193.31
2.280000 256 90 86451.11
2.280000 256 91 84548.42
2.280000 256 92 83309.08
2.280000 256 93 81574.56
2.280000 256 94 79723.27
2.280000 256 95 77457.02
2.280000 256 96 75451.26
2.280000 256 97 73456.56
2.280000 256 98 71757.96
2.280000 256 99 70198.11
2.280000 256 100 68864.07
2.280000 256 101 67507.74
2.280000 256 102 65806.36
2.280000 256 103 63447.47
2.280000 256 104 61669.06
2.280000 256 105 60001.19
2.280000 256 106 57711.95
2.280000 256 107 56294.32
2.280000 256 108 54024.83
2.280000 256 109 51489.44
2.280000 256 110 48929.81
2.280000 256 111 45587.07
2.280000 256 112 41951.80
2.280000 256 113 38013.89
2.280000 256 114 34647.06
2.280000 256 115 30988.77
2.280000 256 116 27495.34
2.280000 256 117 23645.85
2.280000 256 118 19454.58
2.280000 256 119 13853.72
2.280000 256 120 8888.74
2.280000 256 121 3866.34
2.280000 256 122 -1357.18
2.280000 256 123 -7967.77
2.280000 256 124 -15051.43
2.280000 256 125 -24683.21
2.280000 256 126 -33572.06
2.280000 256 127 -41833.81
2.280000 256 128 -49447.59
2.280000 256 129 -55895.89
2.280000 256 130 -61272.76
2.280000 256 131 -66430.96
2.280000 256 132 -71709.81
2.280000 256 133 -77822.06
2.280000 256 134 -83061.86
2.280000 256 135 -88034.34
2.280000 256 136 -94383.96
2.280000 256 137 -101674.53
2.280000 256 138 -109123.90
2.280000 256 139 -115910.21
2.280000 256 140 -124440.17
2.280000 256 141 -133580.23
2.280000 256 142 -140256.25
2.280000 256 143 -146354.10
2.280000 256 144 -151824.24
2.280000 256 145 -157140.10
2.280000 256 146 -161382.80
2.280000 256 147 -164074.58
2.280000 256 148 -167144.46
2.280000 256 149 -171432.76
2.280000 256 150 -173538.97
2.280000 256 151 -175914.10
2.280000 256 152 -178572.08
2.280000 256 153 -181783.56
2.280000 256 154 -184342.63
2.280000 256 155 -186205.54
2.280000 256 156 -185032.21
2.280000 256 157 -182959.26
2.280000 256 158 -180548.44
2.280000 256 159 -177678.34
2.280000 256 160 -175038.21
2.280000 256 161 -172438.61
2.280000 256 162 -170117.91
2.280000 256 163 -167393.14
2.280000 256 164 -165069.12
2.280000 256 165 -162365.45
2.280000 256 166 -158731.77
2.280000 256 167 -153406.92
2.280000 256 168 -148464.10
2.280000 256 169 -142998.69
2.280000 256 170 -138696.49
2.280000 256 171 -134983.41
2.280000 256 172 -131576.61
2.280000 256 173 -125468.56
2.280000 256 174 -120326.16
2.280000 256 175 -116029.90
2.280000 256 176 -110997.59
2.280000 256 177 -106075.05
2.280000 256 178 -100940.99
2.280000 256 179 -96185.51
2.280000 256 180 -91903.76
2.280000 256 181 -87696.71
2.280000 256 182 -83790.76
2.280000 256 183 -80145.76
2.280000 256 184 -76917.69
2.280000 256 185 -73889.21
2.280000 256 186 -71199.83
2.280000 256 187 -69915.23
2.280000 256 188 -68654.40
2.280000 256 189 -66578.89
2.280000 256 190 -65207.79
2.280000 256 191 -63674.40
2.280000 256 192 -62432.84
2.280000 256 193 -61627.49
2.280000 256 194 -61310.60
2.280000 256 195 -60435.15
2.280000 256 196 -59098.52
2.280000 256 197 -57779.86
2.280000 256 198 -56830.29
2.280000 256 199 -56990.91
