3.620000 24 0 12629.97
3.620000 24 1 8793.92
3.620000 24 2 6300.64
3.620000 24 3 4600.67
3.620000 24 4 3402.82
3.620000 24 5 2504.24
3.620000 24 6 1823.38
3.620000 24 7 1317.94
3.620000 24 8 976.12
3.620000 24 9 731.72
3.620000 24 10 595.45
3.620000 24 11 466.66
3.620000 24 12 305.57
3.620000 24 13 204.41
3.620000 24 14 182.28
3.620000 24 15 141.18
3.620000 24 16 127.55
3.620000 24 17 97.04
3.620000 24 18 89.66
3.620000 24 19 63.66
3.620000 24 20 52.14
3.620000 24 21 15.89
3.620000 24 22 -34.57
3.620000 24 23 -117.79
3.620000 24 24 -168.87
3.620000 24 25 -197.53
3.620000 24 26 -209.88
3.620000 24 27 -191.41
3.620000 24 28 -129.85
3.620000 24 29 -108.06
3.620000 24 30 -136.55
3.620000 24 31 -127.90
3.620000 24 32 -122.91
3.620000 24 33 -116.96
3.620000 24 34 -112.55
3.620000 24 35 -77.22
3.620000 24 36 -80.56
3.620000 24 37 -91.17
3.620000 24 38 -90.39
3.620000 24 39 -81.22
3.620000 24 40 -24.56
3.620000 24 41  2.69
3.620000 24 42 10.76
3.620000 24 43 -10.91
3.620000 24 44 -14.86
3.620000 24 45 -9.65
3.620000 24 46  1.38
3.620000 24 47 48.21
3.620000 24 48 61.14
3.620000 24 49 33.73
3.620000 24 50 19.87
3.620000 24 51 14.92
3.620000 24 52 20.72
3.620000 24 53 15.76
3.620000 24 54 47.78
3.620000 24 55 79.80
3.620000 24 56 78.44
3.620000 24 57 41.87
3.620000 24 58 24.41
3.620000 24 59 14.92
3.620000 24 60 -8.68
3.620000 24 61 -4.55
3.620000 24 62 -10.41
3.620000 24 63 -9.03
3.620000 24 64 18.30
3.620000 24 65 46.73
3.620000 24 66 60.77
3.620000 24 67 83.03
3.620000 24 68 81.09
3.620000 24 69 58.83
3.620000 24 70 72.59
3.620000 24 71 87.87
3.620000 24 72 93.69
3.620000 24 73 112.73
3.620000 24 74 130.16
3.620000 24 75 123.87
3.620000 24 76 148.35
3.620000 24 77 172.99
3.620000 24 78 196.62
3.620000 24 79 221.34
3.620000 24 80 235.77
3.620000 24 81 212.45
3.620000 24 82 205.48
3.620000 24 83 187.64
3.620000 24 84 159.71
3.620000 24 85 148.06
3.620000 24 86 97.24
3.620000 24 87 34.91
3.620000 24 88 23.90
3.620000 24 89 24.85
3.620000 24 90 47.42
3.620000 24 91 34.38
3.620000 24 92 40.10
3.620000 24 93  8.35
3.620000 24 94 -36.83
3.620000 24 95 -15.95
3.620000 24 96  2.04
3.620000 24 97 -8.49
3.620000 24 98  6.57
3.620000 24 99 33.36
3.620000 24 100 27.84
3.620000 24 101 30.68
3.620000 24 102 18.48
3.620000 24 103 22.16
3.620000 24 104 16.27
3.620000 24 105 -12.61
3.620000 24 106 -16.90
3.620000 24 107 -21.70
3.620000 24 108 -23.13
3.620000 24 109 -33.83
3.620000 24 110 -71.34
3.620000 24 111 -81.44
3.620000 24 112 -92.45
3.620000 24 113 -70.05
3.620000 24 114 -52.49
3.620000 24 115 -49.14
3.620000 24 116 -18.51
3.620000 24 117 13.32
3.620000 24 118 -7.46
3.620000 24 119 -39.99
3.620000 24 120 -74.08
3.620000 24 121 -65.10
3.620000 24 122 -23.18
3.620000 24 123 13.90
3.620000 24 124  9.31
3.620000 24 125  9.05
3.620000 24 126 26.29
3.620000 24 127 37.35
3.620000 24 128 61.71
3.620000 24 129 75.92
3.620000 24 130 107.32
3.620000 24 131 113.62
3.620000 24 132 114.64
3.620000 24 133 132.75
3.620000 24 134 130.02
3.620000 24 135 126.88
3.620000 24 136 133.91
3.620000 24 137 158.30
3.620000 24 138 146.69
3.620000 24 139 145.81
3.620000 24 140 136.36
3.620000 24 141 111.90
3.620000 24 142 69.70
3.620000 24 143 33.37
3.620000 24 144 -7.55
3.620000 24 145 -16.05
3.620000 24 146 -12.72
3.620000 24 147  0.38
3.620000 24 148 19.20
3.620000 24 149 17.07
3.620000 24 150 20.06
3.620000 24 151 37.69
3.620000 24 152 39.75
3.620000 24 153 51.87
3.620000 24 154 31.34
3.620000 24 155 24.82
3.620000 24 156  7.24
3.620000 24 157 26.80
3.620000 24 158 68.06
3.620000 24 159 77.59
3.620000 24 160 58.66
3.620000 24 161 52.36
3.620000 24 162 36.21
3.620000 24 163  2.25
3.620000 24 164 -23.31
3.620000 24 165  9.42
3.620000 24 166 41.38
3.620000 24 167 62.08
3.620000 24 168 69.65
3.620000 24 169 58.51
3.620000 24 170 75.36
3.620000 24 171 97.02
3.620000 24 172 118.20
3.620000 24 173 133.22
3.620000 24 174 135.20
3.620000 24 175 111.57
3.620000 24 176 108.63
3.620000 24 177 148.43
3.620000 24 178 142.18
3.620000 24 179 175.81
3.620000 24 180 170.63
3.620000 24 181 178.93
3.620000 24 182 147.43
3.620000 24 183 127.33
3.620000 24 184 141.66
3.620000 24 185 129.95
3.620000 24 186 115.45
3.620000 24 187 107.61
3.620000 24 188 102.43
3.620000 24 189 110.17
3.620000 24 190 107.00
3.620000 24 191 79.01
3.620000 24 192 73.49
3.620000 24 193 95.78
3.620000 24 194 79.93
3.620000 24 195 55.50
3.620000 24 196 25.79
3.620000 24 197 24.61
3.620000 24 198 22.08
3.620000 24 199 -6.96
