3.647000 96 0 144695.20
3.647000 96 1 125810.04
3.647000 96 2 109994.34
3.647000 96 3 96787.78
3.647000 96 4 85970.96
3.647000 96 5 77118.66
3.647000 96 6 69271.91
3.647000 96 7 62966.36
3.647000 96 8 57109.21
3.647000 96 9 51371.80
3.647000 96 10 46523.81
3.647000 96 11 42361.87
3.647000 96 12 38459.63
3.647000 96 13 35203.83
3.647000 96 14 32035.91
3.647000 96 15 28957.49
3.647000 96 16 26842.12
3.647000 96 17 24462.56
3.647000 96 18 22168.02
3.647000 96 19 18969.76
3.647000 96 20 17147.27
3.647000 96 21 15570.00
3.647000 96 22 13143.13
3.647000 96 23 11334.10
3.647000 96 24 9736.38
3.647000 96 25 8293.07
3.647000 96 26 6754.20
3.647000 96 27 5131.97
3.647000 96 28 2790.93
3.647000 96 29 857.38
3.647000 96 30 310.47
3.647000 96 31 -203.53
3.647000 96 32 -1113.73
3.647000 96 33 -2605.20
3.647000 96 34 -4134.53
3.647000 96 35 -5265.58
3.647000 96 36 -5533.25
3.647000 96 37 -5270.86
3.647000 96 38 -5350.78
3.647000 96 39 -5605.77
3.647000 96 40 -5918.57
3.647000 96 41 -5795.98
3.647000 96 42 -5707.11
3.647000 96 43 -5337.06
3.647000 96 44 -5082.58
3.647000 96 45 -5419.67
3.647000 96 46 -4980.25
3.647000 96 47 -5649.68
3.647000 96 48 -7341.58
3.647000 96 49 -9448.84
3.647000 96 50 -11601.89
3.647000 96 51 -13358.45
3.647000 96 52 -14784.22
3.647000 96 53 -15387.84
3.647000 96 54 -16047.42
3.647000 96 55 -16626.28
3.647000 96 56 -16131.47
3.647000 96 57 -15905.43
3.647000 96 58 -15397.62
3.647000 96 59 -15825.22
3.647000 96 60 -15991.56
3.647000 96 61 -16455.98
3.647000 96 62 -16372.58
3.647000 96 63 -16709.07
3.647000 96 64 -17125.67
3.647000 96 65 -17341.14
3.647000 96 66 -17070.36
3.647000 96 67 -17035.52
3.647000 96 68 -17659.62
3.647000 96 69 -17654.54
3.647000 96 70 -17841.38
3.647000 96 71 -18320.64
3.647000 96 72 -18242.45
3.647000 96 73 -18248.06
3.647000 96 74 -17936.95
3.647000 96 75 -18117.78
3.647000 96 76 -18235.86
3.647000 96 77 -18257.88
3.647000 96 78 -18811.96
3.647000 96 79 -19029.85
3.647000 96 80 -19512.34
3.647000 96 81 -20203.30
3.647000 96 82 -21040.50
3.647000 96 83 -22674.61
3.647000 96 84 -24100.16
3.647000 96 85 -25296.45
3.647000 96 86 -26046.05
3.647000 96 87 -26476.90
3.647000 96 88 -26545.60
3.647000 96 89 -26075.15
3.647000 96 90 -26034.77
3.647000 96 91 -26984.05
3.647000 96 92 -27151.68
3.647000 96 93 -27733.67
3.647000 96 94 -28236.18
3.647000 96 95 -28680.17
3.647000 96 96 -29277.98
3.647000 96 97 -29448.25
3.647000 96 98 -29754.27
3.647000 96 99 -30110.29
3.647000 96 100 -31030.77
3.647000 96 101 -32637.15
3.647000 96 102 -34077.99
3.647000 96 103 -36254.22
3.647000 96 104 -36977.27
3.647000 96 105 -36454.04
3.647000 96 106 -36221.92
3.647000 96 107 -36007.27
3.647000 96 108 -34787.57
3.647000 96 109 -33960.02
3.647000 96 110 -32843.52
3.647000 96 111 -32223.15
3.647000 96 112 -31417.37
3.647000 96 113 -30687.84
3.647000 96 114 -30392.21
3.647000 96 115 -29848.70
3.647000 96 116 -29612.22
3.647000 96 117 -30540.67
3.647000 96 118 -32091.01
3.647000 96 119 -33542.93
3.647000 96 120 -34138.10
3.647000 96 121 -33923.83
3.647000 96 122 -33091.76
3.647000 96 123 -32258.27
3.647000 96 124 -32601.36
3.647000 96 125 -32369.53
3.647000 96 126 -32154.69
3.647000 96 127 -31936.39
3.647000 96 128 -31295.52
3.647000 96 129 -29903.97
3.647000 96 130 -29705.14
3.647000 96 131 -29856.48
3.647000 96 132 -30090.69
3.647000 96 133 -30256.29
3.647000 96 134 -30365.02
3.647000 96 135 -30798.07
3.647000 96 136 -30999.66
3.647000 96 137 -30383.93
3.647000 96 138 -29837.11
3.647000 96 139 -29766.27
3.647000 96 140 -30019.14
3.647000 96 141 -30463.07
3.647000 96 142 -30701.33
3.647000 96 143 -30447.65
3.647000 96 144 -30341.71
3.647000 96 145 -30043.70
3.647000 96 146 -29532.51
3.647000 96 147 -28254.16
3.647000 96 148 -26904.75
3.647000 96 149 -25897.58
3.647000 96 150 -25049.18
3.647000 96 151 -25295.18
3.647000 96 152 -25797.36
3.647000 96 153 -26143.93
3.647000 96 154 -26480.47
3.647000 96 155 -27058.82
3.647000 96 156 -28398.00
3.647000 96 157 -29861.54
3.647000 96 158 -30151.52
3.647000 96 159 -30995.75
3.647000 96 160 -31837.11
3.647000 96 161 -32102.38
3.647000 96 162 -32037.44
3.647000 96 163 -31794.09
3.647000 96 164 -31922.98
3.647000 96 165 -31892.38
3.647000 96 166 -32944.50
3.647000 96 167 -33701.21
3.647000 96 168 -34484.30
3.647000 96 169 -34966.90
3.647000 96 170 -34805.36
3.647000 96 171 -34327.54
3.647000 96 172 -33718.42
3.647000 96 173 -32867.39
3.647000 96 174 -31885.32
3.647000 96 175 -30311.96
3.647000 96 176 -28439.73
3.647000 96 177 -27551.72
3.647000 96 178 -27125.07
3.647000 96 179 -26445.19
3.647000 96 180 -26931.25
3.647000 96 181 -27008.55
3.647000 96 182 -27054.18
3.647000 96 183 -26510.38
3.647000 96 184 -25544.56
3.647000 96 185 -24115.83
3.647000 96 186 -22370.70
3.647000 96 187 -21109.29
3.647000 96 188 -19621.62
3.647000 96 189 -18239.47
3.647000 96 190 -17197.60
3.647000 96 191 -16496.86
3.647000 96 192 -15743.05
3.647000 96 193 -15240.92
3.647000 96 194 -14224.05
3.647000 96 195 -13299.82
3.647000 96 196 -12624.49
3.647000 96 197 -12141.83
3.647000 96 198 -11649.90
3.647000 96 199 -10858.33
