2.290000 32 0 10346.97
2.290000 32 1 8129.56
2.290000 32 2 6468.52
2.290000 32 3 5234.15
2.290000 32 4 4274.82
2.290000 32 5 3500.94
2.290000 32 6 2853.54
2.290000 32 7 2300.59
2.290000 32 8 1841.91
2.290000 32 9 1494.57
2.290000 32 10 1227.66
2.290000 32 11 898.37
2.290000 32 12 690.22
2.290000 32 13 550.01
2.290000 32 14 403.11
2.290000 32 15 275.34
2.290000 32 16 186.41
2.290000 32 17 106.98
2.290000 32 18 -14.66
2.290000 32 19 -119.41
2.290000 32 20 -162.03
2.290000 32 21 -136.99
2.290000 32 22 -151.37
2.290000 32 23 -152.30
2.290000 32 24 -128.23
2.290000 32 25 -123.95
2.290000 32 26 -119.15
2.290000 32 27 -134.35
2.290000 32 28 -153.90
2.290000 32 29 -201.22
2.290000 32 30 -184.89
2.290000 32 31 -134.08
2.290000 32 32 -135.31
2.290000 32 33 -107.05
2.290000 32 34 -172.15
2.290000 32 35 -126.31
2.290000 32 36 -4.25
2.290000 32 37 124.52
2.290000 32 38 182.86
2.290000 32 39 199.33
2.290000 32 40 265.57
2.290000 32 41 313.71
2.290000 32 42 367.17
2.290000 32 43 404.47
2.290000 32 44 424.30
2.290000 32 45 458.11
2.290000 32 46 470.16
2.290000 32 47 484.16
2.290000 32 48 372.90
2.290000 32 49 370.76
2.290000 32 50 312.80
2.290000 32 51 212.45
2.290000 32 52 199.90
2.290000 32 53 96.37
2.290000 32 54 84.89
2.290000 32 55 38.03
2.290000 32 56 43.92
2.290000 32 57 72.82
2.290000 32 58 98.55
2.290000 32 59 69.57
2.290000 32 60 39.37
2.290000 32 61 121.30
2.290000 32 62 192.22
2.290000 32 63 213.75
2.290000 32 64 203.62
2.290000 32 65 239.97
2.290000 32 66 175.95
2.290000 32 67 151.61
2.290000 32 68 138.85
2.290000 32 69 122.09
2.290000 32 70 128.83
2.290000 32 71 137.70
2.290000 32 72 140.27
2.290000 32 73 189.47
2.290000 32 74 211.37
2.290000 32 75 239.86
2.290000 32 76 232.27
2.290000 32 77 213.89
2.290000 32 78 203.79
2.290000 32 79 137.57
2.290000 32 80 98.80
2.290000 32 81 84.66
2.290000 32 82 175.91
2.290000 32 83 239.77
2.290000 32 84 342.14
2.290000 32 85 510.31
2.290000 32 86 563.64
2.290000 32 87 643.65
2.290000 32 88 699.28
2.290000 32 89 744.62
2.290000 32 90 774.87
2.290000 32 91 762.41
2.290000 32 92 721.70
2.290000 32 93 701.84
2.290000 32 94 694.49
2.290000 32 95 736.28
2.290000 32 96 780.25
2.290000 32 97 746.34
2.290000 32 98 755.00
2.290000 32 99 697.54
2.290000 32 100 675.03
2.290000 32 101 666.43
2.290000 32 102 655.97
2.290000 32 103 662.60
2.290000 32 104 711.98
2.290000 32 105 731.72
2.290000 32 106 723.57
2.290000 32 107 728.68
2.290000 32 108 755.58
2.290000 32 109 652.56
2.290000 32 110 518.50
2.290000 32 111 407.15
2.290000 32 112 358.07
2.290000 32 113 293.11
2.290000 32 114 225.04
2.290000 32 115 202.80
2.290000 32 116 155.67
2.290000 32 117 108.76
2.290000 32 118 49.88
2.290000 32 119 15.67
2.290000 32 120 -15.26
2.290000 32 121 -4.51
2.290000 32 122 69.64
2.290000 32 123 59.93
2.290000 32 124 64.99
2.290000 32 125 18.17
2.290000 32 126 -38.05
2.290000 32 127 -25.80
2.290000 32 128  0.97
2.290000 32 129 43.57
2.290000 32 130 24.27
2.290000 32 131 31.00
2.290000 32 132 62.31
2.290000 32 133 101.75
2.290000 32 134 163.06
2.290000 32 135 207.55
2.290000 32 136 281.99
2.290000 32 137 396.13
2.290000 32 138 413.48
2.290000 32 139 532.87
2.290000 32 140 649.32
2.290000 32 141 754.69
2.290000 32 142 829.11
2.290000 32 143 854.99
2.290000 32 144 884.06
2.290000 32 145 927.07
2.290000 32 146 981.40
2.290000 32 147 959.22
2.290000 32 148 968.36
2.290000 32 149 915.79
2.290000 32 150 914.47
2.290000 32 151 797.06
2.290000 32 152 760.38
2.290000 32 153 747.33
2.290000 32 154 762.89
2.290000 32 155 795.89
2.290000 32 156 845.51
2.290000 32 157 857.12
2.290000 32 158 828.04
2.290000 32 159 793.73
2.290000 32 160 753.78
2.290000 32 161 768.04
2.290000 32 162 782.85
2.290000 32 163 846.00
2.290000 32 164 888.13
2.290000 32 165 914.20
2.290000 32 166 879.97
2.290000 32 167 767.40
2.290000 32 168 736.31
2.290000 32 169 750.80
2.290000 32 170 839.49
2.290000 32 171 968.87
2.290000 32 172 1089.73
2.290000 32 173 1108.25
2.290000 32 174 1095.13
2.290000 32 175 1169.08
2.290000 32 176 1193.27
2.290000 32 177 1248.92
2.290000 32 178 1268.00
2.290000 32 179 1258.64
2.290000 32 180 1160.55
2.290000 32 181 1078.10
2.290000 32 182 1058.36
2.290000 32 183 1033.90
2.290000 32 184 1001.59
2.290000 32 185 958.68
2.290000 32 186 923.57
2.290000 32 187 951.43
2.290000 32 188 922.34
2.290000 32 189 868.90
2.290000 32 190 824.51
2.290000 32 191 813.73
2.290000 32 192 806.89
2.290000 32 193 747.63
2.290000 32 194 702.32
2.290000 32 195 699.55
2.290000 32 196 698.15
2.290000 32 197 658.48
2.290000 32 198 640.57
2.290000 32 199 642.35
