2.266000 256 0 913059.77
2.266000 256 1 807006.87
2.266000 256 2 721515.57
2.266000 256 3 661918.67
2.266000 256 4 592591.97
2.266000 256 5 524876.92
2.266000 256 6 470519.13
2.266000 256 7 418520.16
2.266000 256 8 374339.79
2.266000 256 9 342084.01
2.266000 256 10 312535.59
2.266000 256 11 288201.74
2.266000 256 12 261418.72
2.266000 256 13 238795.09
2.266000 256 14 218041.73
2.266000 256 15 199091.26
2.266000 256 16 185920.51
2.266000 256 17 166468.99
2.266000 256 18 149133.67
2.266000 256 19 129828.09
2.266000 256 20 109339.05
2.266000 256 21 81687.36
2.266000 256 22 60149.64
2.266000 256 23 47447.49
2.266000 256 24 25086.16
2.266000 256 25 -9106.87
2.266000 256 26 -38500.57
2.266000 256 27 -69565.90
2.266000 256 28 -88960.49
2.266000 256 29 -111592.82
2.266000 256 30 -116372.08
2.266000 256 31 -126721.87
2.266000 256 32 -125494.94
2.266000 256 33 -128500.90
2.266000 256 34 -126730.85
2.266000 256 35 -125565.66
2.266000 256 36 -117526.31
2.266000 256 37 -109913.21
2.266000 256 38 -114894.03
2.266000 256 39 -116759.38
2.266000 256 40 -109787.92
2.266000 256 41 -82998.73
2.266000 256 42 -57713.55
2.266000 256 43 -48053.43
2.266000 256 44 -31965.36
2.266000 256 45 -31648.14
2.266000 256 46 -35836.68
2.266000 256 47 -42412.43
2.266000 256 48 -41961.29
2.266000 256 49 -49651.89
2.266000 256 50 -56799.76
2.266000 256 51 -63041.79
2.266000 256 52 -68903.07
2.266000 256 53 -94827.10
2.266000 256 54 -122300.38
2.266000 256 55 -145454.93
2.266000 256 56 -165915.03
2.266000 256 57 -186506.13
2.266000 256 58 -212266.20
2.266000 256 59 -233077.08
2.266000 256 60 -245979.26
2.266000 256 61 -263180.98
2.266000 256 62 -284421.17
2.266000 256 63 -277555.58
2.266000 256 64 -270534.04
2.266000 256 65 -268498.30
2.266000 256 66 -270801.12
2.266000 256 67 -298252.54
2.266000 256 68 -327265.25
2.266000 256 69 -344335.82
2.266000 256 70 -362469.98
2.266000 256 71 -388688.82
2.266000 256 72 -414250.84
2.266000 256 73 -457964.52
2.266000 256 74 -485456.01
2.266000 256 75 -513681.54
2.266000 256 76 -541022.43
2.266000 256 77 -563792.76
2.266000 256 78 -567121.34
2.266000 256 79 -567183.59
2.266000 256 80 -564014.01
2.266000 256 81 -562202.39
2.266000 256 82 -555741.03
2.266000 256 83 -558753.65
2.266000 256 84 -565179.58
2.266000 256 85 -571447.07
2.266000 256 86 -577205.39
2.266000 256 87 -580694.07
2.266000 256 88 -588923.57
2.266000 256 89 -605734.42
2.266000 256 90 -630305.39
2.266000 256 91 -653902.33
2.266000 256 92 -679511.78
2.266000 256 93 -699724.94
2.266000 256 94 -715298.93
2.266000 256 95 -730413.92
2.266000 256 96 -744702.99
2.266000 256 97 -757860.12
2.266000 256 98 -772870.93
2.266000 256 99 -787471.99
2.266000 256 100 -795971.45
2.266000 256 101 -805182.60
2.266000 256 102 -819203.66
2.266000 256 103 -831922.38
2.266000 256 104 -856253.82
2.266000 256 105 -879889.98
2.266000 256 106 -895867.91
2.266000 256 107 -914400.41
2.266000 256 108 -918078.80
2.266000 256 109 -932432.31
2.266000 256 110 -944854.11
2.266000 256 111 -952381.55
2.266000 256 112 -969011.80
2.266000 256 113 -995103.27
2.266000 256 114 -1023325.62
2.266000 256 115 -1046591.35
2.266000 256 116 -1069983.71
2.266000 256 117 -1095542.80
2.266000 256 118 -1111492.89
2.266000 256 119 -1124458.33
2.266000 256 120 -1135020.15
2.266000 256 121 -1143128.10
2.266000 256 122 -1140578.68
2.266000 256 123 -1138555.89
2.266000 256 124 -1139021.11
2.266000 256 125 -1148744.13
2.266000 256 126 -1159723.60
2.266000 256 127 -1168240.35
2.266000 256 128 -1171589.13
2.266000 256 129 -1180461.13
2.266000 256 130 -1190651.29
2.266000 256 131 -1215221.81
2.266000 256 132 -1237496.97
2.266000 256 133 -1262905.91
2.266000 256 134 -1280587.67
2.266000 256 135 -1296365.77
2.266000 256 136 -1308869.85
2.266000 256 137 -1317184.30
2.266000 256 138 -1324986.02
2.266000 256 139 -1329481.60
2.266000 256 140 -1339402.08
2.266000 256 141 -1348109.88
2.266000 256 142 -1356550.48
2.266000 256 143 -1378263.90
2.266000 256 144 -1414031.64
2.266000 256 145 -1449061.74
2.266000 256 146 -1478464.33
2.266000 256 147 -1509312.96
2.266000 256 148 -1540019.77
2.266000 256 149 -1572003.89
2.266000 256 150 -1601018.06
2.266000 256 151 -1626573.06
2.266000 256 152 -1654856.84
2.266000 256 153 -1671615.84
2.266000 256 154 -1676934.60
2.266000 256 155 -1685471.90
2.266000 256 156 -1686497.16
2.266000 256 157 -1688461.71
2.266000 256 158 -1679124.04
2.266000 256 159 -1670377.08
2.266000 256 160 -1664664.86
2.266000 256 161 -1660366.52
2.266000 256 162 -1661214.93
2.266000 256 163 -1671700.67
2.266000 256 164 -1676507.13
2.266000 256 165 -1679740.85
2.266000 256 166 -1688904.94
2.266000 256 167 -1693866.36
2.266000 256 168 -1686197.11
2.266000 256 169 -1680574.49
2.266000 256 170 -1675094.78
2.266000 256 171 -1680623.89
2.266000 256 172 -1683283.62
2.266000 256 173 -1676206.80
2.266000 256 174 -1675114.62
2.266000 256 175 -1658116.69
2.266000 256 176 -1639999.53
2.266000 256 177 -1626462.94
2.266000 256 178 -1618067.39
2.266000 256 179 -1608021.80
2.266000 256 180 -1603888.55
2.266000 256 181 -1600454.57
2.266000 256 182 -1601754.18
2.266000 256 183 -1623806.08
2.266000 256 184 -1645655.19
2.266000 256 185 -1666150.43
2.266000 256 186 -1685889.35
2.266000 256 187 -1700698.05
2.266000 256 188 -1719923.98
2.266000 256 189 -1738612.01
2.266000 256 190 -1754489.26
2.266000 256 191 -1765722.36
2.266000 256 192 -1769922.84
2.266000 256 193 -1777465.51
2.266000 256 194 -1786654.45
2.266000 256 195 -1788561.22
2.266000 256 196 -1791886.98
2.266000 256 197 -1795505.95
2.266000 256 198 -1799644.26
2.266000 256 199 -1815947.99
