2.280000 16 0 2032.54
2.280000 16 1 1339.01
2.280000 16 2 913.52
2.280000 16 3 635.19
2.280000 16 4 452.33
2.280000 16 5 320.89
2.280000 16 6 230.12
2.280000 16 7 152.08
2.280000 16 8 121.24
2.280000 16 9 86.05
2.280000 16 10 62.78
2.280000 16 11 45.38
2.280000 16 12 16.74
2.280000 16 13 -1.39
2.280000 16 14  5.95
2.280000 16 15  7.03
2.280000 16 16 15.18
2.280000 16 17 19.12
2.280000 16 18 23.00
2.280000 16 19 34.16
2.280000 16 20 38.84
2.280000 16 21 46.69
2.280000 16 22 12.77
2.280000 16 23 -3.30
2.280000 16 24 -27.45
2.280000 16 25 -12.44
2.280000 16 26  0.90
2.280000 16 27 21.55
2.280000 16 28 42.83
2.280000 16 29 69.74
2.280000 16 30 98.26
2.280000 16 31 97.98
2.280000 16 32 108.78
2.280000 16 33 91.71
2.280000 16 34 83.32
2.280000 16 35 65.87
2.280000 16 36 60.20
2.280000 16 37 33.84
2.280000 16 38 20.77
2.280000 16 39  4.76
2.280000 16 40 15.30
2.280000 16 41  6.26
2.280000 16 42 -13.55
2.280000 16 43 -32.40
2.280000 16 44 -72.56
2.280000 16 45 -76.36
2.280000 16 46 -57.77
2.280000 16 47 -41.76
2.280000 16 48 -13.58
2.280000 16 49 -8.55
2.280000 16 50  7.25
2.280000 16 51 19.91
2.280000 16 52 27.48
2.280000 16 53 20.36
2.280000 16 54  4.69
2.280000 16 55 18.90
2.280000 16 56 14.98
2.280000 16 57 20.70
2.280000 16 58 28.33
2.280000 16 59 25.72
2.280000 16 60 16.28
2.280000 16 61  9.60
2.280000 16 62  8.50
2.280000 16 63  9.66
2.280000 16 64 19.93
2.280000 16 65  8.53
2.280000 16 66 18.83
2.280000 16 67 10.70
2.280000 16 68 -8.06
2.280000 16 69 -28.48
2.280000 16 70 -36.70
2.280000 16 71 -27.00
2.280000 16 72 -46.27
2.280000 16 73 -65.43
2.280000 16 74 -95.41
2.280000 16 75 -98.53
2.280000 16 76 -86.73
2.280000 16 77 -91.21
2.280000 16 78 -91.76
2.280000 16 79 -88.14
2.280000 16 80 -79.21
2.280000 16 81 -48.39
2.280000 16 82 -23.48
2.280000 16 83 -5.33
2.280000 16 84 11.41
2.280000 16 85 10.82
2.280000 16 86 26.26
2.280000 16 87 31.82
2.280000 16 88 39.95
2.280000 16 89 53.36
2.280000 16 90 46.33
2.280000 16 91 58.62
2.280000 16 92 86.76
2.280000 16 93 96.04
2.280000 16 94 78.53
2.280000 16 95 64.12
2.280000 16 96 68.30
2.280000 16 97 66.12
2.280000 16 98 51.95
2.280000 16 99 36.39
2.280000 16 100 24.67
2.280000 16 101 16.61
2.280000 16 102  6.58
2.280000 16 103 15.81
2.280000 16 104 15.83
2.280000 16 105 12.70
2.280000 16 106  7.02
2.280000 16 107  6.13
2.280000 16 108  7.63
2.280000 16 109 25.52
2.280000 16 110 19.64
2.280000 16 111  4.96
2.280000 16 112 -9.89
2.280000 16 113  0.58
2.280000 16 114 -2.57
2.280000 16 115 -6.22
2.280000 16 116 -29.21
2.280000 16 117 -33.30
2.280000 16 118 -47.78
2.280000 16 119 -9.01
2.280000 16 120 15.65
2.280000 16 121 32.06
2.280000 16 122 54.17
2.280000 16 123 68.38
2.280000 16 124 69.95
2.280000 16 125 54.07
2.280000 16 126 37.87
2.280000 16 127 24.86
2.280000 16 128 42.67
2.280000 16 129 49.61
2.280000 16 130 60.23
2.280000 16 131 52.09
2.280000 16 132 42.33
2.280000 16 133 30.58
2.280000 16 134 24.52
2.280000 16 135 27.42
2.280000 16 136 24.67
2.280000 16 137  7.61
2.280000 16 138 16.87
2.280000 16 139 15.43
2.280000 16 140 20.38
2.280000 16 141 35.74
2.280000 16 142 25.59
2.280000 16 143 39.78
2.280000 16 144 45.87
2.280000 16 145 38.08
2.280000 16 146 14.36
2.280000 16 147  3.94
2.280000 16 148 -8.13
2.280000 16 149  0.45
2.280000 16 150 21.94
2.280000 16 151 15.32
2.280000 16 152  8.68
2.280000 16 153 13.18
2.280000 16 154  3.95
2.280000 16 155  3.18
2.280000 16 156 -30.83
2.280000 16 157 -49.05
2.280000 16 158 -62.06
2.280000 16 159 -64.79
2.280000 16 160 -49.10
2.280000 16 161 -33.14
2.280000 16 162 -38.51
2.280000 16 163 -36.65
2.280000 16 164 -25.85
2.280000 16 165 -42.72
2.280000 16 166 -37.32
2.280000 16 167 -41.46
2.280000 16 168 -53.00
2.280000 16 169 -70.29
2.280000 16 170 -57.39
2.280000 16 171 -40.52
2.280000 16 172 -36.00
2.280000 16 173 -14.89
2.280000 16 174 10.05
2.280000 16 175 29.78
2.280000 16 176 38.88
2.280000 16 177 13.98
2.280000 16 178 11.68
2.280000 16 179 -7.60
2.280000 16 180 -2.76
2.280000 16 181  3.62
2.280000 16 182 17.27
2.280000 16 183 20.39
2.280000 16 184 34.43
2.280000 16 185 20.15
2.280000 16 186 19.00
2.280000 16 187 17.86
2.280000 16 188 14.79
2.280000 16 189  1.73
2.280000 16 190 25.52
2.280000 16 191 10.83
2.280000 16 192 15.22
2.280000 16 193 17.98
2.280000 16 194  8.15
2.280000 16 195 -16.73
2.280000 16 196 -22.65
2.280000 16 197 -43.48
2.280000 16 198 -42.96
2.280000 16 199 -32.60
