2.280000 64 0 46325.44
2.280000 64 1 38665.08
2.280000 64 2 32304.19
2.280000 64 3 27234.93
2.280000 64 4 22982.76
2.280000 64 5 19559.92
2.280000 64 6 16430.17
2.280000 64 7 13867.17
2.280000 64 8 11704.63
2.280000 64 9 9809.72
2.280000 64 10 8066.67
2.280000 64 11 6635.62
2.280000 64 12 5186.45
2.280000 64 13 3791.79
2.280000 64 14 2554.07
2.280000 64 15 1867.53
2.280000 64 16 1355.50
2.280000 64 17 746.85
2.280000 64 18 18.56
2.280000 64 19 -331.98
2.280000 64 20 -1084.67
2.280000 64 21 -2141.75
2.280000 64 22 -3148.91
2.280000 64 23 -3878.69
2.280000 64 24 -4417.01
2.280000 64 25 -5194.95
2.280000 64 26 -5695.92
2.280000 64 27 -6151.90
2.280000 64 28 -6573.03
2.280000 64 29 -6927.25
2.280000 64 30 -7190.70
2.280000 64 31 -7253.92
2.280000 64 32 -7287.77
2.280000 64 33 -7285.74
2.280000 64 34 -7296.08
2.280000 64 35 -7346.57
2.280000 64 36 -7397.68
2.280000 64 37 -7606.06
2.280000 64 38 -8034.43
2.280000 64 39 -8635.04
2.280000 64 40 -9566.64
2.280000 64 41 -10515.94
2.280000 64 42 -11246.74
2.280000 64 43 -11611.93
2.280000 64 44 -11925.01
2.280000 64 45 -12029.21
2.280000 64 46 -12221.65
2.280000 64 47 -12042.48
2.280000 64 48 -11959.05
2.280000 64 49 -11802.73
2.280000 64 50 -11674.56
2.280000 64 51 -11643.59
2.280000 64 52 -11532.91
2.280000 64 53 -11475.45
2.280000 64 54 -11180.83
2.280000 64 55 -11029.89
2.280000 64 56 -10950.83
2.280000 64 57 -10687.27
2.280000 64 58 -10373.93
2.280000 64 59 -10214.91
2.280000 64 60 -9864.97
2.280000 64 61 -9846.61
2.280000 64 62 -9879.97
2.280000 64 63 -9912.80
2.280000 64 64 -10147.64
2.280000 64 65 -10399.87
2.280000 64 66 -10691.33
2.280000 64 67 -10664.58
2.280000 64 68 -10401.05
2.280000 64 69 -10087.32
2.280000 64 70 -9949.38
2.280000 64 71 -9745.63
2.280000 64 72 -9777.33
2.280000 64 73 -9708.75
2.280000 64 74 -9617.89
2.280000 64 75 -9307.37
2.280000 64 76 -9158.47
2.280000 64 77 -8928.38
2.280000 64 78 -8394.90
2.280000 64 79 -8192.01
2.280000 64 80 -7873.32
2.280000 64 81 -7897.18
2.280000 64 82 -7565.39
2.280000 64 83 -7483.24
2.280000 64 84 -7255.85
2.280000 64 85 -7180.02
2.280000 64 86 -7222.23
2.280000 64 87 -7139.44
2.280000 64 88 -7001.82
2.280000 64 89 -6621.11
2.280000 64 90 -6502.92
2.280000 64 91 -6577.21
2.280000 64 92 -6806.97
2.280000 64 93 -6842.09
2.280000 64 94 -6842.37
2.280000 64 95 -6834.94
2.280000 64 96 -7041.40
2.280000 64 97 -7068.99
2.280000 64 98 -7383.70
2.280000 64 99 -7444.42
2.280000 64 100 -7321.59
2.280000 64 101 -7338.92
2.280000 64 102 -7525.15
2.280000 64 103 -7450.48
2.280000 64 104 -7418.31
2.280000 64 105 -7190.82
2.280000 64 106 -7089.04
2.280000 64 107 -6948.79
2.280000 64 108 -6648.97
2.280000 64 109 -6759.20
2.280000 64 110 -6840.80
2.280000 64 111 -6882.28
2.280000 64 112 -7067.69
2.280000 64 113 -7428.30
2.280000 64 114 -8058.10
2.280000 64 115 -8577.16
2.280000 64 116 -8793.55
2.280000 64 117 -8837.85
2.280000 64 118 -9140.13
2.280000 64 119 -9685.27
2.280000 64 120 -9980.17
2.280000 64 121 -10166.37
2.280000 64 122 -10290.88
2.280000 64 123 -10431.20
2.280000 64 124 -10669.80
2.280000 64 125 -10833.94
2.280000 64 126 -11313.53
2.280000 64 127 -11392.27
2.280000 64 128 -11310.97
2.280000 64 129 -11453.53
2.280000 64 130 -11415.52
2.280000 64 131 -11606.00
2.280000 64 132 -11644.47
2.280000 64 133 -11922.18
2.280000 64 134 -11936.67
2.280000 64 135 -12111.86
2.280000 64 136 -12326.55
2.280000 64 137 -12384.57
2.280000 64 138 -12351.93
2.280000 64 139 -12244.38
2.280000 64 140 -12282.36
2.280000 64 141 -12265.43
2.280000 64 142 -12227.01
2.280000 64 143 -12106.67
2.280000 64 144 -12008.59
2.280000 64 145 -12232.62
2.280000 64 146 -12364.83
2.280000 64 147 -12433.53
2.280000 64 148 -12505.25
2.280000 64 149 -12617.60
2.280000 64 150 -12435.32
2.280000 64 151 -12530.91
2.280000 64 152 -13110.38
2.280000 64 153 -13393.16
2.280000 64 154 -13676.63
2.280000 64 155 -13740.41
2.280000 64 156 -13719.01
2.280000 64 157 -13953.78
2.280000 64 158 -13997.86
2.280000 64 159 -14190.46
2.280000 64 160 -14229.81
2.280000 64 161 -14538.80
2.280000 64 162 -14929.60
2.280000 64 163 -15349.32
2.280000 64 164 -15794.43
2.280000 64 165 -16265.81
2.280000 64 166 -16727.28
2.280000 64 167 -16923.29
2.280000 64 168 -17055.42
2.280000 64 169 -17289.08
2.280000 64 170 -17814.32
2.280000 64 171 -18615.00
2.280000 64 172 -19094.48
2.280000 64 173 -19537.47
2.280000 64 174 -19598.32
2.280000 64 175 -19535.97
2.280000 64 176 -19466.31
2.280000 64 177 -19262.72
2.280000 64 178 -19372.95
2.280000 64 179 -19244.22
2.280000 64 180 -19161.78
2.280000 64 181 -19002.46
2.280000 64 182 -18613.33
2.280000 64 183 -18116.32
2.280000 64 184 -17758.98
2.280000 64 185 -17660.08
2.280000 64 186 -17351.02
2.280000 64 187 -17026.39
2.280000 64 188 -16622.01
2.280000 64 189 -16487.63
2.280000 64 190 -16454.23
2.280000 64 191 -16498.57
2.280000 64 192 -16770.32
2.280000 64 193 -17117.82
2.280000 64 194 -17593.77
2.280000 64 195 -17824.59
2.280000 64 196 -17983.58
2.280000 64 197 -18120.36
2.280000 64 198 -18188.62
2.280000 64 199 -18383.70
