3.620000 48 0 59859.19
3.620000 48 1 45561.24
3.620000 48 2 35436.15
3.620000 48 3 27908.97
3.620000 48 4 22265.02
3.620000 48 5 17794.80
3.620000 48 6 14314.81
3.620000 48 7 11457.53
3.620000 48 8 9281.20
3.620000 48 9 7628.22
3.620000 48 10 6336.90
3.620000 48 11 5184.35
3.620000 48 12 4317.01
3.620000 48 13 3672.24
3.620000 48 14 3141.99
3.620000 48 15 2919.13
3.620000 48 16 2592.37
3.620000 48 17 2230.83
3.620000 48 18 1929.43
3.620000 48 19 1697.99
3.620000 48 20 1434.54
3.620000 48 21 1313.59
3.620000 48 22 1132.39
3.620000 48 23 933.09
3.620000 48 24 695.41
3.620000 48 25 589.62
3.620000 48 26 445.70
3.620000 48 27 463.19
3.620000 48 28 578.41
3.620000 48 29 547.42
3.620000 48 30 616.86
3.620000 48 31 705.51
3.620000 48 32 866.89
3.620000 48 33 922.69
3.620000 48 34 942.67
3.620000 48 35 863.47
3.620000 48 36 809.36
3.620000 48 37 746.32
3.620000 48 38 670.92
3.620000 48 39 492.71
3.620000 48 40 342.96
3.620000 48 41 329.94
3.620000 48 42 323.21
3.620000 48 43 318.53
3.620000 48 44 177.06
3.620000 48 45 133.68
3.620000 48 46 98.47
3.620000 48 47 150.68
3.620000 48 48 241.83
3.620000 48 49 222.89
3.620000 48 50 219.65
3.620000 48 51 175.82
3.620000 48 52 35.69
3.620000 48 53 -4.81
3.620000 48 54 -203.64
3.620000 48 55 -397.15
3.620000 48 56 -643.42
3.620000 48 57 -772.04
3.620000 48 58 -836.62
3.620000 48 59 -947.62
3.620000 48 60 -902.87
3.620000 48 61 -895.21
3.620000 48 62 -973.28
3.620000 48 63 -1010.80
3.620000 48 64 -974.98
3.620000 48 65 -861.98
3.620000 48 66 -797.32
3.620000 48 67 -762.45
3.620000 48 68 -743.10
3.620000 48 69 -587.04
3.620000 48 70 -516.83
3.620000 48 71 -445.42
3.620000 48 72 -473.04
3.620000 48 73 -502.48
3.620000 48 74 -548.88
3.620000 48 75 -668.03
3.620000 48 76 -630.10
3.620000 48 77 -391.00
3.620000 48 78 -296.04
3.620000 48 79 -257.03
3.620000 48 80 -315.48
3.620000 48 81 -350.33
3.620000 48 82 -385.68
3.620000 48 83 -596.79
3.620000 48 84 -809.29
3.620000 48 85 -847.37
3.620000 48 86 -1003.11
3.620000 48 87 -996.04
3.620000 48 88 -927.60
3.620000 48 89 -740.69
3.620000 48 90 -613.66
3.620000 48 91 -571.47
3.620000 48 92 -528.32
3.620000 48 93 -527.79
3.620000 48 94 -608.52
3.620000 48 95 -668.88
3.620000 48 96 -764.18
3.620000 48 97 -848.22
3.620000 48 98 -861.34
3.620000 48 99 -906.99
3.620000 48 100 -921.62
3.620000 48 101 -862.46
3.620000 48 102 -927.96
3.620000 48 103 -917.00
3.620000 48 104 -859.86
3.620000 48 105 -876.89
3.620000 48 106 -827.40
3.620000 48 107 -682.25
3.620000 48 108 -598.97
3.620000 48 109 -486.53
3.620000 48 110 -383.33
3.620000 48 111 -243.64
3.620000 48 112 -264.42
3.620000 48 113 -297.18
3.620000 48 114 -307.37
3.620000 48 115 -195.59
3.620000 48 116 -74.17
3.620000 48 117 34.68
3.620000 48 118 -6.69
3.620000 48 119 52.86
3.620000 48 120 218.05
3.620000 48 121 240.52
3.620000 48 122 376.47
3.620000 48 123 409.56
3.620000 48 124 354.46
3.620000 48 125 347.87
3.620000 48 126 427.94
3.620000 48 127 420.38
3.620000 48 128 261.12
3.620000 48 129 217.78
3.620000 48 130 321.60
3.620000 48 131 392.86
3.620000 48 132 318.55
3.620000 48 133 249.04
3.620000 48 134 246.75
3.620000 48 135 251.21
3.620000 48 136 220.37
3.620000 48 137 171.46
3.620000 48 138 243.82
3.620000 48 139 311.40
3.620000 48 140 356.60
3.620000 48 141 443.05
3.620000 48 142 591.84
3.620000 48 143 565.78
3.620000 48 144 562.70
3.620000 48 145 659.26
3.620000 48 146 762.69
3.620000 48 147 879.45
3.620000 48 148 712.89
3.620000 48 149 572.19
3.620000 48 150 513.33
3.620000 48 151 538.16
3.620000 48 152 491.63
3.620000 48 153 551.79
3.620000 48 154 541.00
3.620000 48 155 461.40
3.620000 48 156 554.20
3.620000 48 157 452.21
3.620000 48 158 451.44
3.620000 48 159 482.84
3.620000 48 160 481.29
3.620000 48 161 518.78
3.620000 48 162 519.08
3.620000 48 163 444.51
3.620000 48 164 530.49
3.620000 48 165 456.45
3.620000 48 166 530.98
3.620000 48 167 627.38
3.620000 48 168 717.65
3.620000 48 169 870.52
3.620000 48 170 887.22
3.620000 48 171 923.81
3.620000 48 172 970.23
3.620000 48 173 881.22
3.620000 48 174 933.37
3.620000 48 175 982.37
3.620000 48 176 944.85
3.620000 48 177 968.80
3.620000 48 178 953.74
3.620000 48 179 954.22
3.620000 48 180 1141.97
3.620000 48 181 1138.27
3.620000 48 182 846.43
3.620000 48 183 754.00
3.620000 48 184 664.63
3.620000 48 185 564.23
3.620000 48 186 653.71
3.620000 48 187 796.45
3.620000 48 188 698.84
3.620000 48 189 785.53
3.620000 48 190 833.39
3.620000 48 191 745.84
3.620000 48 192 597.45
3.620000 48 193 496.23
3.620000 48 194 436.41
3.620000 48 195 339.87
3.620000 48 196 294.51
3.620000 48 197 272.62
3.620000 48 198 263.10
3.620000 48 199 501.79
