3.630000 32 0 25474.43
3.630000 32 1 18956.59
3.630000 32 2 14491.04
3.630000 32 3 11260.63
3.630000 32 4 8779.36
3.630000 32 5 6949.07
3.630000 32 6 5463.50
3.630000 32 7 4338.65
3.630000 32 8 3444.64
3.630000 32 9 2767.88
3.630000 32 10 2202.04
3.630000 32 11 1694.86
3.630000 32 12 1341.24
3.630000 32 13 1031.12
3.630000 32 14 845.22
3.630000 32 15 684.54
3.630000 32 16 550.26
3.630000 32 17 501.36
3.630000 32 18 377.02
3.630000 32 19 302.24
3.630000 32 20 203.50
3.630000 32 21 152.61
3.630000 32 22 117.04
3.630000 32 23 124.07
3.630000 32 24 130.64
3.630000 32 25 123.82
3.630000 32 26 116.51
3.630000 32 27 63.10
3.630000 32 28 15.48
3.630000 32 29 18.11
3.630000 32 30 -41.56
3.630000 32 31 -72.20
3.630000 32 32 -98.24
3.630000 32 33 -106.97
3.630000 32 34 -116.82
3.630000 32 35 -124.33
3.630000 32 36 -185.44
3.630000 32 37 -239.16
3.630000 32 38 -256.50
3.630000 32 39 -244.30
3.630000 32 40 -105.30
3.630000 32 41 -66.75
3.630000 32 42 -59.05
3.630000 32 43 -37.46
3.630000 32 44 -99.14
3.630000 32 45 -122.00
3.630000 32 46 -161.94
3.630000 32 47 -219.78
3.630000 32 48 -239.74
3.630000 32 49 -239.17
3.630000 32 50 -247.46
3.630000 32 51 -239.48
3.630000 32 52 -253.63
3.630000 32 53 -232.69
3.630000 32 54 -179.65
3.630000 32 55 -158.12
3.630000 32 56 -69.48
3.630000 32 57 -37.84
3.630000 32 58 -35.04
3.630000 32 59 -36.99
3.630000 32 60 -19.01
3.630000 32 61 -23.20
3.630000 32 62 -51.16
3.630000 32 63 -87.53
3.630000 32 64 -192.96
3.630000 32 65 -256.10
3.630000 32 66 -245.54
3.630000 32 67 -267.81
3.630000 32 68 -269.94
3.630000 32 69 -315.09
3.630000 32 70 -311.67
3.630000 32 71 -286.14
3.630000 32 72 -340.42
3.630000 32 73 -326.02
3.630000 32 74 -304.36
3.630000 32 75 -295.53
3.630000 32 76 -271.30
3.630000 32 77 -292.05
3.630000 32 78 -293.07
3.630000 32 79 -247.55
3.630000 32 80 -249.19
3.630000 32 81 -272.03
3.630000 32 82 -264.71
3.630000 32 83 -305.19
3.630000 32 84 -325.01
3.630000 32 85 -376.25
3.630000 32 86 -441.82
3.630000 32 87 -503.44
3.630000 32 88 -507.68
3.630000 32 89 -507.84
3.630000 32 90 -496.14
3.630000 32 91 -489.31
3.630000 32 92 -473.91
3.630000 32 93 -484.06
3.630000 32 94 -496.61
3.630000 32 95 -475.74
3.630000 32 96 -453.66
3.630000 32 97 -475.57
3.630000 32 98 -448.47
3.630000 32 99 -452.28
3.630000 32 100 -390.81
3.630000 32 101 -422.05
3.630000 32 102 -395.34
3.630000 32 103 -390.54
3.630000 32 104 -376.96
3.630000 32 105 -368.87
3.630000 32 106 -329.14
3.630000 32 107 -328.67
3.630000 32 108 -350.02
3.630000 32 109 -341.07
3.630000 32 110 -344.37
3.630000 32 111 -299.49
3.630000 32 112 -238.63
3.630000 32 113 -143.44
3.630000 32 114 -118.39
3.630000 32 115 -95.15
3.630000 32 116 -51.20
3.630000 32 117 -4.96
3.630000 32 118 50.88
3.630000 32 119 30.58
3.630000 32 120 31.07
3.630000 32 121 -45.28
3.630000 32 122 -77.02
3.630000 32 123 -85.36
3.630000 32 124 -49.96
3.630000 32 125 -25.09
3.630000 32 126 -21.47
3.630000 32 127 -3.68
3.630000 32 128 -45.36
3.630000 32 129 -128.95
3.630000 32 130 -156.10
3.630000 32 131 -116.66
3.630000 32 132 -108.95
3.630000 32 133 -134.65
3.630000 32 134 -79.36
3.630000 32 135 -59.47
3.630000 32 136 -79.33
3.630000 32 137 -24.63
3.630000 32 138 -6.40
3.630000 32 139  0.18
3.630000 32 140 -10.84
3.630000 32 141 35.39
3.630000 32 142 21.74
3.630000 32 143 -14.47
3.630000 32 144 -45.74
3.630000 32 145 -41.16
3.630000 32 146 32.26
3.630000 32 147  6.08
3.630000 32 148 -17.15
3.630000 32 149 -14.45
3.630000 32 150 -27.67
3.630000 32 151 -54.25
3.630000 32 152 -75.07
3.630000 32 153 -137.70
3.630000 32 154 -94.23
3.630000 32 155 -51.98
3.630000 32 156 -103.96
3.630000 32 157 -173.97
3.630000 32 158 -207.11
3.630000 32 159 -206.83
3.630000 32 160 -224.19
3.630000 32 161 -221.05
3.630000 32 162 -230.87
3.630000 32 163 -263.35
3.630000 32 164 -262.89
3.630000 32 165 -236.52
3.630000 32 166 -200.10
3.630000 32 167 -225.49
3.630000 32 168 -242.27
3.630000 32 169 -169.72
3.630000 32 170 -176.70
3.630000 32 171 -131.91
3.630000 32 172 -117.96
3.630000 32 173 -122.42
3.630000 32 174 -151.39
3.630000 32 175 -116.90
3.630000 32 176 -80.22
3.630000 32 177 -107.98
3.630000 32 178 -138.09
3.630000 32 179 -54.10
3.630000 32 180 -83.13
3.630000 32 181 -51.33
3.630000 32 182 -60.38
3.630000 32 183 -81.46
3.630000 32 184 -86.95
3.630000 32 185 -97.40
3.630000 32 186 -161.63
3.630000 32 187 -213.08
3.630000 32 188 -230.01
3.630000 32 189 -180.56
3.630000 32 190 -172.65
3.630000 32 191 -142.60
3.630000 32 192 -132.56
3.630000 32 193 -39.64
3.630000 32 194 -40.23
3.630000 32 195  3.66
3.630000 32 196 -8.43
3.630000 32 197 -14.81
3.630000 32 198 -54.97
3.630000 32 199 -79.58
