3.560000 96 0 186973.95
3.560000 96 1 124427.99
3.560000 96 2 84701.53
3.560000 96 3 57822.30
3.560000 96 4 39738.03
3.560000 96 5 27979.82
3.560000 96 6 19617.76
3.560000 96 7 13952.50
3.560000 96 8 10054.75
3.560000 96 9 7483.27
3.560000 96 10 5655.20
3.560000 96 11 4094.16
3.560000 96 12 2534.12
3.560000 96 13 1470.02
3.560000 96 14 786.26
3.560000 96 15 -7.44
3.560000 96 16 -436.10
3.560000 96 17 -793.82
3.560000 96 18 -977.69
3.560000 96 19 -1169.78
3.560000 96 20 -1267.87
3.560000 96 21 -1694.67
3.560000 96 22 -1542.12
3.560000 96 23 -1395.04
3.560000 96 24 -1426.90
3.560000 96 25 -2179.45
3.560000 96 26 -2867.28
3.560000 96 27 -2774.22
3.560000 96 28 -2424.89
3.560000 96 29 -2576.16
3.560000 96 30 -1982.60
3.560000 96 31 -1617.55
3.560000 96 32 -1045.21
3.560000 96 33 -1191.56
3.560000 96 34 -996.22
3.560000 96 35 -702.37
3.560000 96 36 -874.09
3.560000 96 37 -761.05
3.560000 96 38 -554.12
3.560000 96 39 -938.92
3.560000 96 40 -683.08
3.560000 96 41 -201.04
3.560000 96 42 -404.46
3.560000 96 43 -458.16
3.560000 96 44 -649.66
3.560000 96 45 -820.08
3.560000 96 46 -1017.27
3.560000 96 47 -984.62
3.560000 96 48 -1457.63
3.560000 96 49 -1497.72
3.560000 96 50 -1020.28
3.560000 96 51 -873.01
3.560000 96 52 -1827.34
3.560000 96 53 -2480.65
3.560000 96 54 -2315.19
3.560000 96 55 -2619.34
3.560000 96 56 -2759.30
3.560000 96 57 -3205.16
3.560000 96 58 -3269.83
3.560000 96 59 -3122.27
3.560000 96 60 -2847.26
3.560000 96 61 -2831.66
3.560000 96 62 -3452.62
3.560000 96 63 -3381.81
3.560000 96 64 -3278.07
3.560000 96 65 -3404.43
3.560000 96 66 -3737.33
3.560000 96 67 -4389.35
3.560000 96 68 -4384.47
3.560000 96 69 -4753.87
3.560000 96 70 -4086.60
3.560000 96 71 -3724.08
3.560000 96 72 -3210.56
3.560000 96 73 -2578.72
3.560000 96 74 -2215.42
3.560000 96 75 -2340.77
3.560000 96 76 -3246.28
3.560000 96 77 -3152.40
3.560000 96 78 -2726.28
3.560000 96 79 -1722.49
3.560000 96 80 -1490.37
3.560000 96 81 -1990.55
3.560000 96 82 -2219.78
3.560000 96 83 -2130.25
3.560000 96 84 -1736.58
3.560000 96 85 -1637.15
3.560000 96 86 -1668.22
3.560000 96 87 -1360.79
3.560000 96 88 -285.33
3.560000 96 89 137.56
3.560000 96 90 564.14
3.560000 96 91 668.76
3.560000 96 92 423.76
3.560000 96 93 323.13
3.560000 96 94 371.96
3.560000 96 95 67.03
3.560000 96 96 -754.81
3.560000 96 97 -1359.03
3.560000 96 98 -1098.61
3.560000 96 99 -1281.98
3.560000 96 100 -1934.34
3.560000 96 101 -2303.85
3.560000 96 102 -2778.64
3.560000 96 103 -3215.04
3.560000 96 104 -2848.49
3.560000 96 105 -2900.38
3.560000 96 106 -2747.11
3.560000 96 107 -2652.36
3.560000 96 108 -2542.17
3.560000 96 109 -2512.63
3.560000 96 110 -2270.92
3.560000 96 111 -2011.42
3.560000 96 112 -2056.57
3.560000 96 113 -2286.67
3.560000 96 114 -2414.42
3.560000 96 115 -2116.89
3.560000 96 116 -2001.10
3.560000 96 117 -1949.54
3.560000 96 118 -1355.64
3.560000 96 119 -333.78
3.560000 96 120 246.06
3.560000 96 121 -488.42
3.560000 96 122 -503.42
3.560000 96 123 -379.37
3.560000 96 124 -246.03
3.560000 96 125 -226.45
3.560000 96 126 -437.93
3.560000 96 127 -675.58
3.560000 96 128 -122.60
3.560000 96 129 -170.63
3.560000 96 130 -416.48
3.560000 96 131 -666.58
3.560000 96 132 -841.21
3.560000 96 133 -951.68
3.560000 96 134 -1032.70
3.560000 96 135 -809.61
3.560000 96 136 -662.76
3.560000 96 137 -902.41
3.560000 96 138 -911.53
3.560000 96 139 -719.88
3.560000 96 140 -594.25
3.560000 96 141 -1177.03
3.560000 96 142 -1109.61
3.560000 96 143 -715.11
3.560000 96 144 -393.73
3.560000 96 145 -422.37
3.560000 96 146 -98.19
3.560000 96 147 -603.52
3.560000 96 148 -757.18
3.560000 96 149 -352.27
3.560000 96 150 -364.28
3.560000 96 151 148.12
3.560000 96 152 82.90
3.560000 96 153 657.26
3.560000 96 154 463.35
3.560000 96 155 303.78
3.560000 96 156 34.24
3.560000 96 157 143.18
3.560000 96 158  2.62
3.560000 96 159 290.16
3.560000 96 160 -192.01
3.560000 96 161 -358.16
3.560000 96 162 -424.85
3.560000 96 163 -679.72
3.560000 96 164 -1416.69
3.560000 96 165 -2421.24
3.560000 96 166 -3499.19
3.560000 96 167 -3900.22
3.560000 96 168 -4091.04
3.560000 96 169 -3954.87
3.560000 96 170 -3511.36
3.560000 96 171 -3455.16
3.560000 96 172 -3757.29
3.560000 96 173 -3207.71
3.560000 96 174 -2675.50
3.560000 96 175 -3024.62
3.560000 96 176 -2936.51
3.560000 96 177 -3006.13
3.560000 96 178 -3928.95
3.560000 96 179 -4525.26
3.560000 96 180 -4789.29
3.560000 96 181 -4501.37
3.560000 96 182 -3861.70
3.560000 96 183 -3715.64
3.560000 96 184 -3316.67
3.560000 96 185 -2806.10
3.560000 96 186 -2756.83
3.560000 96 187 -2694.65
3.560000 96 188 -2195.78
3.560000 96 189 -2148.00
3.560000 96 190 -2423.39
3.560000 96 191 -2883.86
3.560000 96 192 -2882.56
3.560000 96 193 -2798.30
3.560000 96 194 -2655.91
3.560000 96 195 -2744.53
3.560000 96 196 -2642.45
3.560000 96 197 -2392.32
3.560000 96 198 -3021.15
3.560000 96 199 -2528.06
