2.190000 16 0 1485.99
2.190000 16 1 802.07
2.190000 16 2 449.12
2.190000 16 3 265.07
2.190000 16 4 164.81
2.190000 16 5 109.35
2.190000 16 6 64.67
2.190000 16 7 31.55
2.190000 16 8 20.49
2.190000 16 9  3.11
2.190000 16 10  3.48
2.190000 16 11  3.12
2.190000 16 12 -0.54
2.190000 16 13 -6.97
2.190000 16 14 -18.66
2.190000 16 15 -23.31
2.190000 16 16 -25.44
2.190000 16 17 -36.11
2.190000 16 18 -17.88
2.190000 16 19  4.02
2.190000 16 20 21.42
2.190000 16 21 22.71
2.190000 16 22 11.04
2.190000 16 23 21.70
2.190000 16 24 25.37
2.190000 16 25 40.14
2.190000 16 26 38.17
2.190000 16 27 31.95
2.190000 16 28  8.19
2.190000 16 29 -13.30
2.190000 16 30 -23.36
2.190000 16 31 -27.36
2.190000 16 32 -29.73
2.190000 16 33 -21.92
2.190000 16 34 -16.70
2.190000 16 35 -20.97
2.190000 16 36 -28.48
2.190000 16 37 -14.60
2.190000 16 38  6.14
2.190000 16 39 21.60
2.190000 16 40 28.19
2.190000 16 41 28.21
2.190000 16 42 15.65
2.190000 16 43 31.04
2.190000 16 44 20.65
2.190000 16 45 30.30
2.190000 16 46 28.18
2.190000 16 47 16.49
2.190000 16 48 20.52
2.190000 16 49  9.02
2.190000 16 50 18.68
2.190000 16 51 15.47
2.190000 16 52  6.34
2.190000 16 53 -3.41
2.190000 16 54 -39.30
2.190000 16 55 -44.22
2.190000 16 56 -40.98
2.190000 16 57 -33.11
2.190000 16 58 -29.97
2.190000 16 59 -33.19
2.190000 16 60 -40.36
2.190000 16 61 -34.74
2.190000 16 62 -36.65
2.190000 16 63 -25.83
2.190000 16 64 -1.71
2.190000 16 65 10.40
2.190000 16 66  7.85
2.190000 16 67 -14.45
2.190000 16 68 -28.33
2.190000 16 69 -17.02
2.190000 16 70  3.79
2.190000 16 71  1.67
2.190000 16 72 -0.03
2.190000 16 73  2.00
2.190000 16 74 -22.38
2.190000 16 75 -12.43
2.190000 16 76 -6.41
2.190000 16 77 -19.11
2.190000 16 78 -28.77
2.190000 16 79 -27.62
2.190000 16 80 -24.47
2.190000 16 81 -9.58
2.190000 16 82  5.99
2.190000 16 83 10.99
2.190000 16 84  5.42
2.190000 16 85 -10.53
2.190000 16 86 -10.58
2.190000 16 87 -19.81
2.190000 16 88 -26.92
2.190000 16 89 -20.92
2.190000 16 90 -17.73
2.190000 16 91 -17.40
2.190000 16 92 -37.61
2.190000 16 93 -35.92
2.190000 16 94 -45.18
2.190000 16 95 -37.28
2.190000 16 96 -34.91
2.190000 16 97 -47.55
2.190000 16 98 -34.73
2.190000 16 99 -32.05
2.190000 16 100 -21.28
2.190000 16 101 -31.09
2.190000 16 102 -19.78
2.190000 16 103 -16.91
2.190000 16 104 -23.68
2.190000 16 105 -37.36
2.190000 16 106 -29.11
2.190000 16 107 -23.73
2.190000 16 108 -10.80
2.190000 16 109  1.80
2.190000 16 110 -10.25
2.190000 16 111 -36.72
2.190000 16 112 -56.18
2.190000 16 113 -56.43
2.190000 16 114 -46.39
2.190000 16 115 -38.96
2.190000 16 116 -22.43
2.190000 16 117 -12.39
2.190000 16 118 -12.95
2.190000 16 119  1.08
2.190000 16 120 21.36
2.190000 16 121 26.95
2.190000 16 122  6.77
2.190000 16 123  4.03
2.190000 16 124 15.98
2.190000 16 125 18.56
2.190000 16 126 17.42
2.190000 16 127  2.18
2.190000 16 128 -2.18
2.190000 16 129 -7.99
2.190000 16 130  7.68
2.190000 16 131 17.09
2.190000 16 132 18.47
2.190000 16 133  3.61
2.190000 16 134 19.61
2.190000 16 135 20.05
2.190000 16 136 11.25
2.190000 16 137 11.80
2.190000 16 138  8.18
2.190000 16 139  2.14
2.190000 16 140 -1.84
2.190000 16 141 -9.13
2.190000 16 142 -10.01
2.190000 16 143 -18.86
2.190000 16 144 -0.88
2.190000 16 145 -8.82
2.190000 16 146  2.55
2.190000 16 147  9.16
2.190000 16 148 19.59
2.190000 16 149 30.80
2.190000 16 150 18.90
2.190000 16 151  7.09
2.190000 16 152  5.91
2.190000 16 153 12.33
2.190000 16 154 35.56
2.190000 16 155 37.04
2.190000 16 156 36.93
2.190000 16 157 34.88
2.190000 16 158 42.57
2.190000 16 159 65.22
2.190000 16 160 58.01
2.190000 16 161 65.28
2.190000 16 162 57.94
2.190000 16 163 68.19
2.190000 16 164 69.61
2.190000 16 165 44.63
2.190000 16 166 30.01
2.190000 16 167 23.85
2.190000 16 168 26.13
2.190000 16 169 28.14
2.190000 16 170 26.37
2.190000 16 171  7.38
2.190000 16 172  9.00
2.190000 16 173 34.10
2.190000 16 174 40.87
2.190000 16 175 41.62
2.190000 16 176 29.30
2.190000 16 177 35.59
2.190000 16 178 38.38
2.190000 16 179 38.80
2.190000 16 180 27.96
2.190000 16 181 49.23
2.190000 16 182 44.49
2.190000 16 183 44.72
2.190000 16 184 32.08
2.190000 16 185 24.00
2.190000 16 186  6.99
2.190000 16 187 -2.18
2.190000 16 188 23.62
2.190000 16 189 37.30
2.190000 16 190 23.13
2.190000 16 191 -0.39
2.190000 16 192  2.08
2.190000 16 193 11.95
2.190000 16 194 10.51
2.190000 16 195  7.39
2.190000 16 196 21.06
2.190000 16 197 25.66
2.190000 16 198 27.15
2.190000 16 199 28.17
