2.285000 128 0 192710.06
2.285000 128 1 173807.71
2.285000 128 2 156822.13
2.285000 128 3 140916.07
2.285000 128 4 126798.43
2.285000 128 5 114644.99
2.285000 128 6 103323.77
2.285000 128 7 93184.56
2.285000 128 8 84823.50
2.285000 128 9 77291.66
2.285000 128 10 69490.50
2.285000 128 11 62134.06
2.285000 128 12 55593.49
2.285000 128 13 49200.12
2.285000 128 14 43688.68
2.285000 128 15 38376.58
2.285000 128 16 32977.33
2.285000 128 17 27935.18
2.285000 128 18 22978.56
2.285000 128 19 19745.70
2.285000 128 20 16906.92
2.285000 128 21 13808.96
2.285000 128 22 11224.03
2.285000 128 23 9384.62
2.285000 128 24 8818.19
2.285000 128 25 8429.05
2.285000 128 26 8357.74
2.285000 128 27 7584.58
2.285000 128 28 7479.49
2.285000 128 29 7261.67
2.285000 128 30 7068.14
2.285000 128 31 8018.46
2.285000 128 32 9234.23
2.285000 128 33 9885.16
2.285000 128 34 10761.28
2.285000 128 35 12829.86
2.285000 128 36 14620.07
2.285000 128 37 15700.16
2.285000 128 38 16223.14
2.285000 128 39 17001.68
2.285000 128 40 17494.59
2.285000 128 41 19731.81
2.285000 128 42 22057.01
2.285000 128 43 24666.44
2.285000 128 44 26975.61
2.285000 128 45 29261.48
2.285000 128 46 30977.20
2.285000 128 47 32288.70
2.285000 128 48 33743.02
2.285000 128 49 34738.97
2.285000 128 50 34774.23
2.285000 128 51 35027.22
2.285000 128 52 34880.12
2.285000 128 53 34509.69
2.285000 128 54 34032.95
2.285000 128 55 33847.56
2.285000 128 56 34079.15
2.285000 128 57 34373.24
2.285000 128 58 35401.31
2.285000 128 59 35847.11
2.285000 128 60 35860.06
2.285000 128 61 35617.52
2.285000 128 62 35086.42
2.285000 128 63 34179.08
2.285000 128 64 33687.33
2.285000 128 65 32918.67
2.285000 128 66 32800.15
2.285000 128 67 32566.00
2.285000 128 68 32405.99
2.285000 128 69 32328.79
2.285000 128 70 32178.38
2.285000 128 71 31481.19
2.285000 128 72 30847.72
2.285000 128 73 30855.39
2.285000 128 74 31945.05
2.285000 128 75 32772.43
2.285000 128 76 33397.97
2.285000 128 77 34390.19
2.285000 128 78 35422.38
2.285000 128 79 36496.25
2.285000 128 80 37621.37
2.285000 128 81 38411.78
2.285000 128 82 39663.46
2.285000 128 83 40181.53
2.285000 128 84 40371.76
2.285000 128 85 40727.13
2.285000 128 86 41095.49
2.285000 128 87 41092.03
2.285000 128 88 41745.00
2.285000 128 89 42669.08
2.285000 128 90 43521.09
2.285000 128 91 44550.82
2.285000 128 92 45671.29
2.285000 128 93 46434.86
2.285000 128 94 47700.65
2.285000 128 95 49062.08
2.285000 128 96 51550.22
2.285000 128 97 52423.11
2.285000 128 98 53439.17
2.285000 128 99 55169.63
2.285000 128 100 56651.34
2.285000 128 101 58535.83
2.285000 128 102 60900.02
2.285000 128 103 63875.99
2.285000 128 104 66169.89
2.285000 128 105 68120.52
2.285000 128 106 69989.79
2.285000 128 107 71235.26
2.285000 128 108 71235.26
2.285000 128 109 72382.37
2.285000 128 110 73714.06
2.285000 128 111 73189.63
2.285000 128 112 72972.43
2.285000 128 113 73729.35
2.285000 128 114 74143.51
2.285000 128 115 74160.93
2.285000 128 116 75651.68
2.285000 128 117 77172.15
2.285000 128 118 78899.51
2.285000 128 119 79760.03
2.285000 128 120 80252.98
2.285000 128 121 81789.19
2.285000 128 122 82063.18
2.285000 128 123 82062.72
2.285000 128 124 81816.03
2.285000 128 125 81516.24
2.285000 128 126 81129.93
2.285000 128 127 82161.27
2.285000 128 128 81234.24
2.285000 128 129 79145.60
2.285000 128 130 76022.76
2.285000 128 131 73214.40
2.285000 128 132 69872.53
2.285000 128 133 68486.35
2.285000 128 134 67479.86
2.285000 128 135 67190.35
2.285000 128 136 65796.17
2.285000 128 137 65123.05
2.285000 128 138 63785.32
2.285000 128 139 62096.61
2.285000 128 140 60150.49
2.285000 128 141 58551.30
2.285000 128 142 58259.28
2.285000 128 143 58063.35
2.285000 128 144 57555.14
2.285000 128 145 56571.33
2.285000 128 146 55181.60
2.285000 128 147 53950.58
2.285000 128 148 52305.14
2.285000 128 149 50857.27
2.285000 128 150 49471.03
2.285000 128 151 48298.36
2.285000 128 152 47057.64
2.285000 128 153 46321.71
2.285000 128 154 44674.19
2.285000 128 155 43392.57
2.285000 128 156 41179.56
2.285000 128 157 38558.10
2.285000 128 158 35150.75
2.285000 128 159 33432.92
2.285000 128 160 30949.48
2.285000 128 161 26716.62
2.285000 128 162 22208.06
2.285000 128 163 17888.26
2.285000 128 164 15155.38
2.285000 128 165 13735.93
2.285000 128 166 12747.89
2.285000 128 167 11901.99
2.285000 128 168 10910.16
2.285000 128 169 9157.27
2.285000 128 170 7251.01
2.285000 128 171 6972.44
2.285000 128 172 6030.81
2.285000 128 173 2589.72
2.285000 128 174 65.71
2.285000 128 175 -2476.08
2.285000 128 176 -4726.24
2.285000 128 177 -7289.10
2.285000 128 178 -9329.87
2.285000 128 179 -10882.62
2.285000 128 180 -11920.93
2.285000 128 181 -12905.16
2.285000 128 182 -13874.36
2.285000 128 183 -13678.76
2.285000 128 184 -15331.27
2.285000 128 185 -15409.03
2.285000 128 186 -14687.08
2.285000 128 187 -14528.82
2.285000 128 188 -13974.70
2.285000 128 189 -12524.22
2.285000 128 190 -10739.53
2.285000 128 191 -9087.52
2.285000 128 192 -7447.42
2.285000 128 193 -6621.96
2.285000 128 194 -6214.33
2.285000 128 195 -5634.87
2.285000 128 196 -4683.18
2.285000 128 197 -3903.83
2.285000 128 198 -2422.53
2.285000 128 199 -826.32
