3.641000 96 0 294627.84
3.641000 96 1 248138.65
3.641000 96 2 211412.58
3.641000 96 3 182201.72
3.641000 96 4 157779.76
3.641000 96 5 137335.85
3.641000 96 6 120036.17
3.641000 96 7 105124.28
3.641000 96 8 92584.86
3.641000 96 9 81758.09
3.641000 96 10 72473.14
3.641000 96 11 63792.69
3.641000 96 12 55980.14
3.641000 96 13 49337.64
3.641000 96 14 43545.17
3.641000 96 15 38166.45
3.641000 96 16 33348.45
3.641000 96 17 29044.89
3.641000 96 18 25305.33
3.641000 96 19 21932.36
3.641000 96 20 18701.88
3.641000 96 21 15839.59
3.641000 96 22 13719.38
3.641000 96 23 11812.99
3.641000 96 24 10198.61
3.641000 96 25 9538.58
3.641000 96 26 8827.01
3.641000 96 27 8337.35
3.641000 96 28 8163.55
3.641000 96 29 7842.47
3.641000 96 30 7789.02
3.641000 96 31 7930.24
3.641000 96 32 8104.61
3.641000 96 33 8285.25
3.641000 96 34 8258.70
3.641000 96 35 8139.99
3.641000 96 36 7626.38
3.641000 96 37 7688.63
3.641000 96 38 7617.37
3.641000 96 39 7689.73
3.641000 96 40 7640.63
3.641000 96 41 7243.80
3.641000 96 42 6813.01
3.641000 96 43 6181.65
3.641000 96 44 5920.87
3.641000 96 45 5747.53
3.641000 96 46 5001.32
3.641000 96 47 4602.35
3.641000 96 48 3831.65
3.641000 96 49 3273.48
3.641000 96 50 2522.92
3.641000 96 51 1951.99
3.641000 96 52 1326.72
3.641000 96 53 839.08
3.641000 96 54 291.15
3.641000 96 55 -38.61
3.641000 96 56 -154.17
3.641000 96 57 -709.77
3.641000 96 58 -805.60
3.641000 96 59 -1049.47
3.641000 96 60 -1007.90
3.641000 96 61 -532.14
3.641000 96 62 -655.68
3.641000 96 63 -267.84
3.641000 96 64 -153.14
3.641000 96 65 33.23
3.641000 96 66 610.47
3.641000 96 67 955.21
3.641000 96 68 974.06
3.641000 96 69 551.52
3.641000 96 70 234.62
3.641000 96 71 -387.19
3.641000 96 72 -911.39
3.641000 96 73 -1226.92
3.641000 96 74 -1521.75
3.641000 96 75 -1641.72
3.641000 96 76 -1887.55
3.641000 96 77 -1964.92
3.641000 96 78 -2173.26
3.641000 96 79 -2187.10
3.641000 96 80 -2732.09
3.641000 96 81 -3005.11
3.641000 96 82 -3376.18
3.641000 96 83 -3478.92
3.641000 96 84 -3740.03
3.641000 96 85 -3511.85
3.641000 96 86 -3642.47
3.641000 96 87 -3512.66
3.641000 96 88 -3667.64
3.641000 96 89 -3929.09
3.641000 96 90 -4086.92
3.641000 96 91 -4532.98
3.641000 96 92 -4774.06
3.641000 96 93 -4925.08
3.641000 96 94 -4986.79
3.641000 96 95 -5170.53
3.641000 96 96 -5335.31
3.641000 96 97 -5201.95
3.641000 96 98 -4958.88
3.641000 96 99 -5244.91
3.641000 96 100 -5454.09
3.641000 96 101 -5652.72
3.641000 96 102 -5919.48
3.641000 96 103 -6136.99
3.641000 96 104 -6422.95
3.641000 96 105 -6417.99
3.641000 96 106 -6820.91
3.641000 96 107 -7355.65
3.641000 96 108 -8113.44
3.641000 96 109 -8391.38
3.641000 96 110 -8577.05
3.641000 96 111 -8788.73
3.641000 96 112 -9051.25
3.641000 96 113 -9309.75
3.641000 96 114 -9687.58
3.641000 96 115 -9975.95
3.641000 96 116 -9587.06
3.641000 96 117 -9288.49
3.641000 96 118 -8845.51
3.641000 96 119 -8705.45
3.641000 96 120 -8728.85
3.641000 96 121 -8652.40
3.641000 96 122 -8156.87
3.641000 96 123 -7859.12
3.641000 96 124 -7630.01
3.641000 96 125 -7784.41
3.641000 96 126 -8050.83
3.641000 96 127 -8323.01
3.641000 96 128 -8157.22
3.641000 96 129 -8334.57
3.641000 96 130 -8802.29
3.641000 96 131 -9191.47
3.641000 96 132 -10190.41
3.641000 96 133 -10297.88
3.641000 96 134 -10026.28
3.641000 96 135 -9849.48
3.641000 96 136 -9869.14
3.641000 96 137 -9626.89
3.641000 96 138 -10033.37
3.641000 96 139 -10046.54
3.641000 96 140 -9337.94
3.641000 96 141 -8731.85
3.641000 96 142 -8388.19
3.641000 96 143 -7886.90
3.641000 96 144 -7031.09
3.641000 96 145 -6018.00
3.641000 96 146 -4985.04
3.641000 96 147 -3821.32
3.641000 96 148 -2761.73
3.641000 96 149 -1901.51
3.641000 96 150 -1173.45
3.641000 96 151 -718.25
3.641000 96 152 -324.98
3.641000 96 153 540.69
3.641000 96 154 1407.34
3.641000 96 155 1512.64
3.641000 96 156 1479.56
3.641000 96 157 1332.96
3.641000 96 158 1331.44
3.641000 96 159 1681.00
3.641000 96 160 1617.02
3.641000 96 161 1828.47
3.641000 96 162 1750.85
3.641000 96 163 1247.71
3.641000 96 164 1064.75
3.641000 96 165 482.38
3.641000 96 166 -72.18
3.641000 96 167 -610.45
3.641000 96 168 -880.44
3.641000 96 169 -1334.44
3.641000 96 170 -1658.55
3.641000 96 171 -1953.31
3.641000 96 172 -2877.65
3.641000 96 173 -3354.58
3.641000 96 174 -3926.34
3.641000 96 175 -4186.05
3.641000 96 176 -4176.97
3.641000 96 177 -4095.71
3.641000 96 178 -3854.15
3.641000 96 179 -3874.41
3.641000 96 180 -4080.32
3.641000 96 181 -3810.84
3.641000 96 182 -4003.00
3.641000 96 183 -3644.76
3.641000 96 184 -3559.73
3.641000 96 185 -2534.18
3.641000 96 186 -1903.70
3.641000 96 187 -1433.98
3.641000 96 188 -1054.23
3.641000 96 189 -612.17
3.641000 96 190 -159.61
3.641000 96 191 429.43
3.641000 96 192 722.96
3.641000 96 193 1017.67
3.641000 96 194 1125.53
3.641000 96 195 1608.62
3.641000 96 196 2018.63
3.641000 96 197 2140.65
3.641000 96 198 1916.05
3.641000 96 199 1459.98
