3.600000 24 0 11954.32
3.600000 24 1 8080.25
3.600000 24 2 5625.34
3.600000 24 3 3966.86
3.600000 24 4 2812.93
3.600000 24 5 2045.67
3.600000 24 6 1500.29
3.600000 24 7 1105.51
3.600000 24 8 806.49
3.600000 24 9 596.96
3.600000 24 10 435.64
3.600000 24 11 339.29
3.600000 24 12 259.00
3.600000 24 13 214.65
3.600000 24 14 191.71
3.600000 24 15 166.24
3.600000 24 16 121.43
3.600000 24 17 94.99
3.600000 24 18 40.76
3.600000 24 19  8.30
3.600000 24 20 -28.89
3.600000 24 21 -48.98
3.600000 24 22 -63.94
3.600000 24 23 -81.69
3.600000 24 24 -75.15
3.600000 24 25 -91.05
3.600000 24 26 -96.85
3.600000 24 27 -90.49
3.600000 24 28 -79.02
3.600000 24 29 -50.05
3.600000 24 30  7.85
3.600000 24 31 -12.03
3.600000 24 32 -23.86
3.600000 24 33 -40.50
3.600000 24 34 -12.23
3.600000 24 35 -9.57
3.600000 24 36 -37.20
3.600000 24 37 -28.85
3.600000 24 38 -6.91
3.600000 24 39 -38.75
3.600000 24 40 -49.75
3.600000 24 41 -32.51
3.600000 24 42 -9.36
3.600000 24 43 -5.46
3.600000 24 44 -6.23
3.600000 24 45 10.83
3.600000 24 46  2.98
3.600000 24 47 -18.14
3.600000 24 48 -14.53
3.600000 24 49 -34.93
3.600000 24 50 -24.56
3.600000 24 51 -0.53
3.600000 24 52 40.87
3.600000 24 53 82.54
3.600000 24 54 119.57
3.600000 24 55 127.84
3.600000 24 56 121.62
3.600000 24 57 139.92
3.600000 24 58 132.13
3.600000 24 59 115.14
3.600000 24 60 119.04
3.600000 24 61 133.18
3.600000 24 62 144.42
3.600000 24 63 137.03
3.600000 24 64 152.92
3.600000 24 65 147.79
3.600000 24 66 139.06
3.600000 24 67 142.82
3.600000 24 68 145.54
3.600000 24 69 137.99
3.600000 24 70 105.92
3.600000 24 71 69.84
3.600000 24 72 72.62
3.600000 24 73 80.20
3.600000 24 74 138.68
3.600000 24 75 144.38
3.600000 24 76 143.65
3.600000 24 77 135.73
3.600000 24 78 131.63
3.600000 24 79 82.60
3.600000 24 80 104.30
3.600000 24 81 136.08
3.600000 24 82 119.65
3.600000 24 83 114.92
3.600000 24 84 105.58
3.600000 24 85 94.40
3.600000 24 86 64.40
3.600000 24 87 92.44
3.600000 24 88 65.07
3.600000 24 89 42.92
3.600000 24 90 52.23
3.600000 24 91 65.11
3.600000 24 92 62.06
3.600000 24 93 67.26
3.600000 24 94  8.35
3.600000 24 95 -49.90
3.600000 24 96 -29.96
3.600000 24 97  2.11
3.600000 24 98 13.59
3.600000 24 99 36.35
3.600000 24 100 40.73
3.600000 24 101 10.98
3.600000 24 102  7.63
3.600000 24 103 -30.32
3.600000 24 104 -15.77
3.600000 24 105  9.45
3.600000 24 106 -4.09
3.600000 24 107 25.78
3.600000 24 108 67.82
3.600000 24 109 78.68
3.600000 24 110 104.53
3.600000 24 111 99.95
3.600000 24 112 109.89
3.600000 24 113 99.72
3.600000 24 114 72.00
3.600000 24 115 50.32
3.600000 24 116 50.84
3.600000 24 117 33.08
3.600000 24 118 20.67
3.600000 24 119 15.94
3.600000 24 120 -22.68
3.600000 24 121 -26.18
3.600000 24 122 -23.45
3.600000 24 123 -24.13
3.600000 24 124 -53.32
3.600000 24 125 -46.83
3.600000 24 126  1.96
3.600000 24 127 34.66
3.600000 24 128 28.37
3.600000 24 129 36.80
3.600000 24 130 59.42
3.600000 24 131 41.57
3.600000 24 132 -11.49
3.600000 24 133 -43.88
3.600000 24 134 -29.04
3.600000 24 135 -29.74
3.600000 24 136 -47.99
3.600000 24 137 -29.24
3.600000 24 138 -17.84
3.600000 24 139 -43.79
3.600000 24 140 -10.50
3.600000 24 141  8.31
3.600000 24 142 50.59
3.600000 24 143 97.22
3.600000 24 144 105.85
3.600000 24 145 109.05
3.600000 24 146 85.93
3.600000 24 147 65.43
3.600000 24 148 13.32
3.600000 24 149 -0.23
3.600000 24 150 -8.00
3.600000 24 151 10.54
3.600000 24 152 -4.23
3.600000 24 153  0.47
3.600000 24 154 44.35
3.600000 24 155 51.38
3.600000 24 156 54.66
3.600000 24 157 34.86
3.600000 24 158 31.57
3.600000 24 159 40.91
3.600000 24 160 -4.14
3.600000 24 161 -8.63
3.600000 24 162 -24.26
3.600000 24 163 -35.01
3.600000 24 164 -12.92
3.600000 24 165 -11.99
3.600000 24 166 -20.49
3.600000 24 167 -37.58
3.600000 24 168 -11.01
3.600000 24 169 -2.46
3.600000 24 170 -38.23
3.600000 24 171 -45.66
3.600000 24 172 -21.18
3.600000 24 173 -24.90
3.600000 24 174 -23.70
3.600000 24 175 -61.14
3.600000 24 176 -53.49
3.600000 24 177 -10.43
3.600000 24 178 -8.17
3.600000 24 179 -9.57
3.600000 24 180 -30.87
3.600000 24 181 -13.28
3.600000 24 182  0.24
3.600000 24 183 -7.00
3.600000 24 184 -0.43
3.600000 24 185 -10.48
3.600000 24 186 -10.78
3.600000 24 187  7.97
3.600000 24 188 37.21
3.600000 24 189 58.14
3.600000 24 190 37.44
3.600000 24 191 29.63
3.600000 24 192 -0.03
3.600000 24 193 -15.15
3.600000 24 194 28.83
3.600000 24 195 36.54
3.600000 24 196 50.62
3.600000 24 197 62.04
3.600000 24 198 73.38
3.600000 24 199 71.73
