3.630000 64 0 114637.25
3.630000 64 1 91310.80
3.630000 64 2 74196.15
3.630000 64 3 60938.41
3.630000 64 4 50349.60
3.630000 64 5 41896.50
3.630000 64 6 35043.36
3.630000 64 7 29453.42
3.630000 64 8 24619.97
3.630000 64 9 20892.38
3.630000 64 10 17593.54
3.630000 64 11 14851.94
3.630000 64 12 12602.28
3.630000 64 13 10494.71
3.630000 64 14 8681.23
3.630000 64 15 7233.01
3.630000 64 16 6101.31
3.630000 64 17 5039.47
3.630000 64 18 4152.20
3.630000 64 19 3518.15
3.630000 64 20 2973.68
3.630000 64 21 2638.89
3.630000 64 22 2221.29
3.630000 64 23 1940.85
3.630000 64 24 1780.45
3.630000 64 25 1903.11
3.630000 64 26 1677.14
3.630000 64 27 1398.09
3.630000 64 28 1082.73
3.630000 64 29 966.67
3.630000 64 30 861.36
3.630000 64 31 956.82
3.630000 64 32 845.51
3.630000 64 33 604.19
3.630000 64 34 347.28
3.630000 64 35 163.77
3.630000 64 36 -214.06
3.630000 64 37 -386.26
3.630000 64 38 -449.75
3.630000 64 39 -538.67
3.630000 64 40 -641.37
3.630000 64 41 -634.71
3.630000 64 42 -732.78
3.630000 64 43 -794.07
3.630000 64 44 -708.70
3.630000 64 45 -869.30
3.630000 64 46 -1075.24
3.630000 64 47 -1089.37
3.630000 64 48 -1212.70
3.630000 64 49 -1324.70
3.630000 64 50 -1403.14
3.630000 64 51 -1447.11
3.630000 64 52 -1521.91
3.630000 64 53 -1486.17
3.630000 64 54 -1273.07
3.630000 64 55 -1336.72
3.630000 64 56 -1453.74
3.630000 64 57 -1736.25
3.630000 64 58 -2090.42
3.630000 64 59 -2340.82
3.630000 64 60 -2345.40
3.630000 64 61 -2228.93
3.630000 64 62 -1927.42
3.630000 64 63 -1512.30
3.630000 64 64 -1380.56
3.630000 64 65 -1144.60
3.630000 64 66 -981.66
3.630000 64 67 -910.53
3.630000 64 68 -855.72
3.630000 64 69 -1066.56
3.630000 64 70 -1296.22
3.630000 64 71 -1296.86
3.630000 64 72 -1188.80
3.630000 64 73 -1067.27
3.630000 64 74 -1102.40
3.630000 64 75 -1234.06
3.630000 64 76 -1003.62
3.630000 64 77 -947.39
3.630000 64 78 -807.22
3.630000 64 79 -793.10
3.630000 64 80 -946.84
3.630000 64 81 -1177.78
3.630000 64 82 -1304.85
3.630000 64 83 -1381.44
3.630000 64 84 -1381.94
3.630000 64 85 -1205.25
3.630000 64 86 -1158.95
3.630000 64 87 -890.61
3.630000 64 88 -604.53
3.630000 64 89 -526.19
3.630000 64 90 -435.88
3.630000 64 91 -478.03
3.630000 64 92 -674.10
3.630000 64 93 -722.80
3.630000 64 94 -686.44
3.630000 64 95 -714.05
3.630000 64 96 -625.89
3.630000 64 97 -770.07
3.630000 64 98 -764.24
3.630000 64 99 -787.49
3.630000 64 100 -940.19
3.630000 64 101 -1167.02
3.630000 64 102 -1418.69
3.630000 64 103 -1672.64
3.630000 64 104 -1988.22
3.630000 64 105 -2161.54
3.630000 64 106 -2179.52
3.630000 64 107 -2209.19
3.630000 64 108 -2209.52
3.630000 64 109 -1947.53
3.630000 64 110 -1485.99
3.630000 64 111 -1289.08
3.630000 64 112 -1284.69
3.630000 64 113 -1241.07
3.630000 64 114 -1243.66
3.630000 64 115 -1043.32
3.630000 64 116 -1123.72
3.630000 64 117 -1313.94
3.630000 64 118 -1394.13
3.630000 64 119 -1229.46
3.630000 64 120 -1332.92
3.630000 64 121 -1424.15
3.630000 64 122 -1423.67
3.630000 64 123 -1490.15
3.630000 64 124 -1563.40
3.630000 64 125 -1548.16
3.630000 64 126 -1417.47
3.630000 64 127 -1421.49
3.630000 64 128 -1295.16
3.630000 64 129 -1171.58
3.630000 64 130 -1111.46
3.630000 64 131 -1163.46
3.630000 64 132 -1083.88
3.630000 64 133 -1054.45
3.630000 64 134 -938.53
3.630000 64 135 -883.55
3.630000 64 136 -765.89
3.630000 64 137 -531.42
3.630000 64 138 -485.19
3.630000 64 139 -471.48
3.630000 64 140 -269.81
3.630000 64 141 -40.97
3.630000 64 142 -64.15
3.630000 64 143 13.58
3.630000 64 144 -56.35
3.630000 64 145 -270.34
3.630000 64 146 -256.03
3.630000 64 147 -33.03
3.630000 64 148 -92.50
3.630000 64 149 -208.77
3.630000 64 150 -328.28
3.630000 64 151 -425.67
3.630000 64 152 -571.31
3.630000 64 153 -855.08
3.630000 64 154 -1110.47
3.630000 64 155 -1350.80
3.630000 64 156 -1368.46
3.630000 64 157 -1542.69
3.630000 64 158 -1819.26
3.630000 64 159 -2056.68
3.630000 64 160 -2288.49
3.630000 64 161 -2532.07
3.630000 64 162 -2615.09
3.630000 64 163 -2625.25
3.630000 64 164 -2567.96
3.630000 64 165 -2304.51
3.630000 64 166 -2187.10
3.630000 64 167 -1998.92
3.630000 64 168 -1932.56
3.630000 64 169 -1792.88
3.630000 64 170 -1776.21
3.630000 64 171 -1626.59
3.630000 64 172 -1523.24
3.630000 64 173 -1244.96
3.630000 64 174 -1083.74
3.630000 64 175 -1091.05
3.630000 64 176 -1000.41
3.630000 64 177 -1063.25
3.630000 64 178 -1235.10
3.630000 64 179 -1194.41
3.630000 64 180 -1258.94
3.630000 64 181 -1463.91
3.630000 64 182 -1469.66
3.630000 64 183 -1627.67
3.630000 64 184 -1736.18
3.630000 64 185 -1709.55
3.630000 64 186 -1477.11
3.630000 64 187 -1354.93
3.630000 64 188 -1300.44
3.630000 64 189 -1453.63
3.630000 64 190 -1722.29
3.630000 64 191 -1803.50
3.630000 64 192 -1717.31
3.630000 64 193 -1664.41
3.630000 64 194 -1592.29
3.630000 64 195 -1679.59
3.630000 64 196 -1765.49
3.630000 64 197 -1806.75
3.630000 64 198 -1844.29
3.630000 64 199 -1767.65
