3.635000 16 0 2219.81
3.635000 16 1 1393.52
3.635000 16 2 918.79
3.635000 16 3 602.18
3.635000 16 4 404.97
3.635000 16 5 284.90
3.635000 16 6 191.16
3.635000 16 7 126.87
3.635000 16 8 80.88
3.635000 16 9 22.38
3.635000 16 10 -15.30
3.635000 16 11 -45.82
3.635000 16 12 -49.29
3.635000 16 13 -67.65
3.635000 16 14 -90.47
3.635000 16 15 -101.95
3.635000 16 16 -107.57
3.635000 16 17 -90.58
3.635000 16 18 -92.35
3.635000 16 19 -77.97
3.635000 16 20 -65.07
3.635000 16 21 -55.40
3.635000 16 22 -57.55
3.635000 16 23 -58.98
3.635000 16 24 -61.55
3.635000 16 25 -78.76
3.635000 16 26 -92.95
3.635000 16 27 -71.22
3.635000 16 28 -78.38
3.635000 16 29 -93.56
3.635000 16 30 -104.34
3.635000 16 31 -125.65
3.635000 16 32 -85.65
3.635000 16 33 -47.40
3.635000 16 34 -33.05
3.635000 16 35 -22.97
3.635000 16 36 -22.05
3.635000 16 37 -39.31
3.635000 16 38 -50.52
3.635000 16 39 -43.26
3.635000 16 40 -48.10
3.635000 16 41 -48.33
3.635000 16 42 -50.96
3.635000 16 43 -42.72
3.635000 16 44 -23.59
3.635000 16 45 -5.85
3.635000 16 46 -12.88
3.635000 16 47 -14.46
3.635000 16 48 -4.07
3.635000 16 49  5.59
3.635000 16 50  5.06
3.635000 16 51 -4.47
3.635000 16 52 -30.43
3.635000 16 53 -42.52
3.635000 16 54 -65.88
3.635000 16 55 -64.60
3.635000 16 56 -59.13
3.635000 16 57 -62.01
3.635000 16 58 -78.88
3.635000 16 59 -80.48
3.635000 16 60 -86.46
3.635000 16 61 -91.09
3.635000 16 62 -74.99
3.635000 16 63 -56.83
3.635000 16 64 -66.86
3.635000 16 65 -80.09
3.635000 16 66 -79.06
3.635000 16 67 -82.33
3.635000 16 68 -97.28
3.635000 16 69 -77.59
3.635000 16 70 -93.09
3.635000 16 71 -101.16
3.635000 16 72 -107.25
3.635000 16 73 -109.23
3.635000 16 74 -82.15
3.635000 16 75 -59.90
3.635000 16 76 -41.01
3.635000 16 77 -59.88
3.635000 16 78 -78.19
3.635000 16 79 -63.94
3.635000 16 80 -67.76
3.635000 16 81 -57.23
3.635000 16 82 -25.32
3.635000 16 83 -1.53
3.635000 16 84 -25.82
3.635000 16 85 -30.74
3.635000 16 86 -24.24
3.635000 16 87 -45.70
3.635000 16 88 -84.82
3.635000 16 89 -100.33
3.635000 16 90 -112.21
3.635000 16 91 -99.79
3.635000 16 92 -86.18
3.635000 16 93 -77.24
3.635000 16 94 -91.07
3.635000 16 95 -118.55
3.635000 16 96 -128.00
3.635000 16 97 -143.97
3.635000 16 98 -153.93
3.635000 16 99 -149.97
3.635000 16 100 -122.81
3.635000 16 101 -124.74
3.635000 16 102 -120.43
3.635000 16 103 -105.61
3.635000 16 104 -83.69
3.635000 16 105 -70.65
3.635000 16 106 -49.62
3.635000 16 107 -26.61
3.635000 16 108 -19.38
3.635000 16 109 -20.43
3.635000 16 110  4.92
3.635000 16 111 13.67
3.635000 16 112 14.14
3.635000 16 113 -11.18
3.635000 16 114 -41.93
3.635000 16 115 -34.46
3.635000 16 116 -28.86
3.635000 16 117 -42.35
3.635000 16 118 -47.17
3.635000 16 119 -48.88
3.635000 16 120 -36.31
3.635000 16 121 -27.00
3.635000 16 122 -20.44
3.635000 16 123 -45.73
3.635000 16 124 -61.88
3.635000 16 125 -74.70
3.635000 16 126 -97.69
3.635000 16 127 -112.66
3.635000 16 128 -109.57
3.635000 16 129 -120.02
3.635000 16 130 -121.47
3.635000 16 131 -116.31
3.635000 16 132 -104.62
3.635000 16 133 -112.80
3.635000 16 134 -109.55
3.635000 16 135 -112.84
3.635000 16 136 -118.37
3.635000 16 137 -135.12
3.635000 16 138 -122.82
3.635000 16 139 -119.94
3.635000 16 140 -112.50
3.635000 16 141 -102.50
3.635000 16 142 -103.45
3.635000 16 143 -107.17
3.635000 16 144 -110.18
3.635000 16 145 -104.89
3.635000 16 146 -116.93
3.635000 16 147 -154.80
3.635000 16 148 -143.56
3.635000 16 149 -132.85
3.635000 16 150 -118.29
3.635000 16 151 -126.62
3.635000 16 152 -117.78
3.635000 16 153 -108.86
3.635000 16 154 -90.58
3.635000 16 155 -84.85
3.635000 16 156 -83.09
3.635000 16 157 -71.47
3.635000 16 158 -48.67
3.635000 16 159 -41.38
3.635000 16 160 -68.16
3.635000 16 161 -60.63
3.635000 16 162 -34.76
3.635000 16 163 -56.23
3.635000 16 164 -51.42
3.635000 16 165 -68.15
3.635000 16 166 -55.25
3.635000 16 167 -58.49
3.635000 16 168 -55.85
3.635000 16 169 -51.41
3.635000 16 170 -22.52
3.635000 16 171 -22.66
3.635000 16 172 -28.19
3.635000 16 173 -36.21
3.635000 16 174 -57.48
3.635000 16 175 -49.79
3.635000 16 176 -44.14
3.635000 16 177 -36.76
3.635000 16 178 -52.02
3.635000 16 179 -38.95
3.635000 16 180 -56.00
3.635000 16 181 -83.94
3.635000 16 182 -113.84
3.635000 16 183 -116.75
3.635000 16 184 -122.82
3.635000 16 185 -107.56
3.635000 16 186 -114.13
3.635000 16 187 -135.92
3.635000 16 188 -152.00
3.635000 16 189 -149.28
3.635000 16 190 -144.71
3.635000 16 191 -139.89
3.635000 16 192 -142.19
3.635000 16 193 -128.59
3.635000 16 194 -118.24
3.635000 16 195 -147.29
3.635000 16 196 -162.38
3.635000 16 197 -165.39
3.635000 16 198 -178.20
3.635000 16 199 -197.77
