3.610000 48 0 24247.60
3.610000 48 1 17741.91
3.610000 48 2 13413.49
3.610000 48 3 10256.44
3.610000 48 4 7940.21
3.610000 48 5 6377.64
3.610000 48 6 5098.94
3.610000 48 7 4273.49
3.610000 48 8 3603.65
3.610000 48 9 3316.92
3.610000 48 10 2777.91
3.610000 48 11 2521.93
3.610000 48 12 2213.60
3.610000 48 13 2189.06
3.610000 48 14 2204.31
3.610000 48 15 2198.92
3.610000 48 16 1925.27
3.610000 48 17 1555.15
3.610000 48 18 1620.82
3.610000 48 19 1728.70
3.610000 48 20 1673.90
3.610000 48 21 1678.17
3.610000 48 22 1706.87
3.610000 48 23 1598.88
3.610000 48 24 1400.69
3.610000 48 25 1436.36
3.610000 48 26 1505.95
3.610000 48 27 1657.57
3.610000 48 28 1733.37
3.610000 48 29 1809.48
3.610000 48 30 1814.00
3.610000 48 31 1836.56
3.610000 48 32 1841.80
3.610000 48 33 1829.68
3.610000 48 34 1682.63
3.610000 48 35 1745.83
3.610000 48 36 1693.33
3.610000 48 37 1477.66
3.610000 48 38 1422.23
3.610000 48 39 1437.75
3.610000 48 40 1692.58
3.610000 48 41 1743.93
3.610000 48 42 1921.07
3.610000 48 43 1993.97
3.610000 48 44 2033.14
3.610000 48 45 2114.26
3.610000 48 46 2092.63
3.610000 48 47 1880.76
3.610000 48 48 1731.06
3.610000 48 49 1716.34
3.610000 48 50 1723.49
3.610000 48 51 1661.33
3.610000 48 52 1454.95
3.610000 48 53 1413.88
3.610000 48 54 1351.72
3.610000 48 55 1010.76
3.610000 48 56 893.14
3.610000 48 57 729.79
3.610000 48 58 690.17
3.610000 48 59 537.58
3.610000 48 60 443.04
3.610000 48 61 497.60
3.610000 48 62 757.38
3.610000 48 63 908.08
3.610000 48 64 1021.85
3.610000 48 65 1125.45
3.610000 48 66 1209.01
3.610000 48 67 1091.40
3.610000 48 68 1062.65
3.610000 48 69 1292.58
3.610000 48 70 1471.63
3.610000 48 71 1583.55
3.610000 48 72 1566.38
3.610000 48 73 1569.93
3.610000 48 74 1660.74
3.610000 48 75 1680.59
3.610000 48 76 1771.67
3.610000 48 77 2043.26
3.610000 48 78 2111.04
3.610000 48 79 2276.33
3.610000 48 80 2281.86
3.610000 48 81 2040.87
3.610000 48 82 1791.36
3.610000 48 83 1642.03
3.610000 48 84 1514.12
3.610000 48 85 1337.73
3.610000 48 86 1072.83
3.610000 48 87 903.72
3.610000 48 88 808.55
3.610000 48 89 882.88
3.610000 48 90 766.93
3.610000 48 91 844.86
3.610000 48 92 998.57
3.610000 48 93 1171.11
3.610000 48 94 1242.89
3.610000 48 95 1332.81
3.610000 48 96 1453.33
3.610000 48 97 1585.65
3.610000 48 98 1650.84
3.610000 48 99 1680.49
3.610000 48 100 1554.61
3.610000 48 101 1232.59
3.610000 48 102 1069.34
3.610000 48 103 1070.02
3.610000 48 104 881.58
3.610000 48 105 847.87
3.610000 48 106 794.10
3.610000 48 107 708.24
3.610000 48 108 723.25
3.610000 48 109 726.12
3.610000 48 110 760.31
3.610000 48 111 793.20
3.610000 48 112 875.78
3.610000 48 113 889.59
3.610000 48 114 953.49
3.610000 48 115 973.03
3.610000 48 116 1011.31
3.610000 48 117 1009.14
3.610000 48 118 1212.61
3.610000 48 119 1263.93
3.610000 48 120 1372.95
3.610000 48 121 1584.49
3.610000 48 122 1838.42
3.610000 48 123 2157.40
3.610000 48 124 2419.98
3.610000 48 125 2435.59
3.610000 48 126 2355.89
3.610000 48 127 2443.99
3.610000 48 128 2418.12
3.610000 48 129 2466.24
3.610000 48 130 2611.97
3.610000 48 131 2586.83
3.610000 48 132 2690.52
3.610000 48 133 2715.95
3.610000 48 134 2557.26
3.610000 48 135 2245.91
3.610000 48 136 1976.82
3.610000 48 137 1939.12
3.610000 48 138 1982.69
3.610000 48 139 1911.42
3.610000 48 140 1769.88
3.610000 48 141 1763.42
3.610000 48 142 1681.19
3.610000 48 143 1822.00
3.610000 48 144 1804.75
3.610000 48 145 1733.14
3.610000 48 146 1781.75
3.610000 48 147 1603.41
3.610000 48 148 1758.14
3.610000 48 149 1659.46
3.610000 48 150 1560.50
3.610000 48 151 1472.20
3.610000 48 152 1598.62
3.610000 48 153 1401.03
3.610000 48 154 1382.04
3.610000 48 155 1336.43
3.610000 48 156 1450.20
3.610000 48 157 1438.91
3.610000 48 158 1430.24
3.610000 48 159 1478.26
3.610000 48 160 1457.81
3.610000 48 161 1582.45
3.610000 48 162 1819.05
3.610000 48 163 1986.88
3.610000 48 164 1982.28
3.610000 48 165 1949.02
3.610000 48 166 1827.18
3.610000 48 167 1904.39
3.610000 48 168 1746.60
3.610000 48 169 1718.77
3.610000 48 170 1679.21
3.610000 48 171 1695.32
3.610000 48 172 1556.70
3.610000 48 173 1310.53
3.610000 48 174 1338.51
3.610000 48 175 1327.17
3.610000 48 176 1357.94
3.610000 48 177 1207.18
3.610000 48 178 984.83
3.610000 48 179 852.78
3.610000 48 180 661.06
3.610000 48 181 721.56
3.610000 48 182 616.65
3.610000 48 183 472.01
3.610000 48 184 615.16
3.610000 48 185 699.26
3.610000 48 186 661.90
3.610000 48 187 697.90
3.610000 48 188 838.13
3.610000 48 189 757.58
3.610000 48 190 783.19
3.610000 48 191 899.02
3.610000 48 192 814.85
3.610000 48 193 929.78
3.610000 48 194 1173.99
3.610000 48 195 1354.54
3.610000 48 196 1366.84
3.610000 48 197 1377.51
3.610000 48 198 1547.03
3.610000 48 199 1432.00
