3.720000 24 0 6200.92
3.720000 24 1 4757.98
3.720000 24 2 3702.44
3.720000 24 3 2943.67
3.720000 24 4 2344.15
3.720000 24 5 1874.19
3.720000 24 6 1472.80
3.720000 24 7 1129.16
3.720000 24 8 878.48
3.720000 24 9 691.14
3.720000 24 10 613.04
3.720000 24 11 522.73
3.720000 24 12 455.36
3.720000 24 13 408.73
3.720000 24 14 325.51
3.720000 24 15 229.33
3.720000 24 16 188.06
3.720000 24 17 179.68
3.720000 24 18 155.06
3.720000 24 19 159.88
3.720000 24 20 176.08
3.720000 24 21 181.74
3.720000 24 22 185.57
3.720000 24 23 194.70
3.720000 24 24 210.72
3.720000 24 25 178.79
3.720000 24 26 171.35
3.720000 24 27 211.04
3.720000 24 28 223.85
3.720000 24 29 233.15
3.720000 24 30 246.60
3.720000 24 31 235.78
3.720000 24 32 231.27
3.720000 24 33 255.67
3.720000 24 34 335.31
3.720000 24 35 381.19
3.720000 24 36 429.78
3.720000 24 37 495.73
3.720000 24 38 462.08
3.720000 24 39 398.93
3.720000 24 40 381.55
3.720000 24 41 380.85
3.720000 24 42 361.47
3.720000 24 43 331.64
3.720000 24 44 362.98
3.720000 24 45 356.06
3.720000 24 46 363.17
3.720000 24 47 379.38
3.720000 24 48 436.49
3.720000 24 49 426.53
3.720000 24 50 380.49
3.720000 24 51 340.42
3.720000 24 52 270.33
3.720000 24 53 274.96
3.720000 24 54 260.37
3.720000 24 55 238.85
3.720000 24 56 223.24
3.720000 24 57 304.10
3.720000 24 58 382.84
3.720000 24 59 444.75
3.720000 24 60 481.48
3.720000 24 61 521.91
3.720000 24 62 546.03
3.720000 24 63 547.33
3.720000 24 64 522.35
3.720000 24 65 546.03
3.720000 24 66 529.03
3.720000 24 67 570.54
3.720000 24 68 573.29
3.720000 24 69 549.12
3.720000 24 70 512.10
3.720000 24 71 514.04
3.720000 24 72 491.41
3.720000 24 73 446.71
3.720000 24 74 414.85
3.720000 24 75 378.20
3.720000 24 76 359.59
3.720000 24 77 353.01
3.720000 24 78 381.81
3.720000 24 79 373.45
3.720000 24 80 330.95
3.720000 24 81 285.55
3.720000 24 82 240.91
3.720000 24 83 259.74
3.720000 24 84 289.79
3.720000 24 85 298.36
3.720000 24 86 326.85
3.720000 24 87 322.85
3.720000 24 88 350.92
3.720000 24 89 346.72
3.720000 24 90 307.81
3.720000 24 91 285.25
3.720000 24 92 258.59
3.720000 24 93 283.40
3.720000 24 94 291.55
3.720000 24 95 288.76
3.720000 24 96 314.00
3.720000 24 97 344.10
3.720000 24 98 333.04
3.720000 24 99 344.02
3.720000 24 100 373.12
3.720000 24 101 399.70
3.720000 24 102 408.63
3.720000 24 103 406.51
3.720000 24 104 408.18
3.720000 24 105 417.52
3.720000 24 106 419.58
3.720000 24 107 415.81
3.720000 24 108 382.61
3.720000 24 109 332.01
3.720000 24 110 307.70
3.720000 24 111 357.08
3.720000 24 112 378.39
3.720000 24 113 402.15
3.720000 24 114 375.10
3.720000 24 115 403.84
3.720000 24 116 402.96
3.720000 24 117 422.64
3.720000 24 118 418.87
3.720000 24 119 417.40
3.720000 24 120 469.49
3.720000 24 121 518.80
3.720000 24 122 509.24
3.720000 24 123 471.43
3.720000 24 124 466.33
3.720000 24 125 439.08
3.720000 24 126 384.90
3.720000 24 127 358.42
3.720000 24 128 350.05
3.720000 24 129 347.78
3.720000 24 130 338.00
3.720000 24 131 306.73
3.720000 24 132 226.51
3.720000 24 133 186.45
3.720000 24 134 143.66
3.720000 24 135 134.66
3.720000 24 136 139.30
3.720000 24 137 159.20
3.720000 24 138 148.71
3.720000 24 139 173.45
3.720000 24 140 204.89
3.720000 24 141 221.98
3.720000 24 142 220.52
3.720000 24 143 206.73
3.720000 24 144 266.98
3.720000 24 145 331.31
3.720000 24 146 433.08
3.720000 24 147 482.10
3.720000 24 148 518.94
3.720000 24 149 523.67
3.720000 24 150 525.16
3.720000 24 151 460.51
3.720000 24 152 420.45
3.720000 24 153 379.44
3.720000 24 154 361.89
3.720000 24 155 350.10
3.720000 24 156 373.92
3.720000 24 157 407.33
3.720000 24 158 420.14
3.720000 24 159 433.78
3.720000 24 160 418.94
3.720000 24 161 411.25
3.720000 24 162 390.97
3.720000 24 163 419.46
3.720000 24 164 422.68
3.720000 24 165 452.97
3.720000 24 166 504.80
3.720000 24 167 526.49
3.720000 24 168 522.63
3.720000 24 169 537.68
3.720000 24 170 545.00
3.720000 24 171 479.14
3.720000 24 172 420.95
3.720000 24 173 397.04
3.720000 24 174 385.07
3.720000 24 175 406.73
3.720000 24 176 426.18
3.720000 24 177 411.98
3.720000 24 178 445.17
3.720000 24 179 422.52
3.720000 24 180 383.08
3.720000 24 181 352.55
3.720000 24 182 335.25
3.720000 24 183 307.17
3.720000 24 184 320.81
3.720000 24 185 324.53
3.720000 24 186 319.20
3.720000 24 187 332.63
3.720000 24 188 310.11
3.720000 24 189 285.04
3.720000 24 190 272.38
3.720000 24 191 237.09
3.720000 24 192 228.67
3.720000 24 193 224.74
3.720000 24 194 211.55
3.720000 24 195 173.44
3.720000 24 196 163.18
3.720000 24 197 179.19
3.720000 24 198 233.98
3.720000 24 199 331.45
