3.540000 128 0 134430.43
3.540000 128 1 83434.98
3.540000 128 2 51828.07
3.540000 128 3 33701.40
3.540000 128 4 22258.67
3.540000 128 5 14007.16
3.540000 128 6 8236.47
3.540000 128 7 3931.13
3.540000 128 8 -1290.71
3.540000 128 9 -4307.00
3.540000 128 10 -7040.05
3.540000 128 11 -9940.08
3.540000 128 12 -11574.19
3.540000 128 13 -12965.69
3.540000 128 14 -13303.35
3.540000 128 15 -14146.56
3.540000 128 16 -13851.31
3.540000 128 17 -13184.75
3.540000 128 18 -10387.05
3.540000 128 19 -6353.98
3.540000 128 20 -4359.23
3.540000 128 21 -4108.11
3.540000 128 22 -6359.53
3.540000 128 23 -6019.23
3.540000 128 24 -4454.01
3.540000 128 25 -4428.49
3.540000 128 26 -2652.48
3.540000 128 27 -2853.15
3.540000 128 28 -3499.04
3.540000 128 29 -5318.60
3.540000 128 30 -4798.14
3.540000 128 31 -2513.97
3.540000 128 32 -2067.37
3.540000 128 33 -2153.29
3.540000 128 34 190.88
3.540000 128 35 1118.98
3.540000 128 36 1658.52
3.540000 128 37 477.25
3.540000 128 38 -972.35
3.540000 128 39 -1246.30
3.540000 128 40 -2045.04
3.540000 128 41 -3147.83
3.540000 128 42 -5617.11
3.540000 128 43 -5417.35
3.540000 128 44 -5050.47
3.540000 128 45 -6687.69
3.540000 128 46 -7093.07
3.540000 128 47 -6134.27
3.540000 128 48 -6093.99
3.540000 128 49 -6935.28
3.540000 128 50 -8305.61
3.540000 128 51 -8397.74
3.540000 128 52 -10281.69
3.540000 128 53 -10204.70
3.540000 128 54 -9576.85
3.540000 128 55 -10833.15
3.540000 128 56 -11831.51
3.540000 128 57 -11256.01
3.540000 128 58 -10287.89
3.540000 128 59 -8804.29
3.540000 128 60 -7890.30
3.540000 128 61 -5530.38
3.540000 128 62 -2990.34
3.540000 128 63 1140.75
3.540000 128 64 2302.03
3.540000 128 65 2699.05
3.540000 128 66 -178.46
3.540000 128 67 1451.13
3.540000 128 68 2703.22
3.540000 128 69 3783.90
3.540000 128 70 5062.41
3.540000 128 71 5253.83
3.540000 128 72 3023.06
3.540000 128 73 98.52
3.540000 128 74 -402.64
3.540000 128 75 -491.17
3.540000 128 76 -2159.87
3.540000 128 77 -4754.68
3.540000 128 78 -6343.69
3.540000 128 79 -7550.41
3.540000 128 80 -8510.18
3.540000 128 81 -5745.29
3.540000 128 82 -4919.97
3.540000 128 83 -6432.60
3.540000 128 84 -9696.17
3.540000 128 85 -10295.29
3.540000 128 86 -9956.53
3.540000 128 87 -10862.67
3.540000 128 88 -12384.76
3.540000 128 89 -13735.93
3.540000 128 90 -14073.06
3.540000 128 91 -15890.11
3.540000 128 92 -15978.38
3.540000 128 93 -17304.29
3.540000 128 94 -18720.23
3.540000 128 95 -20593.94
3.540000 128 96 -22170.08
3.540000 128 97 -22999.26
3.540000 128 98 -22090.43
3.540000 128 99 -21115.97
3.540000 128 100 -19970.01
3.540000 128 101 -19220.76
3.540000 128 102 -18415.25
3.540000 128 103 -18406.92
3.540000 128 104 -18586.70
3.540000 128 105 -19710.88
3.540000 128 106 -20235.97
3.540000 128 107 -23837.51
3.540000 128 108 -24871.30
3.540000 128 109 -25713.50
3.540000 128 110 -25507.30
3.540000 128 111 -27688.01
3.540000 128 112 -25825.59
3.540000 128 113 -26621.42
3.540000 128 114 -24609.79
3.540000 128 115 -25734.63
3.540000 128 116 -27763.95
3.540000 128 117 -30390.76
3.540000 128 118 -30436.24
3.540000 128 119 -28281.36
3.540000 128 120 -25201.88
3.540000 128 121 -22564.11
3.540000 128 122 -22180.96
3.540000 128 123 -24286.95
3.540000 128 124 -26153.68
3.540000 128 125 -28490.45
3.540000 128 126 -31730.28
3.540000 128 127 -34374.40
3.540000 128 128 -36095.90
3.540000 128 129 -38436.91
3.540000 128 130 -37100.02
3.540000 128 131 -36141.16
3.540000 128 132 -35065.72
3.540000 128 133 -33344.84
3.540000 128 134 -28812.07
3.540000 128 135 -25687.73
3.540000 128 136 -24098.04
3.540000 128 137 -21762.07
3.540000 128 138 -18266.79
3.540000 128 139 -17625.07
3.540000 128 140 -14746.96
3.540000 128 141 -13017.55
3.540000 128 142 -10269.91
3.540000 128 143 -10991.53
3.540000 128 144 -10711.72
3.540000 128 145 -10931.65
3.540000 128 146 -9939.35
3.540000 128 147 -10760.44
3.540000 128 148 -11194.61
3.540000 128 149 -12686.84
3.540000 128 150 -16944.36
3.540000 128 151 -19018.51
3.540000 128 152 -20880.90
3.540000 128 153 -21126.52
3.540000 128 154 -21826.52
3.540000 128 155 -23676.44
3.540000 128 156 -22761.02
3.540000 128 157 -22447.83
3.540000 128 158 -22017.68
3.540000 128 159 -21332.80
3.540000 128 160 -20040.79
3.540000 128 161 -20377.26
3.540000 128 162 -20979.93
3.540000 128 163 -20975.00
3.540000 128 164 -23447.91
3.540000 128 165 -24253.23
3.540000 128 166 -26843.31
3.540000 128 167 -30960.73
3.540000 128 168 -30943.84
3.540000 128 169 -30081.11
3.540000 128 170 -30393.11
3.540000 128 171 -31341.91
3.540000 128 172 -30038.36
3.540000 128 173 -29045.35
3.540000 128 174 -28496.01
3.540000 128 175 -27652.76
3.540000 128 176 -27018.77
3.540000 128 177 -29470.77
3.540000 128 178 -31701.80
3.540000 128 179 -31846.27
3.540000 128 180 -31937.16
3.540000 128 181 -32768.38
3.540000 128 182 -30429.96
3.540000 128 183 -31303.93
3.540000 128 184 -32194.06
3.540000 128 185 -33403.22
3.540000 128 186 -34439.64
3.540000 128 187 -33968.03
3.540000 128 188 -32573.68
3.540000 128 189 -30355.16
3.540000 128 190 -32133.16
3.540000 128 191 -31121.55
3.540000 128 192 -29361.67
3.540000 128 193 -27903.14
3.540000 128 194 -27462.12
3.540000 128 195 -27583.29
3.540000 128 196 -25757.85
3.540000 128 197 -24641.08
3.540000 128 198 -24197.43
3.540000 128 199 -24608.84
