2.210000 32 0 7317.14
2.210000 32 1 4590.77
2.210000 32 2 2957.16
2.210000 32 3 1885.96
2.210000 32 4 1147.76
2.210000 32 5 691.09
2.210000 32 6 452.14
2.210000 32 7 322.61
2.210000 32 8 249.68
2.210000 32 9 127.47
2.210000 32 10 122.59
2.210000 32 11 72.16
2.210000 32 12 89.96
2.210000 32 13 60.00
2.210000 32 14 91.12
2.210000 32 15 36.19
2.210000 32 16 43.65
2.210000 32 17 144.92
2.210000 32 18 147.87
2.210000 32 19 111.86
2.210000 32 20 92.33
2.210000 32 21 105.24
2.210000 32 22 83.38
2.210000 32 23 11.97
2.210000 32 24 -15.63
2.210000 32 25 -3.32
2.210000 32 26 -7.08
2.210000 32 27 43.73
2.210000 32 28 132.67
2.210000 32 29 284.22
2.210000 32 30 360.51
2.210000 32 31 412.14
2.210000 32 32 377.73
2.210000 32 33 428.42
2.210000 32 34 458.53
2.210000 32 35 449.95
2.210000 32 36 421.19
2.210000 32 37 349.74
2.210000 32 38 232.72
2.210000 32 39 193.07
2.210000 32 40 211.19
2.210000 32 41 161.46
2.210000 32 42 146.66
2.210000 32 43 194.62
2.210000 32 44 280.80
2.210000 32 45 300.20
2.210000 32 46 320.06
2.210000 32 47 228.32
2.210000 32 48 202.24
2.210000 32 49 267.84
2.210000 32 50 224.08
2.210000 32 51 145.76
2.210000 32 52 77.30
2.210000 32 53 54.86
2.210000 32 54 70.52
2.210000 32 55 60.53
2.210000 32 56 101.91
2.210000 32 57 231.33
2.210000 32 58 291.84
2.210000 32 59 301.24
2.210000 32 60 273.85
2.210000 32 61 253.35
2.210000 32 62 226.69
2.210000 32 63 201.89
2.210000 32 64 213.06
2.210000 32 65 138.93
2.210000 32 66 238.63
2.210000 32 67 259.03
2.210000 32 68 214.15
2.210000 32 69 162.62
2.210000 32 70 184.91
2.210000 32 71 209.40
2.210000 32 72 222.90
2.210000 32 73 234.85
2.210000 32 74 289.88
2.210000 32 75 313.21
2.210000 32 76 362.31
2.210000 32 77 336.12
2.210000 32 78 340.90
2.210000 32 79 315.48
2.210000 32 80 335.15
2.210000 32 81 293.82
2.210000 32 82 305.26
2.210000 32 83 334.26
2.210000 32 84 298.20
2.210000 32 85 250.40
2.210000 32 86 174.09
2.210000 32 87 62.18
2.210000 32 88 85.48
2.210000 32 89 114.45
2.210000 32 90 237.83
2.210000 32 91 276.21
2.210000 32 92 329.32
2.210000 32 93 311.95
2.210000 32 94 307.52
2.210000 32 95 262.14
2.210000 32 96 309.40
2.210000 32 97 225.84
2.210000 32 98 221.71
2.210000 32 99 209.87
2.210000 32 100 297.23
2.210000 32 101 321.53
2.210000 32 102 342.33
2.210000 32 103 405.48
2.210000 32 104 365.92
2.210000 32 105 390.33
2.210000 32 106 298.45
2.210000 32 107 226.93
2.210000 32 108 215.27
2.210000 32 109 199.79
2.210000 32 110 241.38
2.210000 32 111 243.48
2.210000 32 112 264.18
2.210000 32 113 329.02
2.210000 32 114 305.08
2.210000 32 115 381.25
2.210000 32 116 374.06
2.210000 32 117 344.05
2.210000 32 118 355.75
2.210000 32 119 377.41
2.210000 32 120 469.79
2.210000 32 121 463.76
2.210000 32 122 491.26
2.210000 32 123 568.86
2.210000 32 124 608.74
2.210000 32 125 523.95
2.210000 32 126 574.99
2.210000 32 127 585.63
2.210000 32 128 680.95
2.210000 32 129 703.53
2.210000 32 130 770.54
2.210000 32 131 747.75
2.210000 32 132 747.79
2.210000 32 133 727.60
2.210000 32 134 729.78
2.210000 32 135 669.08
2.210000 32 136 612.71
2.210000 32 137 592.94
2.210000 32 138 557.84
2.210000 32 139 419.36
2.210000 32 140 385.95
2.210000 32 141 366.47
2.210000 32 142 455.50
2.210000 32 143 496.28
2.210000 32 144 555.40
2.210000 32 145 586.50
2.210000 32 146 575.47
2.210000 32 147 640.10
2.210000 32 148 614.35
2.210000 32 149 577.53
2.210000 32 150 519.05
2.210000 32 151 515.16
2.210000 32 152 424.37
2.210000 32 153 385.63
2.210000 32 154 319.27
2.210000 32 155 315.93
2.210000 32 156 387.77
2.210000 32 157 360.84
2.210000 32 158 420.94
2.210000 32 159 504.76
2.210000 32 160 539.04
2.210000 32 161 505.70
2.210000 32 162 543.23
2.210000 32 163 558.35
2.210000 32 164 515.99
2.210000 32 165 449.42
2.210000 32 166 456.17
2.210000 32 167 443.49
2.210000 32 168 388.92
2.210000 32 169 356.53
2.210000 32 170 381.01
2.210000 32 171 383.48
2.210000 32 172 365.71
2.210000 32 173 343.37
2.210000 32 174 284.98
2.210000 32 175 248.88
2.210000 32 176 210.96
2.210000 32 177 135.94
2.210000 32 178 118.67
2.210000 32 179 117.22
2.210000 32 180 121.68
2.210000 32 181 96.94
2.210000 32 182 137.80
2.210000 32 183 139.33
2.210000 32 184 167.77
2.210000 32 185 211.74
2.210000 32 186 243.27
2.210000 32 187 299.63
2.210000 32 188 359.76
2.210000 32 189 389.89
2.210000 32 190 437.36
2.210000 32 191 555.66
2.210000 32 192 552.06
2.210000 32 193 619.51
2.210000 32 194 649.48
2.210000 32 195 690.60
2.210000 32 196 728.32
2.210000 32 197 645.07
2.210000 32 198 595.39
2.210000 32 199 546.04
