2.295000 64 0 48023.41
2.295000 64 1 41827.02
2.295000 64 2 36681.96
2.295000 64 3 32231.87
2.295000 64 4 28496.71
2.295000 64 5 25242.74
2.295000 64 6 22576.18
2.295000 64 7 20660.98
2.295000 64 8 18993.08
2.295000 64 9 17337.29
2.295000 64 10 15817.17
2.295000 64 11 14573.48
2.295000 64 12 13508.42
2.295000 64 13 12384.11
2.295000 64 14 11207.48
2.295000 64 15 10177.08
2.295000 64 16 9275.79
2.295000 64 17 8577.46
2.295000 64 18 7954.75
2.295000 64 19 7366.31
2.295000 64 20 6720.55
2.295000 64 21 6300.91
2.295000 64 22 5687.79
2.295000 64 23 5347.87
2.295000 64 24 4714.97
2.295000 64 25 4237.89
2.295000 64 26 3854.94
2.295000 64 27 3575.07
2.295000 64 28 3221.26
2.295000 64 29 2965.06
2.295000 64 30 2526.02
2.295000 64 31 1936.26
2.295000 64 32 1345.88
2.295000 64 33 865.72
2.295000 64 34 247.71
2.295000 64 35 -46.90
2.295000 64 36 -647.67
2.295000 64 37 -1154.91
2.295000 64 38 -1463.09
2.295000 64 39 -1700.34
2.295000 64 40 -1964.18
2.295000 64 41 -1895.46
2.295000 64 42 -1870.61
2.295000 64 43 -1763.04
2.295000 64 44 -1742.42
2.295000 64 45 -1797.78
2.295000 64 46 -1901.74
2.295000 64 47 -1931.20
2.295000 64 48 -1963.30
2.295000 64 49 -2081.51
2.295000 64 50 -2216.66
2.295000 64 51 -2250.69
2.295000 64 52 -2451.70
2.295000 64 53 -2689.13
2.295000 64 54 -2638.76
2.295000 64 55 -2579.56
2.295000 64 56 -2306.25
2.295000 64 57 -2350.89
2.295000 64 58 -2401.71
2.295000 64 59 -2244.73
2.295000 64 60 -2099.37
2.295000 64 61 -2058.32
2.295000 64 62 -2106.73
2.295000 64 63 -2220.97
2.295000 64 64 -2377.02
2.295000 64 65 -2772.38
2.295000 64 66 -3088.33
2.295000 64 67 -3207.62
2.295000 64 68 -3231.21
2.295000 64 69 -3523.28
2.295000 64 70 -3534.57
2.295000 64 71 -3380.60
2.295000 64 72 -3210.83
2.295000 64 73 -3085.16
2.295000 64 74 -2905.01
2.295000 64 75 -2642.65
2.295000 64 76 -2406.06
2.295000 64 77 -2470.42
2.295000 64 78 -2580.56
2.295000 64 79 -2655.23
2.295000 64 80 -2881.79
2.295000 64 81 -2982.70
2.295000 64 82 -3048.85
2.295000 64 83 -2783.52
2.295000 64 84 -2513.52
2.295000 64 85 -2333.05
2.295000 64 86 -2239.80
2.295000 64 87 -1947.91
2.295000 64 88 -1821.94
2.295000 64 89 -1700.25
2.295000 64 90 -1378.86
2.295000 64 91 -968.04
2.295000 64 92 -735.17
2.295000 64 93 -745.06
2.295000 64 94 -695.92
2.295000 64 95 -872.32
2.295000 64 96 -1163.47
2.295000 64 97 -1696.87
2.295000 64 98 -2048.20
2.295000 64 99 -2254.43
2.295000 64 100 -2647.44
2.295000 64 101 -2768.22
2.295000 64 102 -2956.45
2.295000 64 103 -3033.62
2.295000 64 104 -3054.65
2.295000 64 105 -3084.80
2.295000 64 106 -3306.52
2.295000 64 107 -3334.28
2.295000 64 108 -3157.93
2.295000 64 109 -3250.78
2.295000 64 110 -3326.55
2.295000 64 111 -3437.51
2.295000 64 112 -3690.18
2.295000 64 113 -4090.92
2.295000 64 114 -4264.05
2.295000 64 115 -4358.00
2.295000 64 116 -4701.43
2.295000 64 117 -5047.78
2.295000 64 118 -5359.11
2.295000 64 119 -5297.23
2.295000 64 120 -5161.52
2.295000 64 121 -4986.05
2.295000 64 122 -4789.12
2.295000 64 123 -5015.00
2.295000 64 124 -5065.38
2.295000 64 125 -5162.75
2.295000 64 126 -5169.13
2.295000 64 127 -5303.92
2.295000 64 128 -5538.20
2.295000 64 129 -5828.65
2.295000 64 130 -5834.53
2.295000 64 131 -5987.47
2.295000 64 132 -6280.80
2.295000 64 133 -6524.23
2.295000 64 134 -6525.43
2.295000 64 135 -6727.36
2.295000 64 136 -6854.10
2.295000 64 137 -6777.80
2.295000 64 138 -6505.04
2.295000 64 139 -6626.21
2.295000 64 140 -6757.67
2.295000 64 141 -6823.81
2.295000 64 142 -6825.19
2.295000 64 143 -6812.89
2.295000 64 144 -6880.22
2.295000 64 145 -7105.45
2.295000 64 146 -7327.35
2.295000 64 147 -7245.38
2.295000 64 148 -7152.47
2.295000 64 149 -7086.19
2.295000 64 150 -7161.60
2.295000 64 151 -7020.66
2.295000 64 152 -7017.60
2.295000 64 153 -7127.46
2.295000 64 154 -7121.97
2.295000 64 155 -7287.11
2.295000 64 156 -7536.06
2.295000 64 157 -7929.78
2.295000 64 158 -8335.31
2.295000 64 159 -8402.34
2.295000 64 160 -8446.48
2.295000 64 161 -8605.61
2.295000 64 162 -8673.06
2.295000 64 163 -8779.42
2.295000 64 164 -8587.77
2.295000 64 165 -8441.15
2.295000 64 166 -8274.67
2.295000 64 167 -7974.21
2.295000 64 168 -7849.16
2.295000 64 169 -7897.21
2.295000 64 170 -7912.52
2.295000 64 171 -7965.22
2.295000 64 172 -8100.64
2.295000 64 173 -8263.33
2.295000 64 174 -8475.39
2.295000 64 175 -8718.40
2.295000 64 176 -8857.90
2.295000 64 177 -8833.43
2.295000 64 178 -8818.99
2.295000 64 179 -9088.43
2.295000 64 180 -9225.84
2.295000 64 181 -9188.97
2.295000 64 182 -9014.08
2.295000 64 183 -9021.79
2.295000 64 184 -9116.03
2.295000 64 185 -9419.98
2.295000 64 186 -9811.99
2.295000 64 187 -10145.37
2.295000 64 188 -10453.32
2.295000 64 189 -11064.13
2.295000 64 190 -11808.76
2.295000 64 191 -12506.12
2.295000 64 192 -12987.78
2.295000 64 193 -13245.58
2.295000 64 194 -13478.90
2.295000 64 195 -14018.47
2.295000 64 196 -14640.33
2.295000 64 197 -15014.35
2.295000 64 198 -15122.10
2.295000 64 199 -15116.45
