3.740000 32 0 25877.21
3.740000 32 1 21352.24
3.740000 32 2 17850.80
3.740000 32 3 15103.17
3.740000 32 4 12873.87
3.740000 32 5 10970.38
3.740000 32 6 9420.12
3.740000 32 7 8149.22
3.740000 32 8 7130.29
3.740000 32 9 6229.21
3.740000 32 10 5467.26
3.740000 32 11 4802.05
3.740000 32 12 4178.94
3.740000 32 13 3615.99
3.740000 32 14 3160.82
3.740000 32 15 2789.66
3.740000 32 16 2462.92
3.740000 32 17 2156.76
3.740000 32 18 1837.80
3.740000 32 19 1553.03
3.740000 32 20 1355.86
3.740000 32 21 1173.71
3.740000 32 22 1042.64
3.740000 32 23 923.97
3.740000 32 24 859.10
3.740000 32 25 771.34
3.740000 32 26 695.50
3.740000 32 27 629.11
3.740000 32 28 606.59
3.740000 32 29 554.80
3.740000 32 30 526.63
3.740000 32 31 521.05
3.740000 32 32 495.88
3.740000 32 33 419.12
3.740000 32 34 377.34
3.740000 32 35 361.54
3.740000 32 36 382.94
3.740000 32 37 410.28
3.740000 32 38 453.93
3.740000 32 39 444.15
3.740000 32 40 448.11
3.740000 32 41 427.56
3.740000 32 42 373.31
3.740000 32 43 330.93
3.740000 32 44 268.85
3.740000 32 45 222.00
3.740000 32 46 251.40
3.740000 32 47 285.02
3.740000 32 48 266.03
3.740000 32 49 235.07
3.740000 32 50 206.82
3.740000 32 51 220.99
3.740000 32 52 219.56
3.740000 32 53 291.40
3.740000 32 54 355.64
3.740000 32 55 379.75
3.740000 32 56 396.96
3.740000 32 57 423.52
3.740000 32 58 468.64
3.740000 32 59 499.39
3.740000 32 60 499.89
3.740000 32 61 489.37
3.740000 32 62 508.64
3.740000 32 63 495.01
3.740000 32 64 513.91
3.740000 32 65 491.88
3.740000 32 66 465.96
3.740000 32 67 442.19
3.740000 32 68 414.99
3.740000 32 69 354.61
3.740000 32 70 335.41
3.740000 32 71 295.26
3.740000 32 72 243.95
3.740000 32 73 212.49
3.740000 32 74 177.41
3.740000 32 75 159.47
3.740000 32 76 185.22
3.740000 32 77 221.82
3.740000 32 78 254.26
3.740000 32 79 221.13
3.740000 32 80 212.16
3.740000 32 81 204.03
3.740000 32 82 204.96
3.740000 32 83 190.04
3.740000 32 84 195.17
3.740000 32 85 235.08
3.740000 32 86 266.60
3.740000 32 87 271.47
3.740000 32 88 319.48
3.740000 32 89 354.26
3.740000 32 90 363.65
3.740000 32 91 369.48
3.740000 32 92 375.80
3.740000 32 93 401.70
3.740000 32 94 449.67
3.740000 32 95 454.61
3.740000 32 96 468.27
3.740000 32 97 461.40
3.740000 32 98 462.35
3.740000 32 99 471.30
3.740000 32 100 478.74
3.740000 32 101 506.19
3.740000 32 102 509.54
3.740000 32 103 491.34
3.740000 32 104 464.56
3.740000 32 105 448.58
3.740000 32 106 434.98
3.740000 32 107 410.96
3.740000 32 108 424.37
3.740000 32 109 440.34
3.740000 32 110 441.78
3.740000 32 111 428.70
3.740000 32 112 441.40
3.740000 32 113 416.16
3.740000 32 114 389.46
3.740000 32 115 390.97
3.740000 32 116 366.21
3.740000 32 117 347.63
3.740000 32 118 348.19
3.740000 32 119 348.81
3.740000 32 120 346.56
3.740000 32 121 292.82
3.740000 32 122 261.15
3.740000 32 123 237.48
3.740000 32 124 265.02
3.740000 32 125 279.74
3.740000 32 126 326.57
3.740000 32 127 383.82
3.740000 32 128 387.42
3.740000 32 129 358.34
3.740000 32 130 311.43
3.740000 32 131 249.41
3.740000 32 132 246.77
3.740000 32 133 230.48
3.740000 32 134 206.10
3.740000 32 135 230.44
3.740000 32 136 224.22
3.740000 32 137 227.32
3.740000 32 138 187.30
3.740000 32 139 146.07
3.740000 32 140 147.44
3.740000 32 141 135.01
3.740000 32 142 162.67
3.740000 32 143 202.25
3.740000 32 144 240.14
3.740000 32 145 293.51
3.740000 32 146 302.94
3.740000 32 147 288.49
3.740000 32 148 256.32
3.740000 32 149 162.80
3.740000 32 150 99.54
3.740000 32 151 58.50
3.740000 32 152  7.29
3.740000 32 153 -7.19
3.740000 32 154  6.51
3.740000 32 155 27.50
3.740000 32 156 63.81
3.740000 32 157 86.66
3.740000 32 158 124.00
3.740000 32 159 141.52
3.740000 32 160 147.22
3.740000 32 161 158.77
3.740000 32 162 186.93
3.740000 32 163 202.39
3.740000 32 164 210.52
3.740000 32 165 228.94
3.740000 32 166 245.91
3.740000 32 167 266.24
3.740000 32 168 246.89
3.740000 32 169 208.38
3.740000 32 170 142.42
3.740000 32 171 117.05
3.740000 32 172 77.69
3.740000 32 173 86.33
3.740000 32 174 67.43
3.740000 32 175  4.66
3.740000 32 176 -12.15
3.740000 32 177 -32.32
3.740000 32 178 -102.18
3.740000 32 179 -156.83
3.740000 32 180 -183.45
3.740000 32 181 -203.07
3.740000 32 182 -185.00
3.740000 32 183 -194.40
3.740000 32 184 -194.13
3.740000 32 185 -160.65
3.740000 32 186 -85.70
3.740000 32 187 -26.62
3.740000 32 188 32.66
3.740000 32 189 99.06
3.740000 32 190 168.20
3.740000 32 191 193.29
3.740000 32 192 203.76
3.740000 32 193 190.30
3.740000 32 194 213.45
3.740000 32 195 209.41
3.740000 32 196 179.79
3.740000 32 197 158.56
3.740000 32 198 125.89
3.740000 32 199 130.02
