2.275000 128 0 215608.34
2.275000 128 1 192251.97
2.275000 128 2 173291.65
2.275000 128 3 157145.65
2.275000 128 4 144722.50
2.275000 128 5 133668.43
2.275000 128 6 123247.23
2.275000 128 7 114505.23
2.275000 128 8 106691.88
2.275000 128 9 99172.16
2.275000 128 10 92983.92
2.275000 128 11 87009.85
2.275000 128 12 83800.36
2.275000 128 13 81621.06
2.275000 128 14 78393.94
2.275000 128 15 75362.31
2.275000 128 16 71334.65
2.275000 128 17 67163.17
2.275000 128 18 62310.08
2.275000 128 19 59284.96
2.275000 128 20 57892.29
2.275000 128 21 56927.78
2.275000 128 22 56172.49
2.275000 128 23 55440.77
2.275000 128 24 55029.54
2.275000 128 25 55650.48
2.275000 128 26 54969.96
2.275000 128 27 53310.33
2.275000 128 28 50180.07
2.275000 128 29 46896.28
2.275000 128 30 43660.16
2.275000 128 31 41531.62
2.275000 128 32 39160.00
2.275000 128 33 36750.74
2.275000 128 34 34338.46
2.275000 128 35 32790.28
2.275000 128 36 31071.78
2.275000 128 37 29252.14
2.275000 128 38 26961.17
2.275000 128 39 23924.62
2.275000 128 40 20605.09
2.275000 128 41 16187.10
2.275000 128 42 11516.10
2.275000 128 43 7209.31
2.275000 128 44 3555.06
2.275000 128 45 2299.83
2.275000 128 46 1713.08
2.275000 128 47 1476.21
2.275000 128 48 2300.26
2.275000 128 49 2842.39
2.275000 128 50 2610.93
2.275000 128 51 3248.31
2.275000 128 52 3543.43
2.275000 128 53 3479.91
2.275000 128 54 3440.71
2.275000 128 55 4381.75
2.275000 128 56 6025.66
2.275000 128 57 6686.72
2.275000 128 58 7682.33
2.275000 128 59 8602.71
2.275000 128 60 10214.97
2.275000 128 61 11621.65
2.275000 128 62 13553.80
2.275000 128 63 15194.26
2.275000 128 64 16834.83
2.275000 128 65 18825.50
2.275000 128 66 19926.36
2.275000 128 67 20467.01
2.275000 128 68 21870.55
2.275000 128 69 23481.27
2.275000 128 70 24773.76
2.275000 128 71 26427.15
2.275000 128 72 28754.93
2.275000 128 73 31434.43
2.275000 128 74 32397.19
2.275000 128 75 34373.59
2.275000 128 76 36534.99
2.275000 128 77 38274.81
2.275000 128 78 38704.90
2.275000 128 79 40316.23
2.275000 128 80 41543.88
2.275000 128 81 43828.12
2.275000 128 82 47897.14
2.275000 128 83 50635.40
2.275000 128 84 52566.42
2.275000 128 85 55143.63
2.275000 128 86 58725.44
2.275000 128 87 62402.66
2.275000 128 88 66149.31
2.275000 128 89 69424.25
2.275000 128 90 73096.47
2.275000 128 91 76212.85
2.275000 128 92 78748.14
2.275000 128 93 80765.97
2.275000 128 94 82392.97
2.275000 128 95 84958.36
2.275000 128 96 87860.97
2.275000 128 97 89085.49
2.275000 128 98 90405.17
2.275000 128 99 91958.41
2.275000 128 100 94697.95
2.275000 128 101 96202.61
2.275000 128 102 97779.99
2.275000 128 103 100598.37
2.275000 128 104 102912.70
2.275000 128 105 105079.37
2.275000 128 106 108678.41
2.275000 128 107 111766.94
2.275000 128 108 115296.70
2.275000 128 109 118952.04
2.275000 128 110 121803.27
2.275000 128 111 124139.01
2.275000 128 112 125538.22
2.275000 128 113 127797.14
2.275000 128 114 128932.84
2.275000 128 115 129750.93
2.275000 128 116 129883.45
2.275000 128 117 131052.01
2.275000 128 118 131184.17
2.275000 128 119 131693.88
2.275000 128 120 133049.41
2.275000 128 121 134454.87
2.275000 128 122 136733.92
2.275000 128 123 139399.34
2.275000 128 124 140435.14
2.275000 128 125 141655.84
2.275000 128 126 141918.77
2.275000 128 127 141842.99
2.275000 128 128 141599.35
2.275000 128 129 140712.00
2.275000 128 130 139983.19
2.275000 128 131 139240.17
2.275000 128 132 138333.84
2.275000 128 133 138246.45
2.275000 128 134 138956.09
2.275000 128 135 137839.85
2.275000 128 136 137881.75
2.275000 128 137 137421.29
2.275000 128 138 137455.73
2.275000 128 139 137916.32
2.275000 128 140 138624.92
2.275000 128 141 138482.69
2.275000 128 142 137913.05
2.275000 128 143 137101.25
2.275000 128 144 137207.71
2.275000 128 145 137088.94
2.275000 128 146 136471.34
2.275000 128 147 135928.71
2.275000 128 148 135795.41
2.275000 128 149 135037.32
2.275000 128 150 135849.58
2.275000 128 151 137239.78
2.275000 128 152 138979.18
2.275000 128 153 139439.55
2.275000 128 154 140291.07
2.275000 128 155 141142.74
2.275000 128 156 142168.56
2.275000 128 157 143464.55
2.275000 128 158 144343.34
2.275000 128 159 146841.35
2.275000 128 160 149642.08
2.275000 128 161 152729.06
2.275000 128 162 155115.08
2.275000 128 163 158256.87
2.275000 128 164 160186.90
2.275000 128 165 162559.52
2.275000 128 166 165304.28
2.275000 128 167 167420.15
2.275000 128 168 170587.67
2.275000 128 169 173027.23
2.275000 128 170 174362.56
2.275000 128 171 175921.16
2.275000 128 172 176781.04
2.275000 128 173 177717.92
2.275000 128 174 177282.29
2.275000 128 175 177230.85
2.275000 128 176 176395.99
2.275000 128 177 175152.18
2.275000 128 178 174731.20
2.275000 128 179 174916.31
2.275000 128 180 174754.52
2.275000 128 181 174421.18
2.275000 128 182 173641.77
2.275000 128 183 172946.42
2.275000 128 184 173308.28
2.275000 128 185 175629.43
2.275000 128 186 178508.30
2.275000 128 187 181522.83
2.275000 128 188 183574.80
2.275000 128 189 184926.56
2.275000 128 190 186721.05
2.275000 128 191 188208.73
2.275000 128 192 189392.11
2.275000 128 193 190336.05
2.275000 128 194 189565.03
2.275000 128 195 191228.52
2.275000 128 196 190823.99
2.275000 128 197 190251.38
2.275000 128 198 189782.74
2.275000 128 199 189449.84
