3.638000 48 0 28002.91
3.638000 48 1 21822.16
3.638000 48 2 17396.23
3.638000 48 3 14070.02
3.638000 48 4 11502.67
3.638000 48 5 9472.29
3.638000 48 6 7544.18
3.638000 48 7 5910.87
3.638000 48 8 4531.55
3.638000 48 9 3399.52
3.638000 48 10 2433.68
3.638000 48 11 1798.88
3.638000 48 12 1270.29
3.638000 48 13 1013.05
3.638000 48 14 779.55
3.638000 48 15 815.24
3.638000 48 16 745.48
3.638000 48 17 630.52
3.638000 48 18 406.23
3.638000 48 19 158.17
3.638000 48 20 178.01
3.638000 48 21 226.50
3.638000 48 22 287.25
3.638000 48 23 79.71
3.638000 48 24 -43.65
3.638000 48 25 -140.43
3.638000 48 26 -168.03
3.638000 48 27 -193.75
3.638000 48 28 -210.66
3.638000 48 29 -317.04
3.638000 48 30 -505.14
3.638000 48 31 -533.30
3.638000 48 32 -528.71
3.638000 48 33 -414.12
3.638000 48 34 -153.82
3.638000 48 35 46.87
3.638000 48 36 83.54
3.638000 48 37 95.04
3.638000 48 38 156.17
3.638000 48 39 127.08
3.638000 48 40 223.52
3.638000 48 41 411.63
3.638000 48 42 479.68
3.638000 48 43 441.58
3.638000 48 44 420.98
3.638000 48 45 486.44
3.638000 48 46 546.00
3.638000 48 47 486.73
3.638000 48 48 604.21
3.638000 48 49 646.46
3.638000 48 50 726.45
3.638000 48 51 683.41
3.638000 48 52 574.11
3.638000 48 53 369.98
3.638000 48 54 398.76
3.638000 48 55 284.87
3.638000 48 56 250.48
3.638000 48 57 149.63
3.638000 48 58 69.11
3.638000 48 59 -8.99
3.638000 48 60 69.01
3.638000 48 61 53.10
3.638000 48 62 110.35
3.638000 48 63 448.88
3.638000 48 64 524.45
3.638000 48 65 504.04
3.638000 48 66 694.41
3.638000 48 67 777.31
3.638000 48 68 1184.67
3.638000 48 69 1513.21
3.638000 48 70 1648.53
3.638000 48 71 1732.55
3.638000 48 72 1728.40
3.638000 48 73 1916.92
3.638000 48 74 1923.38
3.638000 48 75 1735.99
3.638000 48 76 1703.18
3.638000 48 77 1704.82
3.638000 48 78 1512.52
3.638000 48 79 1145.05
3.638000 48 80 901.66
3.638000 48 81 778.46
3.638000 48 82 598.97
3.638000 48 83 524.88
3.638000 48 84 267.11
3.638000 48 85 178.27
3.638000 48 86 -169.56
3.638000 48 87 -288.62
3.638000 48 88 -365.37
3.638000 48 89 -343.05
3.638000 48 90 -545.58
3.638000 48 91 -738.72
3.638000 48 92 -1018.17
3.638000 48 93 -1217.50
3.638000 48 94 -946.60
3.638000 48 95 -874.93
3.638000 48 96 -554.01
3.638000 48 97 -754.74
3.638000 48 98 -986.90
3.638000 48 99 -1196.46
3.638000 48 100 -1365.59
3.638000 48 101 -1539.18
3.638000 48 102 -1793.31
3.638000 48 103 -2075.14
3.638000 48 104 -2092.91
3.638000 48 105 -1863.45
3.638000 48 106 -1834.06
3.638000 48 107 -1549.33
3.638000 48 108 -1577.58
3.638000 48 109 -1513.69
3.638000 48 110 -1524.70
3.638000 48 111 -1591.58
3.638000 48 112 -1769.44
3.638000 48 113 -2047.39
3.638000 48 114 -2478.92
3.638000 48 115 -2753.76
3.638000 48 116 -2822.01
3.638000 48 117 -3005.97
3.638000 48 118 -3119.44
3.638000 48 119 -3168.70
3.638000 48 120 -3061.71
3.638000 48 121 -2955.83
3.638000 48 122 -2757.49
3.638000 48 123 -2772.18
3.638000 48 124 -2760.32
3.638000 48 125 -2758.52
3.638000 48 126 -2550.85
3.638000 48 127 -2364.18
3.638000 48 128 -2347.30
3.638000 48 129 -2443.59
3.638000 48 130 -2789.99
3.638000 48 131 -3012.93
3.638000 48 132 -3339.03
3.638000 48 133 -3641.87
3.638000 48 134 -4072.02
3.638000 48 135 -4421.27
3.638000 48 136 -4448.79
3.638000 48 137 -4431.18
3.638000 48 138 -4298.63
3.638000 48 139 -4093.12
3.638000 48 140 -3843.83
3.638000 48 141 -3428.68
3.638000 48 142 -3139.54
3.638000 48 143 -2902.87
3.638000 48 144 -2642.44
3.638000 48 145 -2397.65
3.638000 48 146 -2234.01
3.638000 48 147 -2316.98
3.638000 48 148 -2291.61
3.638000 48 149 -2302.72
3.638000 48 150 -2152.46
3.638000 48 151 -1745.24
3.638000 48 152 -1504.74
3.638000 48 153 -1508.48
3.638000 48 154 -1460.48
3.638000 48 155 -1204.21
3.638000 48 156 -1110.54
3.638000 48 157 -905.10
3.638000 48 158 -834.94
3.638000 48 159 -867.04
3.638000 48 160 -642.24
3.638000 48 161 -368.53
3.638000 48 162 -260.38
3.638000 48 163 -74.38
3.638000 48 164 54.76
3.638000 48 165 181.17
3.638000 48 166 402.80
3.638000 48 167 448.08
3.638000 48 168 277.43
3.638000 48 169 -16.74
3.638000 48 170 -130.74
3.638000 48 171 -291.72
3.638000 48 172 -425.09
3.638000 48 173 -421.43
3.638000 48 174 -618.84
3.638000 48 175 -941.47
3.638000 48 176 -1060.72
3.638000 48 177 -1009.66
3.638000 48 178 -1161.52
3.638000 48 179 -1222.80
3.638000 48 180 -1355.47
3.638000 48 181 -1396.08
3.638000 48 182 -1484.05
3.638000 48 183 -1603.29
3.638000 48 184 -1532.51
3.638000 48 185 -1595.83
3.638000 48 186 -1710.57
3.638000 48 187 -1792.91
3.638000 48 188 -1847.07
3.638000 48 189 -1981.54
3.638000 48 190 -1836.83
3.638000 48 191 -1637.98
3.638000 48 192 -1467.26
3.638000 48 193 -1369.16
3.638000 48 194 -1334.27
3.638000 48 195 -1252.84
3.638000 48 196 -1158.89
3.638000 48 197 -982.74
3.638000 48 198 -878.67
3.638000 48 199 -854.74
