3.645000 96 0 128947.71
3.645000 96 1 109887.98
3.645000 96 2 94292.57
3.645000 96 3 81718.12
3.645000 96 4 70835.61
3.645000 96 5 62204.53
3.645000 96 6 55387.93
3.645000 96 7 49839.84
3.645000 96 8 44724.07
3.645000 96 9 40776.98
3.645000 96 10 37173.19
3.645000 96 11 33407.07
3.645000 96 12 29676.46
3.645000 96 13 25587.22
3.645000 96 14 22661.04
3.645000 96 15 19345.44
3.645000 96 16 16399.25
3.645000 96 17 14681.11
3.645000 96 18 13155.17
3.645000 96 19 11804.23
3.645000 96 20 10684.16
3.645000 96 21 9944.70
3.645000 96 22 9843.93
3.645000 96 23 9345.03
3.645000 96 24 8876.59
3.645000 96 25 9292.02
3.645000 96 26 10022.54
3.645000 96 27 9614.11
3.645000 96 28 9487.59
3.645000 96 29 9704.56
3.645000 96 30 9907.35
3.645000 96 31 8773.79
3.645000 96 32 7885.80
3.645000 96 33 6425.85
3.645000 96 34 5614.62
3.645000 96 35 5203.01
3.645000 96 36 4562.37
3.645000 96 37 3063.81
3.645000 96 38 1578.07
3.645000 96 39 1782.61
3.645000 96 40 2285.49
3.645000 96 41 2390.26
3.645000 96 42 2618.42
3.645000 96 43 1952.30
3.645000 96 44 747.54
3.645000 96 45 -330.71
3.645000 96 46 -1649.42
3.645000 96 47 -2750.49
3.645000 96 48 -2847.05
3.645000 96 49 -2655.02
3.645000 96 50 -2839.80
3.645000 96 51 -2516.98
3.645000 96 52 -1556.45
3.645000 96 53 -746.10
3.645000 96 54 31.22
3.645000 96 55 777.94
3.645000 96 56 1552.37
3.645000 96 57 2086.18
3.645000 96 58 2553.31
3.645000 96 59 2956.30
3.645000 96 60 2952.51
3.645000 96 61 3898.08
3.645000 96 62 4054.98
3.645000 96 63 3733.63
3.645000 96 64 3290.87
3.645000 96 65 3444.31
3.645000 96 66 2883.73
3.645000 96 67 2798.45
3.645000 96 68 2069.61
3.645000 96 69 1509.86
3.645000 96 70 1568.53
3.645000 96 71 1870.80
3.645000 96 72 1691.50
3.645000 96 73 919.71
3.645000 96 74 -345.10
3.645000 96 75 -1135.36
3.645000 96 76 -1746.87
3.645000 96 77 -1985.76
3.645000 96 78 -1635.87
3.645000 96 79 -1235.15
3.645000 96 80 -1453.11
3.645000 96 81 -1915.62
3.645000 96 82 -2242.36
3.645000 96 83 -2968.63
3.645000 96 84 -3098.50
3.645000 96 85 -3006.92
3.645000 96 86 -1810.72
3.645000 96 87 -714.58
3.645000 96 88 653.14
3.645000 96 89 1792.00
3.645000 96 90 2401.44
3.645000 96 91 3628.38
3.645000 96 92 4151.67
3.645000 96 93 4185.23
3.645000 96 94 4446.79
3.645000 96 95 4695.33
3.645000 96 96 5174.00
3.645000 96 97 6614.72
3.645000 96 98 7775.14
3.645000 96 99 8411.47
3.645000 96 100 8309.54
3.645000 96 101 8735.72
3.645000 96 102 8702.71
3.645000 96 103 8893.45
3.645000 96 104 8602.07
3.645000 96 105 8188.38
3.645000 96 106 8193.01
3.645000 96 107 7219.08
3.645000 96 108 6783.35
3.645000 96 109 6455.97
3.645000 96 110 6612.02
3.645000 96 111 7295.39
3.645000 96 112 7926.40
3.645000 96 113 9189.84
3.645000 96 114 10987.67
3.645000 96 115 12893.42
3.645000 96 116 12886.99
3.645000 96 117 12310.56
3.645000 96 118 12896.23
3.645000 96 119 13501.47
3.645000 96 120 13772.92
3.645000 96 121 13909.33
3.645000 96 122 13364.72
3.645000 96 123 12818.81
3.645000 96 124 12305.65
3.645000 96 125 11513.59
3.645000 96 126 10700.26
3.645000 96 127 10295.66
3.645000 96 128 9988.37
3.645000 96 129 9396.36
3.645000 96 130 8913.19
3.645000 96 131 8613.58
3.645000 96 132 8774.50
3.645000 96 133 8673.97
3.645000 96 134 7062.34
3.645000 96 135 5109.45
3.645000 96 136 4267.73
3.645000 96 137 3384.37
3.645000 96 138 3388.51
3.645000 96 139 2949.02
3.645000 96 140 3089.58
3.645000 96 141 3781.38
3.645000 96 142 4470.48
3.645000 96 143 5482.88
3.645000 96 144 6275.61
3.645000 96 145 6387.01
3.645000 96 146 7682.05
3.645000 96 147 8280.61
3.645000 96 148 8545.05
3.645000 96 149 8978.73
3.645000 96 150 8423.14
3.645000 96 151 7870.75
3.645000 96 152 6801.12
3.645000 96 153 5056.93
3.645000 96 154 3467.74
3.645000 96 155 2215.55
3.645000 96 156 958.19
3.645000 96 157 331.98
3.645000 96 158 -99.64
3.645000 96 159 69.29
3.645000 96 160 -779.82
3.645000 96 161 -2410.14
3.645000 96 162 -3199.86
3.645000 96 163 -3306.62
3.645000 96 164 -4579.93
3.645000 96 165 -6730.00
3.645000 96 166 -9066.67
3.645000 96 167 -10961.36
3.645000 96 168 -12539.57
3.645000 96 169 -14067.17
3.645000 96 170 -15599.96
3.645000 96 171 -17398.14
3.645000 96 172 -18662.77
3.645000 96 173 -18988.71
3.645000 96 174 -18695.61
3.645000 96 175 -19440.51
3.645000 96 176 -19935.45
3.645000 96 177 -20956.07
3.645000 96 178 -22208.65
3.645000 96 179 -24071.15
3.645000 96 180 -24927.82
3.645000 96 181 -25126.51
3.645000 96 182 -24994.91
3.645000 96 183 -25490.58
3.645000 96 184 -25256.98
3.645000 96 185 -24700.06
3.645000 96 186 -24242.06
3.645000 96 187 -24762.43
3.645000 96 188 -25224.42
3.645000 96 189 -25999.86
3.645000 96 190 -26793.90
3.645000 96 191 -27318.32
3.645000 96 192 -27925.47
3.645000 96 193 -28598.03
3.645000 96 194 -28329.59
3.645000 96 195 -29537.22
3.645000 96 196 -30371.37
3.645000 96 197 -31319.26
3.645000 96 198 -32261.76
3.645000 96 199 -32614.05
