2.268000 128 0 208687.40
2.268000 128 1 175481.27
2.268000 128 2 148642.31
2.268000 128 3 126305.97
2.268000 128 4 107298.09
2.268000 128 5 91019.59
2.268000 128 6 77048.89
2.268000 128 7 66696.33
2.268000 128 8 58911.19
2.268000 128 9 52315.47
2.268000 128 10 46501.63
2.268000 128 11 42305.60
2.268000 128 12 38728.85
2.268000 128 13 37031.67
2.268000 128 14 34588.04
2.268000 128 15 32539.84
2.268000 128 16 31798.53
2.268000 128 17 31829.64
2.268000 128 18 31224.00
2.268000 128 19 29901.88
2.268000 128 20 29422.35
2.268000 128 21 29506.21
2.268000 128 22 29237.40
2.268000 128 23 29428.56
2.268000 128 24 29127.63
2.268000 128 25 27687.92
2.268000 128 26 27055.42
2.268000 128 27 25428.56
2.268000 128 28 22929.36
2.268000 128 29 18553.78
2.268000 128 30 14906.13
2.268000 128 31 11428.25
2.268000 128 32 10984.84
2.268000 128 33 11416.55
2.268000 128 34 11243.93
2.268000 128 35 11536.53
2.268000 128 36 11034.68
2.268000 128 37 10622.34
2.268000 128 38 9539.34
2.268000 128 39 9603.64
2.268000 128 40 10053.52
2.268000 128 41 10866.16
2.268000 128 42 11920.47
2.268000 128 43 13027.94
2.268000 128 44 13861.77
2.268000 128 45 14470.74
2.268000 128 46 14159.89
2.268000 128 47 14031.14
2.268000 128 48 14875.38
2.268000 128 49 13921.95
2.268000 128 50 14150.37
2.268000 128 51 14211.21
2.268000 128 52 14284.49
2.268000 128 53 11423.35
2.268000 128 54 8776.97
2.268000 128 55 6467.96
2.268000 128 56 3821.52
2.268000 128 57 1825.58
2.268000 128 58 787.56
2.268000 128 59 -873.28
2.268000 128 60 -2412.75
2.268000 128 61 -3409.03
2.268000 128 62 -3740.80
2.268000 128 63 -4434.47
2.268000 128 64 -4834.81
2.268000 128 65 -6597.59
2.268000 128 66 -8078.32
2.268000 128 67 -8499.81
2.268000 128 68 -8740.34
2.268000 128 69 -9858.81
2.268000 128 70 -10934.10
2.268000 128 71 -12532.25
2.268000 128 72 -13449.41
2.268000 128 73 -13353.59
2.268000 128 74 -13849.02
2.268000 128 75 -15343.12
2.268000 128 76 -16260.98
2.268000 128 77 -15278.78
2.268000 128 78 -15293.80
2.268000 128 79 -14277.64
2.268000 128 80 -13865.19
2.268000 128 81 -13053.88
2.268000 128 82 -11660.51
2.268000 128 83 -10222.02
2.268000 128 84 -10360.40
2.268000 128 85 -8282.21
2.268000 128 86 -6716.88
2.268000 128 87 -6212.19
2.268000 128 88 -8098.38
2.268000 128 89 -10638.54
2.268000 128 90 -12774.77
2.268000 128 91 -15007.75
2.268000 128 92 -17557.41
2.268000 128 93 -21190.13
2.268000 128 94 -24803.37
2.268000 128 95 -27333.58
2.268000 128 96 -27446.56
2.268000 128 97 -26844.82
2.268000 128 98 -28982.63
2.268000 128 99 -31228.87
2.268000 128 100 -33031.04
2.268000 128 101 -33043.47
2.268000 128 102 -33548.40
2.268000 128 103 -33958.47
2.268000 128 104 -36308.63
2.268000 128 105 -38958.58
2.268000 128 106 -41052.58
2.268000 128 107 -42168.15
2.268000 128 108 -43047.88
2.268000 128 109 -42644.53
2.268000 128 110 -42062.65
2.268000 128 111 -42220.05
2.268000 128 112 -45040.89
2.268000 128 113 -48024.83
2.268000 128 114 -50488.47
2.268000 128 115 -52557.38
2.268000 128 116 -55706.03
2.268000 128 117 -57116.13
2.268000 128 118 -58110.98
2.268000 128 119 -58499.13
2.268000 128 120 -57035.50
2.268000 128 121 -58182.44
2.268000 128 122 -59371.98
2.268000 128 123 -60805.83
2.268000 128 124 -62915.37
2.268000 128 125 -65672.45
2.268000 128 126 -67758.01
2.268000 128 127 -70467.50
2.268000 128 128 -73084.87
2.268000 128 129 -76199.63
2.268000 128 130 -79463.79
2.268000 128 131 -81130.46
2.268000 128 132 -83385.81
2.268000 128 133 -86181.62
2.268000 128 134 -88754.86
2.268000 128 135 -91675.01
2.268000 128 136 -93994.61
2.268000 128 137 -94115.06
2.268000 128 138 -93912.02
2.268000 128 139 -95733.02
2.268000 128 140 -97079.04
2.268000 128 141 -98182.96
2.268000 128 142 -98402.50
2.268000 128 143 -99846.90
2.268000 128 144 -101412.91
2.268000 128 145 -103677.94
2.268000 128 146 -105486.94
2.268000 128 147 -106251.78
2.268000 128 148 -104839.29
2.268000 128 149 -105036.00
2.268000 128 150 -105257.66
2.268000 128 151 -105599.34
2.268000 128 152 -105022.13
2.268000 128 153 -104714.76
2.268000 128 154 -104989.47
2.268000 128 155 -104968.79
2.268000 128 156 -105870.56
2.268000 128 157 -107283.66
2.268000 128 158 -109656.67
2.268000 128 159 -112844.16
2.268000 128 160 -115058.34
2.268000 128 161 -117172.41
2.268000 128 162 -120622.83
2.268000 128 163 -123770.45
2.268000 128 164 -125291.82
2.268000 128 165 -127226.42
2.268000 128 166 -128950.04
2.268000 128 167 -132111.07
2.268000 128 168 -134895.50
2.268000 128 169 -136491.86
2.268000 128 170 -136258.01
2.268000 128 171 -136370.23
2.268000 128 172 -136088.64
2.268000 128 173 -138453.19
2.268000 128 174 -139445.78
2.268000 128 175 -139877.79
2.268000 128 176 -139912.37
2.268000 128 177 -140347.62
2.268000 128 178 -141480.82
2.268000 128 179 -141611.56
2.268000 128 180 -143991.62
2.268000 128 181 -148238.57
2.268000 128 182 -150520.38
2.268000 128 183 -154157.77
2.268000 128 184 -155743.89
2.268000 128 185 -157439.19
2.268000 128 186 -159476.76
2.268000 128 187 -162265.55
2.268000 128 188 -163488.87
2.268000 128 189 -165651.03
2.268000 128 190 -165939.48
2.268000 128 191 -166661.86
2.268000 128 192 -166714.88
2.268000 128 193 -167504.18
2.268000 128 194 -167942.40
2.268000 128 195 -167789.33
2.268000 128 196 -166803.54
2.268000 128 197 -165612.44
2.268000 128 198 -166442.01
2.268000 128 199 -166774.03
