3.637000 128 0 543105.71
3.637000 128 1 462570.45
3.637000 128 2 398201.53
3.637000 128 3 344642.16
3.637000 128 4 299607.05
3.637000 128 5 261236.78
3.637000 128 6 228885.58
3.637000 128 7 201743.93
3.637000 128 8 177923.79
3.637000 128 9 156961.99
3.637000 128 10 138123.09
3.637000 128 11 121892.37
3.637000 128 12 106845.12
3.637000 128 13 93465.57
3.637000 128 14 82232.73
3.637000 128 15 72497.39
3.637000 128 16 63285.83
3.637000 128 17 55871.19
3.637000 128 18 49346.08
3.637000 128 19 43476.94
3.637000 128 20 37771.81
3.637000 128 21 32876.14
3.637000 128 22 29005.98
3.637000 128 23 25918.27
3.637000 128 24 22922.35
3.637000 128 25 19924.23
3.637000 128 26 16989.36
3.637000 128 27 14459.75
3.637000 128 28 12091.93
3.637000 128 29 8504.67
3.637000 128 30 5590.71
3.637000 128 31 2559.55
3.637000 128 32 -919.52
3.637000 128 33 -4366.07
3.637000 128 34 -7489.10
3.637000 128 35 -10925.61
3.637000 128 36 -13862.87
3.637000 128 37 -15646.36
3.637000 128 38 -16864.85
3.637000 128 39 -17476.19
3.637000 128 40 -18510.87
3.637000 128 41 -18831.83
3.637000 128 42 -18739.48
3.637000 128 43 -18924.05
3.637000 128 44 -18700.33
3.637000 128 45 -18857.97
3.637000 128 46 -19188.28
3.637000 128 47 -18858.50
3.637000 128 48 -18937.00
3.637000 128 49 -19524.90
3.637000 128 50 -19845.15
3.637000 128 51 -20791.82
3.637000 128 52 -21470.71
3.637000 128 53 -21554.85
3.637000 128 54 -21879.50
3.637000 128 55 -22601.15
3.637000 128 56 -23479.52
3.637000 128 57 -24506.53
3.637000 128 58 -25249.97
3.637000 128 59 -24572.10
3.637000 128 60 -24031.73
3.637000 128 61 -23157.98
3.637000 128 62 -23272.97
3.637000 128 63 -24364.99
3.637000 128 64 -24749.02
3.637000 128 65 -24850.54
3.637000 128 66 -25376.71
3.637000 128 67 -25549.47
3.637000 128 68 -24325.94
3.637000 128 69 -23285.92
3.637000 128 70 -21214.48
3.637000 128 71 -19079.94
3.637000 128 72 -17880.21
3.637000 128 73 -17916.90
3.637000 128 74 -18024.77
3.637000 128 75 -18893.49
3.637000 128 76 -19601.11
3.637000 128 77 -21391.14
3.637000 128 78 -23133.52
3.637000 128 79 -24208.33
3.637000 128 80 -24102.13
3.637000 128 81 -24479.72
3.637000 128 82 -24921.66
3.637000 128 83 -25323.67
3.637000 128 84 -26672.91
3.637000 128 85 -27491.79
3.637000 128 86 -28180.35
3.637000 128 87 -28157.11
3.637000 128 88 -28395.23
3.637000 128 89 -28460.09
3.637000 128 90 -28948.12
3.637000 128 91 -28976.90
3.637000 128 92 -28409.60
3.637000 128 93 -28217.96
3.637000 128 94 -28031.42
3.637000 128 95 -27364.43
3.637000 128 96 -26830.84
3.637000 128 97 -26852.11
3.637000 128 98 -27858.88
3.637000 128 99 -28134.13
3.637000 128 100 -27969.62
3.637000 128 101 -27758.49
3.637000 128 102 -28373.44
3.637000 128 103 -28536.57
3.637000 128 104 -28720.24
3.637000 128 105 -28471.97
3.637000 128 106 -28939.61
3.637000 128 107 -29553.92
3.637000 128 108 -30308.79
3.637000 128 109 -31773.46
3.637000 128 110 -32922.66
3.637000 128 111 -34028.05
3.637000 128 112 -35384.69
3.637000 128 113 -36079.63
3.637000 128 114 -36272.08
3.637000 128 115 -35974.54
3.637000 128 116 -35935.42
3.637000 128 117 -35147.81
3.637000 128 118 -34108.65
3.637000 128 119 -32657.55
3.637000 128 120 -31161.80
3.637000 128 121 -29799.71
3.637000 128 122 -29936.65
3.637000 128 123 -29569.52
3.637000 128 124 -29298.60
3.637000 128 125 -29752.60
3.637000 128 126 -29679.48
3.637000 128 127 -31045.59
3.637000 128 128 -31967.45
3.637000 128 129 -32210.36
3.637000 128 130 -31318.47
3.637000 128 131 -31138.56
3.637000 128 132 -31027.61
3.637000 128 133 -31817.85
3.637000 128 134 -32260.29
3.637000 128 135 -32693.06
3.637000 128 136 -33772.88
3.637000 128 137 -34981.08
3.637000 128 138 -36272.82
3.637000 128 139 -36880.80
3.637000 128 140 -37009.96
3.637000 128 141 -37929.38
3.637000 128 142 -39015.45
3.637000 128 143 -39961.24
3.637000 128 144 -40354.48
3.637000 128 145 -41486.62
3.637000 128 146 -42023.70
3.637000 128 147 -42025.46
3.637000 128 148 -42597.61
3.637000 128 149 -42301.44
3.637000 128 150 -41526.29
3.637000 128 151 -41067.17
3.637000 128 152 -40286.02
3.637000 128 153 -39539.21
3.637000 128 154 -38636.93
3.637000 128 155 -37712.08
3.637000 128 156 -36256.36
3.637000 128 157 -34456.41
3.637000 128 158 -32834.68
3.637000 128 159 -31930.57
3.637000 128 160 -30972.65
3.637000 128 161 -29821.67
3.637000 128 162 -28891.17
3.637000 128 163 -27468.46
3.637000 128 164 -26047.92
3.637000 128 165 -24963.55
3.637000 128 166 -24368.41
3.637000 128 167 -23897.22
3.637000 128 168 -23385.50
3.637000 128 169 -22413.02
3.637000 128 170 -22396.47
3.637000 128 171 -23050.45
3.637000 128 172 -24508.36
3.637000 128 173 -26247.38
3.637000 128 174 -27992.48
3.637000 128 175 -30419.99
3.637000 128 176 -32448.81
3.637000 128 177 -33784.15
3.637000 128 178 -34849.74
3.637000 128 179 -35793.38
3.637000 128 180 -37716.66
3.637000 128 181 -38939.86
3.637000 128 182 -39901.45
3.637000 128 183 -40998.19
3.637000 128 184 -41126.86
3.637000 128 185 -41337.84
3.637000 128 186 -40901.85
3.637000 128 187 -40647.11
3.637000 128 188 -40285.00
3.637000 128 189 -40690.21
3.637000 128 190 -39893.23
3.637000 128 191 -38253.70
3.637000 128 192 -37294.21
3.637000 128 193 -37185.27
3.637000 128 194 -36812.32
3.637000 128 195 -36948.73
3.637000 128 196 -36884.61
3.637000 128 197 -37179.13
3.637000 128 198 -37738.24
3.637000 128 199 -37599.85
