3.540000 32 0 8284.45
3.540000 32 1 5089.79
3.540000 32 2 3205.11
3.540000 32 3 2086.43
3.540000 32 4 1423.37
3.540000 32 5 1045.84
3.540000 32 6 805.27
3.540000 32 7 627.95
3.540000 32 8 516.19
3.540000 32 9 467.40
3.540000 32 10 385.18
3.540000 32 11 381.26
3.540000 32 12 384.79
3.540000 32 13 380.94
3.540000 32 14 346.68
3.540000 32 15 326.51
3.540000 32 16 347.93
3.540000 32 17 297.89
3.540000 32 18 250.87
3.540000 32 19 253.25
3.540000 32 20 314.91
3.540000 32 21 317.35
3.540000 32 22 334.45
3.540000 32 23 363.50
3.540000 32 24 329.37
3.540000 32 25 281.93
3.540000 32 26 193.41
3.540000 32 27 198.42
3.540000 32 28 285.53
3.540000 32 29 297.28
3.540000 32 30 278.86
3.540000 32 31 269.77
3.540000 32 32 182.36
3.540000 32 33 135.52
3.540000 32 34 97.79
3.540000 32 35  3.57
3.540000 32 36 35.45
3.540000 32 37 100.59
3.540000 32 38 84.65
3.540000 32 39 108.65
3.540000 32 40 128.85
3.540000 32 41 198.50
3.540000 32 42 268.18
3.540000 32 43 285.17
3.540000 32 44 281.81
3.540000 32 45 358.66
3.540000 32 46 368.01
3.540000 32 47 391.19
3.540000 32 48 398.97
3.540000 32 49 354.97
3.540000 32 50 325.03
3.540000 32 51 260.51
3.540000 32 52 210.05
3.540000 32 53 244.35
3.540000 32 54 171.06
3.540000 32 55 241.02
3.540000 32 56 239.32
3.540000 32 57 223.40
3.540000 32 58 179.00
3.540000 32 59 200.15
3.540000 32 60 240.42
3.540000 32 61 286.60
3.540000 32 62 316.44
3.540000 32 63 240.09
3.540000 32 64 242.11
3.540000 32 65 239.53
3.540000 32 66 232.59
3.540000 32 67 215.83
3.540000 32 68 87.67
3.540000 32 69 35.90
3.540000 32 70 104.90
3.540000 32 71 171.18
3.540000 32 72 212.55
3.540000 32 73 243.55
3.540000 32 74 232.75
3.540000 32 75 231.33
3.540000 32 76 149.84
3.540000 32 77 181.26
3.540000 32 78 159.23
3.540000 32 79 154.08
3.540000 32 80 143.17
3.540000 32 81 207.51
3.540000 32 82 268.54
3.540000 32 83 258.26
3.540000 32 84 227.45
3.540000 32 85 158.71
3.540000 32 86 139.99
3.540000 32 87 -31.50
3.540000 32 88 -84.22
3.540000 32 89 -103.78
3.540000 32 90 -73.64
3.540000 32 91 -146.22
3.540000 32 92 -110.00
3.540000 32 93 -133.30
3.540000 32 94 -106.87
3.540000 32 95 11.94
3.540000 32 96 110.12
3.540000 32 97 136.65
3.540000 32 98 124.27
3.540000 32 99 152.82
3.540000 32 100 122.75
3.540000 32 101 103.73
3.540000 32 102 36.61
3.540000 32 103 -91.38
3.540000 32 104 -145.79
3.540000 32 105 -169.01
3.540000 32 106 -88.57
3.540000 32 107  8.07
3.540000 32 108 15.86
3.540000 32 109 -15.09
3.540000 32 110 45.44
3.540000 32 111 72.75
3.540000 32 112 81.32
3.540000 32 113 24.62
3.540000 32 114 -36.77
3.540000 32 115 -63.66
3.540000 32 116 -101.33
3.540000 32 117 -23.66
3.540000 32 118 144.74
3.540000 32 119 220.97
3.540000 32 120 183.02
3.540000 32 121 152.27
3.540000 32 122 70.29
3.540000 32 123 102.73
3.540000 32 124 176.16
3.540000 32 125 250.87
3.540000 32 126 247.51
3.540000 32 127 271.33
3.540000 32 128 248.48
3.540000 32 129 262.37
3.540000 32 130 280.18
3.540000 32 131 292.79
3.540000 32 132 200.42
3.540000 32 133 170.18
3.540000 32 134 133.28
3.540000 32 135 82.85
3.540000 32 136 154.78
3.540000 32 137 167.69
3.540000 32 138 158.11
3.540000 32 139 149.30
3.540000 32 140 148.43
3.540000 32 141 167.35
3.540000 32 142 196.88
3.540000 32 143 337.60
3.540000 32 144 319.11
3.540000 32 145 315.68
3.540000 32 146 290.53
3.540000 32 147 318.54
3.540000 32 148 318.08
3.540000 32 149 285.66
3.540000 32 150 250.30
3.540000 32 151 287.57
3.540000 32 152 337.87
3.540000 32 153 290.56
3.540000 32 154 238.01
3.540000 32 155 167.12
3.540000 32 156 189.89
3.540000 32 157 140.93
3.540000 32 158 81.08
3.540000 32 159  4.57
3.540000 32 160 -6.00
3.540000 32 161 -68.06
3.540000 32 162 -98.75
3.540000 32 163 -62.12
3.540000 32 164  9.52
3.540000 32 165 77.51
3.540000 32 166 56.24
3.540000 32 167 131.78
3.540000 32 168 182.78
3.540000 32 169 151.98
3.540000 32 170 174.77
3.540000 32 171 129.61
3.540000 32 172 76.14
3.540000 32 173 66.45
3.540000 32 174 78.13
3.540000 32 175 123.69
3.540000 32 176 146.30
3.540000 32 177 177.82
3.540000 32 178 86.34
3.540000 32 179 21.07
3.540000 32 180 -55.45
3.540000 32 181 -101.49
3.540000 32 182 -166.94
3.540000 32 183 -138.16
3.540000 32 184 -50.15
3.540000 32 185 55.70
3.540000 32 186 139.59
3.540000 32 187  5.26
3.540000 32 188 -43.96
3.540000 32 189 18.51
3.540000 32 190 -29.19
3.540000 32 191 45.82
3.540000 32 192 175.67
3.540000 32 193 231.75
3.540000 32 194 219.08
3.540000 32 195 219.76
3.540000 32 196 221.24
3.540000 32 197 227.76
3.540000 32 198 211.33
3.540000 32 199 204.10
