3.610000 32 0 10459.29
3.610000 32 1 7365.02
3.610000 32 2 5358.00
3.610000 32 3 3865.64
3.610000 32 4 2819.82
3.610000 32 5 2031.78
3.610000 32 6 1480.51
3.610000 32 7 1092.60
3.610000 32 8 815.82
3.610000 32 9 644.75
3.610000 32 10 629.73
3.610000 32 11 550.06
3.610000 32 12 510.14
3.610000 32 13 558.63
3.610000 32 14 562.91
3.610000 32 15 567.45
3.610000 32 16 633.16
3.610000 32 17 683.42
3.610000 32 18 735.73
3.610000 32 19 817.21
3.610000 32 20 815.60
3.610000 32 21 870.08
3.610000 32 22 863.47
3.610000 32 23 835.22
3.610000 32 24 787.92
3.610000 32 25 761.63
3.610000 32 26 704.82
3.610000 32 27 584.04
3.610000 32 28 553.19
3.610000 32 29 496.35
3.610000 32 30 474.28
3.610000 32 31 441.60
3.610000 32 32 538.88
3.610000 32 33 641.78
3.610000 32 34 748.18
3.610000 32 35 835.13
3.610000 32 36 794.23
3.610000 32 37 848.04
3.610000 32 38 943.06
3.610000 32 39 977.64
3.610000 32 40 987.23
3.610000 32 41 989.01
3.610000 32 42 981.75
3.610000 32 43 993.54
3.610000 32 44 974.00
3.610000 32 45 935.76
3.610000 32 46 862.98
3.610000 32 47 743.55
3.610000 32 48 777.40
3.610000 32 49 766.67
3.610000 32 50 854.62
3.610000 32 51 915.95
3.610000 32 52 921.77
3.610000 32 53 963.59
3.610000 32 54 1004.54
3.610000 32 55 974.93
3.610000 32 56 955.86
3.610000 32 57 851.39
3.610000 32 58 911.05
3.610000 32 59 990.49
3.610000 32 60 1028.07
3.610000 32 61 1018.65
3.610000 32 62 949.67
3.610000 32 63 972.25
3.610000 32 64 1000.43
3.610000 32 65 931.22
3.610000 32 66 846.94
3.610000 32 67 786.57
3.610000 32 68 666.72
3.610000 32 69 655.79
3.610000 32 70 595.59
3.610000 32 71 614.46
3.610000 32 72 660.45
3.610000 32 73 709.58
3.610000 32 74 658.40
3.610000 32 75 675.12
3.610000 32 76 733.03
3.610000 32 77 652.03
3.610000 32 78 660.71
3.610000 32 79 690.13
3.610000 32 80 660.33
3.610000 32 81 789.14
3.610000 32 82 763.31
3.610000 32 83 691.47
3.610000 32 84 653.08
3.610000 32 85 632.98
3.610000 32 86 641.90
3.610000 32 87 580.92
3.610000 32 88 590.94
3.610000 32 89 645.57
3.610000 32 90 649.97
3.610000 32 91 598.58
3.610000 32 92 611.73
3.610000 32 93 666.84
3.610000 32 94 618.16
3.610000 32 95 553.79
3.610000 32 96 527.09
3.610000 32 97 550.52
3.610000 32 98 637.70
3.610000 32 99 558.86
3.610000 32 100 560.02
3.610000 32 101 621.32
3.610000 32 102 607.74
3.610000 32 103 687.97
3.610000 32 104 799.69
3.610000 32 105 867.37
3.610000 32 106 819.60
3.610000 32 107 791.03
3.610000 32 108 759.57
3.610000 32 109 737.15
3.610000 32 110 699.14
3.610000 32 111 773.56
3.610000 32 112 739.37
3.610000 32 113 772.21
3.610000 32 114 840.98
3.610000 32 115 849.71
3.610000 32 116 775.50
3.610000 32 117 722.45
3.610000 32 118 760.66
3.610000 32 119 821.36
3.610000 32 120 766.10
3.610000 32 121 761.71
3.610000 32 122 744.00
3.610000 32 123 789.01
3.610000 32 124 839.12
3.610000 32 125 940.26
3.610000 32 126 975.24
3.610000 32 127 993.32
3.610000 32 128 1025.02
3.610000 32 129 990.75
3.610000 32 130 1062.08
3.610000 32 131 1219.43
3.610000 32 132 1236.84
3.610000 32 133 1185.01
3.610000 32 134 1124.75
3.610000 32 135 1024.05
3.610000 32 136 849.59
3.610000 32 137 754.93
3.610000 32 138 739.94
3.610000 32 139 712.49
3.610000 32 140 771.82
3.610000 32 141 696.47
3.610000 32 142 651.02
3.610000 32 143 668.68
3.610000 32 144 642.55
3.610000 32 145 699.39
3.610000 32 146 783.41
3.610000 32 147 811.41
3.610000 32 148 823.04
3.610000 32 149 803.98
3.610000 32 150 741.78
3.610000 32 151 649.42
3.610000 32 152 611.29
3.610000 32 153 627.05
3.610000 32 154 604.61
3.610000 32 155 639.77
3.610000 32 156 691.86
3.610000 32 157 750.13
3.610000 32 158 809.83
3.610000 32 159 828.70
3.610000 32 160 805.93
3.610000 32 161 801.95
3.610000 32 162 798.74
3.610000 32 163 807.29
3.610000 32 164 882.27
3.610000 32 165 964.99
3.610000 32 166 1011.81
3.610000 32 167 992.10
3.610000 32 168 924.90
3.610000 32 169 776.32
3.610000 32 170 743.89
3.610000 32 171 729.47
3.610000 32 172 690.09
3.610000 32 173 677.99
3.610000 32 174 682.72
3.610000 32 175 772.45
3.610000 32 176 808.32
3.610000 32 177 826.55
3.610000 32 178 753.11
3.610000 32 179 781.07
3.610000 32 180 779.15
3.610000 32 181 845.67
3.610000 32 182 890.42
3.610000 32 183 853.22
3.610000 32 184 824.75
3.610000 32 185 734.01
3.610000 32 186 747.40
3.610000 32 187 767.99
3.610000 32 188 778.81
3.610000 32 189 784.02
3.610000 32 190 777.00
3.610000 32 191 779.98
3.610000 32 192 785.46
3.610000 32 193 739.35
3.610000 32 194 714.16
3.610000 32 195 672.84
3.610000 32 196 725.01
3.610000 32 197 732.27
3.610000 32 198 753.97
3.610000 32 199 763.40
