3.750000 64 0 89846.79
3.750000 64 1 82837.69
3.750000 64 2 76653.94
3.750000 64 3 71200.28
3.750000 64 4 66269.81
3.750000 64 5 61789.83
3.750000 64 6 57767.04
3.750000 64 7 54148.94
3.750000 64 8 50838.82
3.750000 64 9 47773.58
3.750000 64 10 44908.81
3.750000 64 11 42329.65
3.750000 64 12 39963.64
3.750000 64 13 37805.82
3.750000 64 14 35841.61
3.750000 64 15 33887.35
3.750000 64 16 32063.98
3.750000 64 17 30287.85
3.750000 64 18 28611.25
3.750000 64 19 27007.78
3.750000 64 20 25528.86
3.750000 64 21 24084.35
3.750000 64 22 22758.54
3.750000 64 23 21508.07
3.750000 64 24 20311.58
3.750000 64 25 19195.77
3.750000 64 26 18216.43
3.750000 64 27 17232.01
3.750000 64 28 16325.77
3.750000 64 29 15528.25
3.750000 64 30 14815.31
3.750000 64 31 14055.91
3.750000 64 32 13305.81
3.750000 64 33 12504.47
3.750000 64 34 11714.39
3.750000 64 35 11005.94
3.750000 64 36 10277.06
3.750000 64 37 9579.95
3.750000 64 38 8938.27
3.750000 64 39 8330.33
3.750000 64 40 7743.55
3.750000 64 41 7179.40
3.750000 64 42 6715.41
3.750000 64 43 6257.70
3.750000 64 44 5858.63
3.750000 64 45 5525.58
3.750000 64 46 5177.50
3.750000 64 47 4934.06
3.750000 64 48 4681.27
3.750000 64 49 4400.72
3.750000 64 50 4150.43
3.750000 64 51 3904.38
3.750000 64 52 3687.91
3.750000 64 53 3480.52
3.750000 64 54 3322.27
3.750000 64 55 3193.32
3.750000 64 56 3087.21
3.750000 64 57 2920.21
3.750000 64 58 2789.23
3.750000 64 59 2594.92
3.750000 64 60 2427.44
3.750000 64 61 2281.20
3.750000 64 62 2066.26
3.750000 64 63 1839.40
3.750000 64 64 1696.07
3.750000 64 65 1568.19
3.750000 64 66 1515.47
3.750000 64 67 1470.17
3.750000 64 68 1441.95
3.750000 64 69 1351.44
3.750000 64 70 1243.42
3.750000 64 71 1188.50
3.750000 64 72 1103.00
3.750000 64 73 1046.99
3.750000 64 74 945.94
3.750000 64 75 851.45
3.750000 64 76 800.01
3.750000 64 77 701.40
3.750000 64 78 661.91
3.750000 64 79 630.64
3.750000 64 80 630.48
3.750000 64 81 590.08
3.750000 64 82 617.23
3.750000 64 83 556.75
3.750000 64 84 446.50
3.750000 64 85 309.39
3.750000 64 86 156.07
3.750000 64 87 73.46
3.750000 64 88 12.14
3.750000 64 89 41.06
3.750000 64 90 22.12
3.750000 64 91 -1.63
3.750000 64 92 83.35
3.750000 64 93 167.17
3.750000 64 94 332.42
3.750000 64 95 460.76
3.750000 64 96 545.64
3.750000 64 97 635.22
3.750000 64 98 715.01
3.750000 64 99 733.85
3.750000 64 100 801.06
3.750000 64 101 829.19
3.750000 64 102 809.10
3.750000 64 103 820.47
3.750000 64 104 854.91
3.750000 64 105 879.98
3.750000 64 106 848.04
3.750000 64 107 848.93
3.750000 64 108 899.31
3.750000 64 109 908.53
3.750000 64 110 928.76
3.750000 64 111 900.68
3.750000 64 112 872.22
3.750000 64 113 726.70
3.750000 64 114 665.11
3.750000 64 115 639.52
3.750000 64 116 690.61
3.750000 64 117 759.60
3.750000 64 118 845.01
3.750000 64 119 849.07
3.750000 64 120 890.79
3.750000 64 121 900.06
3.750000 64 122 942.98
3.750000 64 123 1018.60
3.750000 64 124 1097.92
3.750000 64 125 1131.54
3.750000 64 126 1217.69
3.750000 64 127 1315.93
3.750000 64 128 1333.82
3.750000 64 129 1379.86
3.750000 64 130 1330.91
3.750000 64 131 1261.76
3.750000 64 132 1230.36
3.750000 64 133 1163.19
3.750000 64 134 1063.01
3.750000 64 135 977.25
3.750000 64 136 880.69
3.750000 64 137 827.82
3.750000 64 138 770.59
3.750000 64 139 716.45
3.750000 64 140 632.27
3.750000 64 141 579.73
3.750000 64 142 524.32
3.750000 64 143 452.24
3.750000 64 144 370.92
3.750000 64 145 374.05
3.750000 64 146 414.10
3.750000 64 147 439.79
3.750000 64 148 505.67
3.750000 64 149 576.87
3.750000 64 150 607.86
3.750000 64 151 583.62
3.750000 64 152 558.01
3.750000 64 153 579.12
3.750000 64 154 566.97
3.750000 64 155 535.84
3.750000 64 156 472.07
3.750000 64 157 363.73
3.750000 64 158 298.95
3.750000 64 159 268.51
3.750000 64 160 250.13
3.750000 64 161 205.48
3.750000 64 162 194.46
3.750000 64 163 203.59
3.750000 64 164 254.90
3.750000 64 165 350.26
3.750000 64 166 434.96
3.750000 64 167 514.08
3.750000 64 168 579.77
3.750000 64 169 586.47
3.750000 64 170 540.15
3.750000 64 171 511.24
3.750000 64 172 428.13
3.750000 64 173 411.90
3.750000 64 174 449.82
3.750000 64 175 477.27
3.750000 64 176 528.12
3.750000 64 177 549.51
3.750000 64 178 593.66
3.750000 64 179 585.36
3.750000 64 180 559.26
3.750000 64 181 519.67
3.750000 64 182 471.93
3.750000 64 183 349.67
3.750000 64 184 214.77
3.750000 64 185 103.57
3.750000 64 186 47.74
3.750000 64 187 -20.21
3.750000 64 188 -99.52
3.750000 64 189 -132.72
3.750000 64 190 -175.67
3.750000 64 191 -210.30
3.750000 64 192 -218.42
3.750000 64 193 -179.62
3.750000 64 194 -153.97
3.750000 64 195 -97.61
3.750000 64 196 -82.30
3.750000 64 197 -81.54
3.750000 64 198 -123.57
3.750000 64 199 -146.61
