2.240000 16 0 1854.45
2.240000 16 1 1156.27
2.240000 16 2 769.48
2.240000 16 3 507.99
2.240000 16 4 359.05
2.240000 16 5 257.14
2.240000 16 6 175.73
2.240000 16 7 105.34
2.240000 16 8 62.55
2.240000 16 9 29.78
2.240000 16 10 11.60
2.240000 16 11  3.16
2.240000 16 12 12.04
2.240000 16 13  3.79
2.240000 16 14 -27.52
2.240000 16 15 -42.43
2.240000 16 16 -40.01
2.240000 16 17 -25.27
2.240000 16 18 -5.12
2.240000 16 19 10.07
2.240000 16 20 37.25
2.240000 16 21 32.81
2.240000 16 22 25.32
2.240000 16 23 37.13
2.240000 16 24 40.42
2.240000 16 25 25.43
2.240000 16 26 16.53
2.240000 16 27 20.34
2.240000 16 28 29.62
2.240000 16 29 43.30
2.240000 16 30 43.09
2.240000 16 31 55.68
2.240000 16 32 37.60
2.240000 16 33 48.04
2.240000 16 34 48.36
2.240000 16 35 20.24
2.240000 16 36 18.22
2.240000 16 37 19.04
2.240000 16 38 -2.63
2.240000 16 39 13.86
2.240000 16 40 22.51
2.240000 16 41 20.06
2.240000 16 42 24.13
2.240000 16 43 26.28
2.240000 16 44 22.15
2.240000 16 45 22.92
2.240000 16 46 25.43
2.240000 16 47 30.71
2.240000 16 48 38.30
2.240000 16 49 18.17
2.240000 16 50  3.53
2.240000 16 51  1.02
2.240000 16 52 -1.66
2.240000 16 53 17.10
2.240000 16 54 21.36
2.240000 16 55 10.52
2.240000 16 56 -11.04
2.240000 16 57  2.67
2.240000 16 58 16.59
2.240000 16 59  7.40
2.240000 16 60  7.53
2.240000 16 61 -8.79
2.240000 16 62 -25.14
2.240000 16 63 -22.92
2.240000 16 64 -29.75
2.240000 16 65 -28.35
2.240000 16 66 -28.91
2.240000 16 67 -10.87
2.240000 16 68 -3.65
2.240000 16 69 -2.64
2.240000 16 70 -5.43
2.240000 16 71 -21.88
2.240000 16 72 -23.28
2.240000 16 73 -29.49
2.240000 16 74 -65.01
2.240000 16 75 -80.09
2.240000 16 76 -106.52
2.240000 16 77 -92.83
2.240000 16 78 -96.18
2.240000 16 79 -58.33
2.240000 16 80 -29.31
2.240000 16 81 -9.08
2.240000 16 82  0.40
2.240000 16 83 -8.97
2.240000 16 84 -5.55
2.240000 16 85 -4.90
2.240000 16 86 -14.06
2.240000 16 87 -23.18
2.240000 16 88 -34.22
2.240000 16 89 -38.35
2.240000 16 90 -44.16
2.240000 16 91 -28.27
2.240000 16 92 -41.67
2.240000 16 93 -46.97
2.240000 16 94 -51.07
2.240000 16 95 -56.81
2.240000 16 96 -47.94
2.240000 16 97 -46.13
2.240000 16 98 -28.19
2.240000 16 99 -18.82
2.240000 16 100 -9.92
2.240000 16 101 -3.29
2.240000 16 102 -19.18
2.240000 16 103 -18.21
2.240000 16 104 -27.60
2.240000 16 105 -22.72
2.240000 16 106 -15.76
2.240000 16 107 -4.99
2.240000 16 108 -4.87
2.240000 16 109 -12.52
2.240000 16 110 -10.99
2.240000 16 111 -15.97
2.240000 16 112 -4.11
2.240000 16 113 -27.97
2.240000 16 114 -58.47
2.240000 16 115 -54.23
2.240000 16 116 -55.53
2.240000 16 117 -66.23
2.240000 16 118 -66.76
2.240000 16 119 -83.15
2.240000 16 120 -97.81
2.240000 16 121 -96.17
2.240000 16 122 -90.77
2.240000 16 123 -90.78
2.240000 16 124 -76.27
2.240000 16 125 -52.33
2.240000 16 126 -49.46
2.240000 16 127 -38.08
2.240000 16 128 -41.11
2.240000 16 129 -35.33
2.240000 16 130 -33.91
2.240000 16 131 -49.67
2.240000 16 132 -66.37
2.240000 16 133 -70.46
2.240000 16 134 -59.84
2.240000 16 135 -48.66
2.240000 16 136 -43.91
2.240000 16 137 -31.37
2.240000 16 138 -20.64
2.240000 16 139 -5.13
2.240000 16 140 -8.42
2.240000 16 141 -17.78
2.240000 16 142 -2.28
2.240000 16 143 -9.54
2.240000 16 144 -23.71
2.240000 16 145 -32.10
2.240000 16 146 -36.11
2.240000 16 147 -37.79
2.240000 16 148 -46.41
2.240000 16 149 -35.16
2.240000 16 150 -14.89
2.240000 16 151 -4.92
2.240000 16 152  5.67
2.240000 16 153 -6.18
2.240000 16 154 -14.01
2.240000 16 155 -0.99
2.240000 16 156 24.04
2.240000 16 157 40.23
2.240000 16 158 39.97
2.240000 16 159 29.95
2.240000 16 160 31.57
2.240000 16 161 31.43
2.240000 16 162 30.10
2.240000 16 163 25.74
2.240000 16 164 14.09
2.240000 16 165 -4.01
2.240000 16 166 -15.94
2.240000 16 167 -19.52
2.240000 16 168 -15.17
2.240000 16 169  4.19
2.240000 16 170 14.19
2.240000 16 171 16.07
2.240000 16 172  5.55
2.240000 16 173  1.10
2.240000 16 174 -17.03
2.240000 16 175 -14.01
2.240000 16 176 -19.35
2.240000 16 177 -17.98
2.240000 16 178 -32.86
2.240000 16 179 -36.95
2.240000 16 180 -42.65
2.240000 16 181 -46.31
2.240000 16 182 -34.95
2.240000 16 183 -45.95
2.240000 16 184 -42.77
2.240000 16 185 -63.87
2.240000 16 186 -64.30
2.240000 16 187 -59.19
2.240000 16 188 -48.55
2.240000 16 189 -18.49
2.240000 16 190 -9.30
2.240000 16 191 -20.36
2.240000 16 192 -23.86
2.240000 16 193 -21.24
2.240000 16 194 -15.95
2.240000 16 195 -14.55
2.240000 16 196 -14.66
2.240000 16 197 -23.06
2.240000 16 198 -11.27
2.240000 16 199 -5.56
