3.640000 32 0 25471.60
3.640000 32 1 19058.17
3.640000 32 2 14566.91
3.640000 32 3 11352.87
3.640000 32 4 8949.00
3.640000 32 5 7047.59
3.640000 32 6 5569.38
3.640000 32 7 4474.89
3.640000 32 8 3635.09
3.640000 32 9 2871.78
3.640000 32 10 2305.22
3.640000 32 11 1864.52
3.640000 32 12 1519.06
3.640000 32 13 1251.43
3.640000 32 14 969.44
3.640000 32 15 739.75
3.640000 32 16 596.23
3.640000 32 17 466.27
3.640000 32 18 382.47
3.640000 32 19 268.43
3.640000 32 20 166.36
3.640000 32 21 101.41
3.640000 32 22 83.39
3.640000 32 23  1.24
3.640000 32 24 -19.34
3.640000 32 25 63.37
3.640000 32 26 96.04
3.640000 32 27 120.79
3.640000 32 28 145.42
3.640000 32 29 111.63
3.640000 32 30 51.73
3.640000 32 31 63.18
3.640000 32 32 61.96
3.640000 32 33 71.92
3.640000 32 34 80.45
3.640000 32 35 116.25
3.640000 32 36 173.02
3.640000 32 37 221.27
3.640000 32 38 207.65
3.640000 32 39 143.43
3.640000 32 40 103.58
3.640000 32 41 40.06
3.640000 32 42 26.33
3.640000 32 43 46.35
3.640000 32 44 99.55
3.640000 32 45 97.17
3.640000 32 46 86.66
3.640000 32 47 108.48
3.640000 32 48 95.62
3.640000 32 49 117.51
3.640000 32 50 106.13
3.640000 32 51 96.48
3.640000 32 52 160.71
3.640000 32 53 231.12
3.640000 32 54 312.51
3.640000 32 55 357.82
3.640000 32 56 345.83
3.640000 32 57 350.39
3.640000 32 58 401.31
3.640000 32 59 412.87
3.640000 32 60 389.71
3.640000 32 61 314.22
3.640000 32 62 193.75
3.640000 32 63 146.11
3.640000 32 64 139.12
3.640000 32 65 112.64
3.640000 32 66 142.55
3.640000 32 67 128.07
3.640000 32 68 50.54
3.640000 32 69 -14.75
3.640000 32 70 -70.32
3.640000 32 71 -40.85
3.640000 32 72 78.83
3.640000 32 73 74.54
3.640000 32 74 79.61
3.640000 32 75 70.45
3.640000 32 76 78.48
3.640000 32 77 88.27
3.640000 32 78 56.16
3.640000 32 79 78.56
3.640000 32 80 108.66
3.640000 32 81 74.98
3.640000 32 82 70.46
3.640000 32 83 86.75
3.640000 32 84 156.71
3.640000 32 85 173.93
3.640000 32 86 182.20
3.640000 32 87 180.53
3.640000 32 88 188.43
3.640000 32 89 219.90
3.640000 32 90 224.47
3.640000 32 91 220.38
3.640000 32 92 152.11
3.640000 32 93 116.46
3.640000 32 94 148.93
3.640000 32 95 115.52
3.640000 32 96 75.05
3.640000 32 97 74.07
3.640000 32 98 69.02
3.640000 32 99 29.07
3.640000 32 100 12.97
3.640000 32 101  9.58
3.640000 32 102 -29.72
3.640000 32 103 -43.63
3.640000 32 104 -82.31
3.640000 32 105 -87.55
3.640000 32 106 -111.80
3.640000 32 107 -69.84
3.640000 32 108 -83.87
3.640000 32 109 -6.58
3.640000 32 110  0.17
3.640000 32 111 24.73
3.640000 32 112 -3.58
3.640000 32 113 -78.50
3.640000 32 114 -109.12
3.640000 32 115 -119.40
3.640000 32 116 -119.55
3.640000 32 117 -95.30
3.640000 32 118 -86.15
3.640000 32 119 -67.09
3.640000 32 120 35.92
3.640000 32 121 63.90
3.640000 32 122 57.73
3.640000 32 123 43.71
3.640000 32 124 105.31
3.640000 32 125 156.18
3.640000 32 126 165.56
3.640000 32 127 223.30
3.640000 32 128 224.60
3.640000 32 129 197.52
3.640000 32 130 159.55
3.640000 32 131 170.87
3.640000 32 132 179.10
3.640000 32 133 138.00
3.640000 32 134 63.52
3.640000 32 135 35.18
3.640000 32 136 -10.21
3.640000 32 137 -10.35
3.640000 32 138  8.56
3.640000 32 139 -37.55
3.640000 32 140 -92.34
3.640000 32 141 -125.63
3.640000 32 142 -135.19
3.640000 32 143 -152.62
3.640000 32 144 -125.21
3.640000 32 145 -114.19
3.640000 32 146 -33.22
3.640000 32 147 11.32
3.640000 32 148 40.35
3.640000 32 149 45.00
3.640000 32 150 26.85
3.640000 32 151  0.52
3.640000 32 152 17.33
3.640000 32 153  7.98
3.640000 32 154 -7.39
3.640000 32 155 -35.85
3.640000 32 156 -133.56
3.640000 32 157 -157.59
3.640000 32 158 -206.84
3.640000 32 159 -216.41
3.640000 32 160 -231.88
3.640000 32 161 -283.28
3.640000 32 162 -286.74
3.640000 32 163 -279.38
3.640000 32 164 -283.70
3.640000 32 165 -320.60
3.640000 32 166 -322.88
3.640000 32 167 -304.18
3.640000 32 168 -308.82
3.640000 32 169 -260.07
3.640000 32 170 -221.14
3.640000 32 171 -155.51
3.640000 32 172 -133.34
3.640000 32 173 -123.46
3.640000 32 174 -144.94
3.640000 32 175 -185.20
3.640000 32 176 -221.94
3.640000 32 177 -246.56
3.640000 32 178 -268.23
3.640000 32 179 -241.36
3.640000 32 180 -228.81
3.640000 32 181 -233.96
3.640000 32 182 -264.12
3.640000 32 183 -322.51
3.640000 32 184 -295.06
3.640000 32 185 -245.97
3.640000 32 186 -193.74
3.640000 32 187 -208.35
3.640000 32 188 -179.53
3.640000 32 189 -175.55
3.640000 32 190 -229.54
3.640000 32 191 -260.00
3.640000 32 192 -284.36
3.640000 32 193 -288.35
3.640000 32 194 -268.67
3.640000 32 195 -258.49
3.640000 32 196 -217.81
3.640000 32 197 -180.69
3.640000 32 198 -152.61
3.640000 32 199 -168.06
