2.134200 16 0 1233.43
2.134200 16 1 595.61
2.134200 16 2 325.52
2.134200 16 3 176.83
2.134200 16 4 103.84
2.134200 16 5 59.46
2.134200 16 6 48.23
2.134200 16 7 23.04
2.134200 16 8 16.58
2.134200 16 9  8.24
2.134200 16 10 -10.30
2.134200 16 11 -9.99
2.134200 16 12 -3.02
2.134200 16 13 -12.06
2.134200 16 14 -10.01
2.134200 16 15 -7.79
2.134200 16 16  0.97
2.134200 16 17 -19.62
2.134200 16 18 -35.36
2.134200 16 19 -35.07
2.134200 16 20 -34.87
2.134200 16 21 -11.94
2.134200 16 22 -6.52
2.134200 16 23 -14.40
2.134200 16 24 -12.37
2.134200 16 25 -17.46
2.134200 16 26 -21.33
2.134200 16 27 -20.63
2.134200 16 28 -16.40
2.134200 16 29 -24.81
2.134200 16 30 -19.54
2.134200 16 31 -13.21
2.134200 16 32 -21.66
2.134200 16 33 -17.03
2.134200 16 34 -37.99
2.134200 16 35 -40.94
2.134200 16 36 -39.03
2.134200 16 37 -27.91
2.134200 16 38 -34.80
2.134200 16 39 -39.57
2.134200 16 40 -44.29
2.134200 16 41 -11.97
2.134200 16 42 -12.34
2.134200 16 43 -17.39
2.134200 16 44 -21.89
2.134200 16 45 -26.02
2.134200 16 46 -39.75
2.134200 16 47 -25.84
2.134200 16 48 -22.03
2.134200 16 49 -29.60
2.134200 16 50 -41.90
2.134200 16 51 -52.10
2.134200 16 52 -41.53
2.134200 16 53 -51.66
2.134200 16 54 -55.02
2.134200 16 55 -42.74
2.134200 16 56 -52.17
2.134200 16 57 -51.60
2.134200 16 58 -64.52
2.134200 16 59 -76.07
2.134200 16 60 -73.64
2.134200 16 61 -63.36
2.134200 16 62 -52.13
2.134200 16 63 -70.16
2.134200 16 64 -75.01
2.134200 16 65 -56.97
2.134200 16 66 -69.64
2.134200 16 67 -75.64
2.134200 16 68 -73.02
2.134200 16 69 -73.89
2.134200 16 70 -75.90
2.134200 16 71 -83.41
2.134200 16 72 -62.38
2.134200 16 73 -59.42
2.134200 16 74 -54.58
2.134200 16 75 -61.73
2.134200 16 76 -58.34
2.134200 16 77 -67.71
2.134200 16 78 -67.36
2.134200 16 79 -78.81
2.134200 16 80 -66.77
2.134200 16 81 -75.10
2.134200 16 82 -79.70
2.134200 16 83 -76.14
2.134200 16 84 -97.03
2.134200 16 85 -98.38
2.134200 16 86 -92.43
2.134200 16 87 -84.30
2.134200 16 88 -72.34
2.134200 16 89 -64.60
2.134200 16 90 -71.65
2.134200 16 91 -64.65
2.134200 16 92 -59.54
2.134200 16 93 -75.65
2.134200 16 94 -69.60
2.134200 16 95 -68.99
2.134200 16 96 -71.12
2.134200 16 97 -93.29
2.134200 16 98 -90.92
2.134200 16 99 -88.26
2.134200 16 100 -75.37
2.134200 16 101 -59.78
2.134200 16 102 -50.24
2.134200 16 103 -26.74
2.134200 16 104 -27.81
2.134200 16 105 -39.77
2.134200 16 106 -29.38
2.134200 16 107 -33.04
2.134200 16 108 -53.93
2.134200 16 109 -56.29
2.134200 16 110 -55.12
2.134200 16 111 -80.97
2.134200 16 112 -79.92
2.134200 16 113 -68.05
2.134200 16 114 -50.04
2.134200 16 115 -37.99
2.134200 16 116 -45.43
2.134200 16 117 -68.66
2.134200 16 118 -80.29
2.134200 16 119 -74.48
2.134200 16 120 -76.84
2.134200 16 121 -69.16
2.134200 16 122 -61.79
2.134200 16 123 -68.79
2.134200 16 124 -81.33
2.134200 16 125 -78.31
2.134200 16 126 -52.00
2.134200 16 127 -33.64
2.134200 16 128 -17.77
2.134200 16 129 -25.56
2.134200 16 130 -40.73
2.134200 16 131 -42.57
2.134200 16 132 -31.26
2.134200 16 133 -43.33
2.134200 16 134 -46.30
2.134200 16 135 -56.12
2.134200 16 136 -60.43
2.134200 16 137 -56.45
2.134200 16 138 -41.58
2.134200 16 139 -19.42
2.134200 16 140 -16.08
2.134200 16 141 -11.12
2.134200 16 142 -15.33
2.134200 16 143 -27.01
2.134200 16 144 -17.08
2.134200 16 145 -33.33
2.134200 16 146 -50.20
2.134200 16 147 -67.35
2.134200 16 148 -65.55
2.134200 16 149 -65.17
2.134200 16 150 -56.09
2.134200 16 151 -46.63
2.134200 16 152 -52.66
2.134200 16 153 -50.44
2.134200 16 154 -62.22
2.134200 16 155 -73.67
2.134200 16 156 -88.29
2.134200 16 157 -63.27
2.134200 16 158 -61.26
2.134200 16 159 -52.74
2.134200 16 160 -40.23
2.134200 16 161 -35.33
2.134200 16 162 -36.55
2.134200 16 163 -40.36
2.134200 16 164 -43.38
2.134200 16 165 -55.74
2.134200 16 166 -67.07
2.134200 16 167 -85.72
2.134200 16 168 -88.28
2.134200 16 169 -94.62
2.134200 16 170 -91.70
2.134200 16 171 -96.58
2.134200 16 172 -100.91
2.134200 16 173 -111.71
2.134200 16 174 -101.48
2.134200 16 175 -99.43
2.134200 16 176 -102.03
2.134200 16 177 -92.31
2.134200 16 178 -104.01
2.134200 16 179 -98.81
2.134200 16 180 -96.31
2.134200 16 181 -93.03
2.134200 16 182 -71.03
2.134200 16 183 -63.15
2.134200 16 184 -70.06
2.134200 16 185 -76.12
2.134200 16 186 -79.33
2.134200 16 187 -73.24
2.134200 16 188 -78.24
2.134200 16 189 -79.22
2.134200 16 190 -71.40
2.134200 16 191 -71.52
2.134200 16 192 -73.82
2.134200 16 193 -58.60
2.134200 16 194 -55.16
2.134200 16 195 -48.18
2.134200 16 196 -60.31
2.134200 16 197 -70.21
2.134200 16 198 -68.25
2.134200 16 199 -85.97
