3.540000 48 0 42925.38
3.540000 48 1 27306.85
3.540000 48 2 18050.30
3.540000 48 3 12166.82
3.540000 48 4 8313.43
3.540000 48 5 5702.62
3.540000 48 6 3982.81
3.540000 48 7 2757.21
3.540000 48 8 1971.19
3.540000 48 9 1380.28
3.540000 48 10 1014.92
3.540000 48 11 691.78
3.540000 48 12 442.99
3.540000 48 13 262.45
3.540000 48 14 102.02
3.540000 48 15  8.07
3.540000 48 16 156.43
3.540000 48 17 25.83
3.540000 48 18 -98.55
3.540000 48 19 -158.00
3.540000 48 20 -233.59
3.540000 48 21 -336.04
3.540000 48 22 -324.25
3.540000 48 23 -255.48
3.540000 48 24 -335.30
3.540000 48 25 -369.98
3.540000 48 26 -364.96
3.540000 48 27 -330.74
3.540000 48 28 -242.27
3.540000 48 29 29.38
3.540000 48 30 121.44
3.540000 48 31 -6.92
3.540000 48 32 -128.81
3.540000 48 33 -282.75
3.540000 48 34 -430.12
3.540000 48 35 -536.56
3.540000 48 36 -707.06
3.540000 48 37 -812.69
3.540000 48 38 -770.06
3.540000 48 39 -671.37
3.540000 48 40 -536.38
3.540000 48 41 -427.98
3.540000 48 42 -306.49
3.540000 48 43 -185.59
3.540000 48 44 -102.20
3.540000 48 45 23.22
3.540000 48 46 261.79
3.540000 48 47 275.97
3.540000 48 48 175.55
3.540000 48 49 -63.31
3.540000 48 50 -72.14
3.540000 48 51 -134.22
3.540000 48 52 -101.94
3.540000 48 53 -52.39
3.540000 48 54 -116.55
3.540000 48 55 -142.12
3.540000 48 56 -111.15
3.540000 48 57 -10.61
3.540000 48 58 -100.23
3.540000 48 59 -47.45
3.540000 48 60 68.67
3.540000 48 61 180.48
3.540000 48 62 260.13
3.540000 48 63 293.19
3.540000 48 64 207.95
3.540000 48 65 209.15
3.540000 48 66 181.99
3.540000 48 67 235.79
3.540000 48 68 318.71
3.540000 48 69 261.76
3.540000 48 70 310.26
3.540000 48 71 301.21
3.540000 48 72 398.15
3.540000 48 73 354.45
3.540000 48 74 437.74
3.540000 48 75 467.59
3.540000 48 76 613.46
3.540000 48 77 482.91
3.540000 48 78 495.21
3.540000 48 79 499.51
3.540000 48 80 559.48
3.540000 48 81 561.70
3.540000 48 82 691.08
3.540000 48 83 495.80
3.540000 48 84 604.94
3.540000 48 85 673.46
3.540000 48 86 707.99
3.540000 48 87 667.27
3.540000 48 88 646.61
3.540000 48 89 596.27
3.540000 48 90 626.44
3.540000 48 91 624.13
3.540000 48 92 606.93
3.540000 48 93 568.96
3.540000 48 94 414.55
3.540000 48 95 320.70
3.540000 48 96 303.28
3.540000 48 97 327.45
3.540000 48 98 330.74
3.540000 48 99 404.02
3.540000 48 100 406.95
3.540000 48 101 478.50
3.540000 48 102 419.31
3.540000 48 103 430.73
3.540000 48 104 580.94
3.540000 48 105 625.80
3.540000 48 106 557.32
3.540000 48 107 455.08
3.540000 48 108 432.78
3.540000 48 109 449.97
3.540000 48 110 532.46
3.540000 48 111 513.53
3.540000 48 112 479.18
3.540000 48 113 517.09
3.540000 48 114 436.17
3.540000 48 115 290.15
3.540000 48 116 191.03
3.540000 48 117 274.00
3.540000 48 118 280.43
3.540000 48 119 299.09
3.540000 48 120 431.44
3.540000 48 121 357.28
3.540000 48 122 397.29
3.540000 48 123 495.53
3.540000 48 124 388.83
3.540000 48 125 346.69
3.540000 48 126 353.05
3.540000 48 127 406.12
3.540000 48 128 454.84
3.540000 48 129 423.35
3.540000 48 130 357.41
3.540000 48 131 358.72
3.540000 48 132 363.79
3.540000 48 133 399.48
3.540000 48 134 280.22
3.540000 48 135 276.64
3.540000 48 136 341.64
3.540000 48 137 402.91
3.540000 48 138 391.65
3.540000 48 139 267.38
3.540000 48 140 283.81
3.540000 48 141 245.20
3.540000 48 142 281.66
3.540000 48 143 393.19
3.540000 48 144 497.11
3.540000 48 145 446.11
3.540000 48 146 340.21
3.540000 48 147 357.18
3.540000 48 148 233.10
3.540000 48 149 76.29
3.540000 48 150 -51.33
3.540000 48 151 -63.87
3.540000 48 152 -15.95
3.540000 48 153 32.74
3.540000 48 154 -33.97
3.540000 48 155 50.70
3.540000 48 156 113.07
3.540000 48 157 150.29
3.540000 48 158 171.08
3.540000 48 159 98.34
3.540000 48 160 166.77
3.540000 48 161 275.48
3.540000 48 162 331.40
3.540000 48 163 410.01
3.540000 48 164 487.15
3.540000 48 165 679.78
3.540000 48 166 863.30
3.540000 48 167 890.59
3.540000 48 168 705.21
3.540000 48 169 735.15
3.540000 48 170 590.35
3.540000 48 171 535.34
3.540000 48 172 419.10
3.540000 48 173 519.29
3.540000 48 174 552.36
3.540000 48 175 533.03
3.540000 48 176 390.60
3.540000 48 177 400.11
3.540000 48 178 453.56
3.540000 48 179 538.28
3.540000 48 180 657.29
3.540000 48 181 668.90
3.540000 48 182 605.03
3.540000 48 183 610.15
3.540000 48 184 501.60
3.540000 48 185 437.87
3.540000 48 186 353.94
3.540000 48 187 417.03
3.540000 48 188 475.82
3.540000 48 189 437.60
3.540000 48 190 489.41
3.540000 48 191 348.39
3.540000 48 192 307.37
3.540000 48 193 452.39
3.540000 48 194 290.04
3.540000 48 195 373.46
3.540000 48 196 254.27
3.540000 48 197 194.76
3.540000 48 198 255.92
3.540000 48 199 107.26
