3.637000 48 0 27503.00
3.637000 48 1 21315.21
3.637000 48 2 17046.53
3.637000 48 3 13915.06
3.637000 48 4 11465.32
3.637000 48 5 9480.67
3.637000 48 6 7800.72
3.637000 48 7 6299.22
3.637000 48 8 5364.79
3.637000 48 9 4650.66
3.637000 48 10 4166.45
3.637000 48 11 3651.23
3.637000 48 12 3262.55
3.637000 48 13 2902.17
3.637000 48 14 2458.68
3.637000 48 15 2016.64
3.637000 48 16 1834.23
3.637000 48 17 1722.47
3.637000 48 18 1553.62
3.637000 48 19 1410.47
3.637000 48 20 1375.60
3.637000 48 21 1317.99
3.637000 48 22 1120.23
3.637000 48 23 1099.23
3.637000 48 24 1008.62
3.637000 48 25 1080.84
3.637000 48 26 835.63
3.637000 48 27 604.01
3.637000 48 28 323.53
3.637000 48 29 129.30
3.637000 48 30 204.13
3.637000 48 31 139.38
3.637000 48 32 229.61
3.637000 48 33 299.72
3.637000 48 34 253.62
3.637000 48 35 117.01
3.637000 48 36 -74.90
3.637000 48 37 -265.02
3.637000 48 38 -366.55
3.637000 48 39 -436.94
3.637000 48 40 -635.12
3.637000 48 41 -856.08
3.637000 48 42 -892.55
3.637000 48 43 -892.73
3.637000 48 44 -765.92
3.637000 48 45 -677.57
3.637000 48 46 -496.57
3.637000 48 47 -286.51
3.637000 48 48 -57.69
3.637000 48 49 37.66
3.637000 48 50 -194.65
3.637000 48 51 -283.83
3.637000 48 52 -278.24
3.637000 48 53 -371.72
3.637000 48 54 -522.53
3.637000 48 55 -568.56
3.637000 48 56 -409.64
3.637000 48 57 -336.98
3.637000 48 58 -34.95
3.637000 48 59 220.25
3.637000 48 60 491.37
3.637000 48 61 654.24
3.637000 48 62 689.77
3.637000 48 63 648.89
3.637000 48 64 761.94
3.637000 48 65 659.22
3.637000 48 66 387.03
3.637000 48 67 328.10
3.637000 48 68 371.21
3.637000 48 69 315.86
3.637000 48 70 189.51
3.637000 48 71 251.18
3.637000 48 72 178.07
3.637000 48 73 353.89
3.637000 48 74 474.71
3.637000 48 75 580.87
3.637000 48 76 514.13
3.637000 48 77 463.52
3.637000 48 78 424.50
3.637000 48 79 438.05
3.637000 48 80 325.80
3.637000 48 81 244.69
3.637000 48 82 236.23
3.637000 48 83 65.10
3.637000 48 84 -21.14
3.637000 48 85 -29.05
3.637000 48 86 72.23
3.637000 48 87 195.73
3.637000 48 88 269.00
3.637000 48 89 309.16
3.637000 48 90 548.87
3.637000 48 91 757.41
3.637000 48 92 865.85
3.637000 48 93 988.93
3.637000 48 94 1275.71
3.637000 48 95 1337.64
3.637000 48 96 1283.67
3.637000 48 97 1415.78
3.637000 48 98 1434.47
3.637000 48 99 1462.18
3.637000 48 100 1455.14
3.637000 48 101 1389.68
3.637000 48 102 1535.03
3.637000 48 103 1664.44
3.637000 48 104 1688.32
3.637000 48 105 1580.49
3.637000 48 106 1359.15
3.637000 48 107 1486.50
3.637000 48 108 1722.17
3.637000 48 109 1729.77
3.637000 48 110 1701.12
3.637000 48 111 1700.20
3.637000 48 112 1689.07
3.637000 48 113 1652.87
3.637000 48 114 1596.25
3.637000 48 115 1451.32
3.637000 48 116 1437.81
3.637000 48 117 1349.51
3.637000 48 118 1224.99
3.637000 48 119 1160.39
3.637000 48 120 1264.52
3.637000 48 121 1276.68
3.637000 48 122 1443.01
3.637000 48 123 1350.40
3.637000 48 124 1299.13
3.637000 48 125 1382.29
3.637000 48 126 1360.92
3.637000 48 127 1301.59
3.637000 48 128 1219.55
3.637000 48 129 1172.02
3.637000 48 130 1220.43
3.637000 48 131 1114.80
3.637000 48 132 1142.85
3.637000 48 133 1215.30
3.637000 48 134 1244.53
3.637000 48 135 1281.11
3.637000 48 136 1279.77
3.637000 48 137 1212.18
3.637000 48 138 1292.10
3.637000 48 139 1279.65
3.637000 48 140 1120.16
3.637000 48 141 832.00
3.637000 48 142 719.45
3.637000 48 143 750.52
3.637000 48 144 867.31
3.637000 48 145 1057.57
3.637000 48 146 1090.59
3.637000 48 147 1286.28
3.637000 48 148 1565.00
3.637000 48 149 1786.61
3.637000 48 150 1915.17
3.637000 48 151 2011.07
3.637000 48 152 2078.98
3.637000 48 153 2277.59
3.637000 48 154 2586.65
3.637000 48 155 2695.46
3.637000 48 156 2789.31
3.637000 48 157 2739.18
3.637000 48 158 2585.13
3.637000 48 159 2769.68
3.637000 48 160 2927.85
3.637000 48 161 3015.85
3.637000 48 162 2966.09
3.637000 48 163 2936.49
3.637000 48 164 2944.14
3.637000 48 165 3091.42
3.637000 48 166 3087.73
3.637000 48 167 2933.52
3.637000 48 168 3169.49
3.637000 48 169 3350.72
3.637000 48 170 3547.27
3.637000 48 171 3566.92
3.637000 48 172 3587.33
3.637000 48 173 3494.83
3.637000 48 174 3534.26
3.637000 48 175 3455.56
3.637000 48 176 3585.72
3.637000 48 177 3691.10
3.637000 48 178 3856.69
3.637000 48 179 4029.08
3.637000 48 180 3973.14
3.637000 48 181 3914.56
3.637000 48 182 3768.39
3.637000 48 183 3749.84
3.637000 48 184 3819.52
3.637000 48 185 4043.93
3.637000 48 186 4254.35
3.637000 48 187 4378.48
3.637000 48 188 4573.89
3.637000 48 189 4889.71
3.637000 48 190 4930.41
3.637000 48 191 4699.08
3.637000 48 192 4627.91
3.637000 48 193 4460.93
3.637000 48 194 4111.41
3.637000 48 195 3683.83
3.637000 48 196 3389.29
3.637000 48 197 3097.15
3.637000 48 198 2836.54
3.637000 48 199 2514.11
