3.641000 64 0 120980.27
3.641000 64 1 98664.80
3.641000 64 2 81935.86
3.641000 64 3 68651.44
3.641000 64 4 58164.39
3.641000 64 5 49611.39
3.641000 64 6 42429.54
3.641000 64 7 36305.93
3.641000 64 8 31399.69
3.641000 64 9 27201.18
3.641000 64 10 23399.42
3.641000 64 11 20483.50
3.641000 64 12 17940.24
3.641000 64 13 15694.81
3.641000 64 14 13683.03
3.641000 64 15 11851.32
3.641000 64 16 10277.72
3.641000 64 17 8883.64
3.641000 64 18 7665.80
3.641000 64 19 6588.36
3.641000 64 20 5567.44
3.641000 64 21 4817.99
3.641000 64 22 4372.82
3.641000 64 23 3904.29
3.641000 64 24 3629.01
3.641000 64 25 3398.00
3.641000 64 26 3119.09
3.641000 64 27 3001.26
3.641000 64 28 2690.01
3.641000 64 29 2645.89
3.641000 64 30 2652.30
3.641000 64 31 2708.18
3.641000 64 32 2852.60
3.641000 64 33 2944.12
3.641000 64 34 2667.04
3.641000 64 35 2432.08
3.641000 64 36 2333.59
3.641000 64 37 2286.14
3.641000 64 38 2062.93
3.641000 64 39 1759.70
3.641000 64 40 1589.65
3.641000 64 41 1426.84
3.641000 64 42 1082.55
3.641000 64 43 905.22
3.641000 64 44 794.54
3.641000 64 45 905.39
3.641000 64 46 846.16
3.641000 64 47 831.21
3.641000 64 48 763.27
3.641000 64 49 569.69
3.641000 64 50 392.87
3.641000 64 51 279.28
3.641000 64 52 268.67
3.641000 64 53 137.50
3.641000 64 54 -2.68
3.641000 64 55 177.43
3.641000 64 56 226.05
3.641000 64 57 194.55
3.641000 64 58 -33.66
3.641000 64 59 -87.08
3.641000 64 60 -60.97
3.641000 64 61 -59.12
3.641000 64 62 83.86
3.641000 64 63 149.67
3.641000 64 64 253.16
3.641000 64 65 26.30
3.641000 64 66 -153.70
3.641000 64 67 -148.48
3.641000 64 68 -226.79
3.641000 64 69 -82.66
3.641000 64 70 239.15
3.641000 64 71 310.92
3.641000 64 72 346.84
3.641000 64 73 649.86
3.641000 64 74 950.35
3.641000 64 75 1204.98
3.641000 64 76 1370.95
3.641000 64 77 1440.94
3.641000 64 78 1497.83
3.641000 64 79 1176.27
3.641000 64 80 1043.37
3.641000 64 81 1062.94
3.641000 64 82 1040.68
3.641000 64 83 1208.06
3.641000 64 84 1161.89
3.641000 64 85 1247.00
3.641000 64 86 1338.71
3.641000 64 87 1119.91
3.641000 64 88 875.85
3.641000 64 89 662.38
3.641000 64 90 725.92
3.641000 64 91 783.14
3.641000 64 92 1100.35
3.641000 64 93 1141.87
3.641000 64 94 1056.54
3.641000 64 95 810.75
3.641000 64 96 591.74
3.641000 64 97 192.43
3.641000 64 98 -311.33
3.641000 64 99 -500.13
3.641000 64 100 -768.94
3.641000 64 101 -895.70
3.641000 64 102 -1118.91
3.641000 64 103 -1230.58
3.641000 64 104 -1241.35
3.641000 64 105 -1139.05
3.641000 64 106 -1009.26
3.641000 64 107 -1003.86
3.641000 64 108 -979.05
3.641000 64 109 -792.67
3.641000 64 110 -710.78
3.641000 64 111 -707.21
3.641000 64 112 -851.19
3.641000 64 113 -960.10
3.641000 64 114 -1212.55
3.641000 64 115 -1537.30
3.641000 64 116 -1560.41
3.641000 64 117 -1487.89
3.641000 64 118 -1507.08
3.641000 64 119 -1520.77
3.641000 64 120 -1756.34
3.641000 64 121 -2004.61
3.641000 64 122 -2227.54
3.641000 64 123 -2263.83
3.641000 64 124 -2426.87
3.641000 64 125 -2343.51
3.641000 64 126 -2248.83
3.641000 64 127 -2151.58
3.641000 64 128 -1865.37
3.641000 64 129 -1574.80
3.641000 64 130 -1503.06
3.641000 64 131 -1402.02
3.641000 64 132 -1366.84
3.641000 64 133 -1229.17
3.641000 64 134 -1300.84
3.641000 64 135 -1507.15
3.641000 64 136 -1574.54
3.641000 64 137 -1521.03
3.641000 64 138 -1410.84
3.641000 64 139 -1320.57
3.641000 64 140 -1095.56
3.641000 64 141 -876.63
3.641000 64 142 -726.43
3.641000 64 143 -717.99
3.641000 64 144 -552.20
3.641000 64 145 -408.21
3.641000 64 146 -354.48
3.641000 64 147 -326.14
3.641000 64 148 -78.12
3.641000 64 149 22.06
3.641000 64 150 -219.03
3.641000 64 151 -293.61
3.641000 64 152 -390.75
3.641000 64 153 -611.47
3.641000 64 154 -733.13
3.641000 64 155 -862.45
3.641000 64 156 -803.95
3.641000 64 157 -1017.53
3.641000 64 158 -1207.60
3.641000 64 159 -1024.67
3.641000 64 160 -882.35
3.641000 64 161 -880.96
3.641000 64 162 -799.60
3.641000 64 163 -570.37
3.641000 64 164 -579.03
3.641000 64 165 -579.28
3.641000 64 166 -441.90
3.641000 64 167 -424.79
3.641000 64 168 -582.59
3.641000 64 169 -642.18
3.641000 64 170 -474.59
3.641000 64 171 -361.32
3.641000 64 172 -185.29
3.641000 64 173 214.98
3.641000 64 174 550.77
3.641000 64 175 888.38
3.641000 64 176 1126.85
3.641000 64 177 1328.05
3.641000 64 178 1437.22
3.641000 64 179 1364.63
3.641000 64 180 1262.12
3.641000 64 181 1071.03
3.641000 64 182 1016.90
3.641000 64 183 710.72
3.641000 64 184 473.80
3.641000 64 185 567.29
3.641000 64 186 664.62
3.641000 64 187 930.98
3.641000 64 188 1277.47
3.641000 64 189 1372.90
3.641000 64 190 1315.29
3.641000 64 191 1183.90
3.641000 64 192 1011.88
3.641000 64 193 877.77
3.641000 64 194 616.62
3.641000 64 195 313.21
3.641000 64 196 189.36
3.641000 64 197 119.61
3.641000 64 198 16.09
3.641000 64 199 -347.58
