3.500000 16 0 3882.43
3.500000 16 1 2130.36
3.500000 16 2 1217.44
3.500000 16 3 725.14
3.500000 16 4 436.89
3.500000 16 5 265.89
3.500000 16 6 152.58
3.500000 16 7 96.40
3.500000 16 8 59.69
3.500000 16 9 41.47
3.500000 16 10 37.21
3.500000 16 11 32.11
3.500000 16 12 38.73
3.500000 16 13 30.85
3.500000 16 14 12.61
3.500000 16 15 -2.28
3.500000 16 16 -8.00
3.500000 16 17 -5.75
3.500000 16 18 -1.03
3.500000 16 19 -2.70
3.500000 16 20 -13.52
3.500000 16 21 -2.12
3.500000 16 22  0.58
3.500000 16 23  3.89
3.500000 16 24 -10.22
3.500000 16 25 -7.75
3.500000 16 26 -8.89
3.500000 16 27 -10.13
3.500000 16 28  9.66
3.500000 16 29 11.31
3.500000 16 30  4.74
3.500000 16 31 12.15
3.500000 16 32 10.16
3.500000 16 33  6.27
3.500000 16 34 11.28
3.500000 16 35 17.51
3.500000 16 36  3.04
3.500000 16 37 -2.79
3.500000 16 38  5.05
3.500000 16 39 -6.98
3.500000 16 40  3.64
3.500000 16 41 29.15
3.500000 16 42 39.46
3.500000 16 43 50.06
3.500000 16 44 38.79
3.500000 16 45 37.87
3.500000 16 46 36.10
3.500000 16 47 27.89
3.500000 16 48 19.04
3.500000 16 49  6.57
3.500000 16 50  7.50
3.500000 16 51 -0.85
3.500000 16 52 -7.80
3.500000 16 53 -14.05
3.500000 16 54 -16.58
3.500000 16 55 -20.38
3.500000 16 56 -13.25
3.500000 16 57 -15.01
3.500000 16 58 -20.66
3.500000 16 59 -35.60
3.500000 16 60 -32.86
3.500000 16 61 -27.89
3.500000 16 62 -39.62
3.500000 16 63 -53.50
3.500000 16 64 -37.64
3.500000 16 65 -18.27
3.500000 16 66 -19.51
3.500000 16 67 -11.28
3.500000 16 68  4.83
3.500000 16 69 13.44
3.500000 16 70 19.67
3.500000 16 71  7.70
3.500000 16 72 10.30
3.500000 16 73 13.37
3.500000 16 74 30.22
3.500000 16 75 33.92
3.500000 16 76 25.93
3.500000 16 77 15.24
3.500000 16 78  2.63
3.500000 16 79 -1.87
3.500000 16 80 -9.96
3.500000 16 81  0.97
3.500000 16 82  5.03
3.500000 16 83  2.87
3.500000 16 84  7.88
3.500000 16 85  2.14
3.500000 16 86  7.05
3.500000 16 87  8.67
3.500000 16 88  4.58
3.500000 16 89 13.58
3.500000 16 90 22.98
3.500000 16 91 30.27
3.500000 16 92 34.45
3.500000 16 93 38.88
3.500000 16 94 25.96
3.500000 16 95 10.28
3.500000 16 96 -25.56
3.500000 16 97 -37.50
3.500000 16 98 -41.11
3.500000 16 99 -50.43
3.500000 16 100 -45.54
3.500000 16 101 -43.06
3.500000 16 102 -24.09
3.500000 16 103 -20.37
3.500000 16 104 -6.77
3.500000 16 105  3.62
3.500000 16 106 10.91
3.500000 16 107  4.27
3.500000 16 108  3.13
3.500000 16 109  5.96
3.500000 16 110  3.48
3.500000 16 111 -9.49
3.500000 16 112  0.87
3.500000 16 113  3.69
3.500000 16 114  4.40
3.500000 16 115 -7.48
3.500000 16 116  7.88
3.500000 16 117 20.64
3.500000 16 118 36.82
3.500000 16 119 44.77
3.500000 16 120 28.51
3.500000 16 121 12.46
3.500000 16 122 -2.63
3.500000 16 123 -7.23
3.500000 16 124 -16.99
3.500000 16 125 -16.93
3.500000 16 126 -15.78
3.500000 16 127 -28.12
3.500000 16 128 -13.01
3.500000 16 129  0.60
3.500000 16 130 -4.13
3.500000 16 131 -3.33
3.500000 16 132  7.38
3.500000 16 133 18.40
3.500000 16 134 14.37
3.500000 16 135 -1.25
3.500000 16 136 -1.59
3.500000 16 137 -7.90
3.500000 16 138 -3.49
3.500000 16 139  4.45
3.500000 16 140 -8.40
3.500000 16 141 -0.37
3.500000 16 142 -12.75
3.500000 16 143 -11.62
3.500000 16 144  0.27
3.500000 16 145  0.60
3.500000 16 146  7.66
3.500000 16 147  5.82
3.500000 16 148 -0.01
3.500000 16 149  5.20
3.500000 16 150 -0.93
3.500000 16 151  2.92
3.500000 16 152  9.42
3.500000 16 153 -2.42
3.500000 16 154 -3.43
3.500000 16 155 -4.54
3.500000 16 156  4.60
3.500000 16 157  1.59
3.500000 16 158 -3.91
3.500000 16 159  7.11
3.500000 16 160  3.01
3.500000 16 161 -7.49
3.500000 16 162  0.76
3.500000 16 163  9.35
3.500000 16 164 28.43
3.500000 16 165 23.77
3.500000 16 166 19.11
3.500000 16 167 20.26
3.500000 16 168 22.38
3.500000 16 169 16.60
3.500000 16 170 28.39
3.500000 16 171 30.71
3.500000 16 172 40.34
3.500000 16 173 50.64
3.500000 16 174 52.80
3.500000 16 175 53.61
3.500000 16 176 31.12
3.500000 16 177 21.41
3.500000 16 178  7.14
3.500000 16 179 -2.69
3.500000 16 180 -4.67
3.500000 16 181  1.27
3.500000 16 182 -8.19
3.500000 16 183 -15.93
3.500000 16 184  2.99
3.500000 16 185  0.87
3.500000 16 186  1.59
3.500000 16 187 -16.73
3.500000 16 188 -17.06
3.500000 16 189 -7.67
3.500000 16 190 -10.56
3.500000 16 191 -6.46
3.500000 16 192  5.77
3.500000 16 193 17.61
3.500000 16 194 24.28
3.500000 16 195 22.79
3.500000 16 196 18.61
3.500000 16 197 14.95
3.500000 16 198 15.12
3.500000 16 199 16.45
