3.520000 96 0 73173.60
3.520000 96 1 45187.39
3.520000 96 2 27924.99
3.520000 96 3 16909.70
3.520000 96 4 9910.59
3.520000 96 5 5346.46
3.520000 96 6 2788.77
3.520000 96 7 65.07
3.520000 96 8 -1840.33
3.520000 96 9 -1533.20
3.520000 96 10 -2567.86
3.520000 96 11 -2274.64
3.520000 96 12 -2234.18
3.520000 96 13 -2327.86
3.520000 96 14 -1495.70
3.520000 96 15 -1089.68
3.520000 96 16 -1808.96
3.520000 96 17 -2685.88
3.520000 96 18 -2781.07
3.520000 96 19 -3090.77
3.520000 96 20 -3757.09
3.520000 96 21 -3219.25
3.520000 96 22 -3037.68
3.520000 96 23 -3436.04
3.520000 96 24 -4136.10
3.520000 96 25 -3875.27
3.520000 96 26 -3733.41
3.520000 96 27 -4662.60
3.520000 96 28 -5094.80
3.520000 96 29 -5825.55
3.520000 96 30 -6267.84
3.520000 96 31 -7528.63
3.520000 96 32 -7653.99
3.520000 96 33 -6882.09
3.520000 96 34 -6395.25
3.520000 96 35 -6982.78
3.520000 96 36 -6915.92
3.520000 96 37 -6829.93
3.520000 96 38 -7251.12
3.520000 96 39 -6656.61
3.520000 96 40 -6393.38
3.520000 96 41 -6045.41
3.520000 96 42 -6718.79
3.520000 96 43 -6270.96
3.520000 96 44 -6503.59
3.520000 96 45 -5342.21
3.520000 96 46 -5433.56
3.520000 96 47 -5376.79
3.520000 96 48 -6206.20
3.520000 96 49 -7454.70
3.520000 96 50 -9815.21
3.520000 96 51 -11239.95
3.520000 96 52 -12701.67
3.520000 96 53 -14082.76
3.520000 96 54 -15239.17
3.520000 96 55 -15934.21
3.520000 96 56 -16282.30
3.520000 96 57 -15143.91
3.520000 96 58 -14460.66
3.520000 96 59 -13879.59
3.520000 96 60 -14103.65
3.520000 96 61 -13360.50
3.520000 96 62 -13398.35
3.520000 96 63 -13939.81
3.520000 96 64 -13989.41
3.520000 96 65 -14638.33
3.520000 96 66 -15050.58
3.520000 96 67 -15960.25
3.520000 96 68 -16875.07
3.520000 96 69 -17439.91
3.520000 96 70 -17156.78
3.520000 96 71 -17385.45
3.520000 96 72 -18097.40
3.520000 96 73 -17861.40
3.520000 96 74 -18044.59
3.520000 96 75 -17766.53
3.520000 96 76 -17876.16
3.520000 96 77 -18592.63
3.520000 96 78 -18755.93
3.520000 96 79 -18552.76
3.520000 96 80 -18621.27
3.520000 96 81 -18243.17
3.520000 96 82 -18053.75
3.520000 96 83 -19426.06
3.520000 96 84 -20363.37
3.520000 96 85 -19852.32
3.520000 96 86 -19824.01
3.520000 96 87 -19714.50
3.520000 96 88 -18358.48
3.520000 96 89 -17444.48
3.520000 96 90 -16782.01
3.520000 96 91 -15371.45
3.520000 96 92 -14805.56
3.520000 96 93 -15732.42
3.520000 96 94 -16107.79
3.520000 96 95 -16838.35
3.520000 96 96 -16296.99
3.520000 96 97 -16243.42
3.520000 96 98 -15596.19
3.520000 96 99 -16091.64
3.520000 96 100 -15885.41
3.520000 96 101 -15436.71
3.520000 96 102 -14341.78
3.520000 96 103 -13437.00
3.520000 96 104 -11965.30
3.520000 96 105 -10715.11
3.520000 96 106 -10304.71
3.520000 96 107 -10201.30
3.520000 96 108 -11143.98
3.520000 96 109 -11623.70
3.520000 96 110 -11520.55
3.520000 96 111 -11846.65
3.520000 96 112 -11917.45
3.520000 96 113 -12745.51
3.520000 96 114 -13747.93
3.520000 96 115 -14260.11
3.520000 96 116 -13683.55
3.520000 96 117 -12978.31
3.520000 96 118 -12073.62
3.520000 96 119 -10718.88
3.520000 96 120 -9079.58
3.520000 96 121 -7511.96
3.520000 96 122 -6094.78
3.520000 96 123 -4852.63
3.520000 96 124 -3500.02
3.520000 96 125 -1528.83
3.520000 96 126 159.26
3.520000 96 127 1843.66
3.520000 96 128 2746.13
3.520000 96 129 3205.61
3.520000 96 130 3930.34
3.520000 96 131 5310.63
3.520000 96 132 5541.18
3.520000 96 133 5959.88
3.520000 96 134 6845.13
3.520000 96 135 7412.42
3.520000 96 136 6601.99
3.520000 96 137 6375.82
3.520000 96 138 5936.76
3.520000 96 139 6491.36
3.520000 96 140 6894.71
3.520000 96 141 7630.63
3.520000 96 142 7824.77
3.520000 96 143 8217.06
3.520000 96 144 8720.39
3.520000 96 145 7814.34
3.520000 96 146 7449.84
3.520000 96 147 7814.25
3.520000 96 148 7444.21
3.520000 96 149 8211.97
3.520000 96 150 9505.84
3.520000 96 151 10253.03
3.520000 96 152 9356.52
3.520000 96 153 9031.81
3.520000 96 154 8830.08
3.520000 96 155 8153.68
3.520000 96 156 7865.40
3.520000 96 157 6883.89
3.520000 96 158 6375.12
3.520000 96 159 6299.97
3.520000 96 160 6630.97
3.520000 96 161 7692.04
3.520000 96 162 7607.09
3.520000 96 163 7735.53
3.520000 96 164 7326.19
3.520000 96 165 7469.97
3.520000 96 166 7876.60
3.520000 96 167 8733.73
3.520000 96 168 9202.87
3.520000 96 169 9859.39
3.520000 96 170 10276.20
3.520000 96 171 11103.41
3.520000 96 172 10944.89
3.520000 96 173 11154.38
3.520000 96 174 10996.91
3.520000 96 175 11424.32
3.520000 96 176 12801.05
3.520000 96 177 13208.81
3.520000 96 178 13744.46
3.520000 96 179 13682.23
3.520000 96 180 13612.75
3.520000 96 181 12721.03
3.520000 96 182 12261.90
3.520000 96 183 12475.52
3.520000 96 184 12606.86
3.520000 96 185 12480.27
3.520000 96 186 13052.14
3.520000 96 187 13366.54
3.520000 96 188 13211.11
3.520000 96 189 12932.64
3.520000 96 190 13390.39
3.520000 96 191 13801.25
3.520000 96 192 14450.31
3.520000 96 193 14348.77
3.520000 96 194 14029.94
3.520000 96 195 14149.74
3.520000 96 196 14917.85
3.520000 96 197 14644.47
3.520000 96 198 14597.59
3.520000 96 199 15355.53
