3.520000 16 0 1876.10
3.520000 16 1 1075.95
3.520000 16 2 638.80
3.520000 16 3 375.60
3.520000 16 4 236.20
3.520000 16 5 151.30
3.520000 16 6 81.98
3.520000 16 7 18.06
3.520000 16 8 -17.14
3.520000 16 9 -37.46
3.520000 16 10 -49.44
3.520000 16 11 -48.97
3.520000 16 12 -47.83
3.520000 16 13 -26.69
3.520000 16 14 -8.72
3.520000 16 15 -26.03
3.520000 16 16 -33.07
3.520000 16 17 -8.98
3.520000 16 18 -30.95
3.520000 16 19 -38.46
3.520000 16 20 -33.17
3.520000 16 21 -38.87
3.520000 16 22 -32.94
3.520000 16 23 -22.04
3.520000 16 24 -3.20
3.520000 16 25 12.21
3.520000 16 26 17.00
3.520000 16 27 13.08
3.520000 16 28  1.92
3.520000 16 29 -2.34
3.520000 16 30 -24.59
3.520000 16 31 -7.99
3.520000 16 32 -26.40
3.520000 16 33 -53.48
3.520000 16 34 -72.88
3.520000 16 35 -40.59
3.520000 16 36 -32.53
3.520000 16 37 -21.91
3.520000 16 38 -14.95
3.520000 16 39 -23.25
3.520000 16 40 -18.72
3.520000 16 41 -13.73
3.520000 16 42 -10.04
3.520000 16 43 -4.42
3.520000 16 44  7.53
3.520000 16 45 17.89
3.520000 16 46 27.31
3.520000 16 47 36.02
3.520000 16 48 43.68
3.520000 16 49 49.64
3.520000 16 50 51.83
3.520000 16 51 73.11
3.520000 16 52 71.09
3.520000 16 53 95.63
3.520000 16 54 68.22
3.520000 16 55 60.41
3.520000 16 56 44.20
3.520000 16 57 60.48
3.520000 16 58 36.48
3.520000 16 59 30.99
3.520000 16 60 19.42
3.520000 16 61 17.79
3.520000 16 62  2.24
3.520000 16 63  7.70
3.520000 16 64 16.03
3.520000 16 65 13.67
3.520000 16 66 15.85
3.520000 16 67  4.42
3.520000 16 68  1.51
3.520000 16 69 15.03
3.520000 16 70 26.35
3.520000 16 71 47.77
3.520000 16 72 57.88
3.520000 16 73 68.11
3.520000 16 74 86.57
3.520000 16 75 112.29
3.520000 16 76 104.00
3.520000 16 77 82.02
3.520000 16 78 85.86
3.520000 16 79 87.03
3.520000 16 80 75.48
3.520000 16 81 54.75
3.520000 16 82 60.86
3.520000 16 83 72.72
3.520000 16 84 91.07
3.520000 16 85 72.97
3.520000 16 86 59.90
3.520000 16 87 56.30
3.520000 16 88 65.71
3.520000 16 89 66.98
3.520000 16 90 69.35
3.520000 16 91 57.64
3.520000 16 92 65.47
3.520000 16 93 65.26
3.520000 16 94 60.54
3.520000 16 95 73.36
3.520000 16 96 78.37
3.520000 16 97 76.75
3.520000 16 98 62.15
3.520000 16 99 66.09
3.520000 16 100 62.45
3.520000 16 101 88.48
3.520000 16 102 92.59
3.520000 16 103 116.84
3.520000 16 104 118.84
3.520000 16 105 120.89
3.520000 16 106 111.89
3.520000 16 107 116.03
3.520000 16 108 110.01
3.520000 16 109 110.75
3.520000 16 110 103.48
3.520000 16 111 89.38
3.520000 16 112 110.96
3.520000 16 113 133.74
3.520000 16 114 118.50
3.520000 16 115 87.66
3.520000 16 116 39.66
3.520000 16 117 17.82
3.520000 16 118 23.35
3.520000 16 119 47.71
3.520000 16 120 54.10
3.520000 16 121 47.72
3.520000 16 122 25.40
3.520000 16 123 22.12
3.520000 16 124 54.11
3.520000 16 125 106.79
3.520000 16 126 138.88
3.520000 16 127 132.53
3.520000 16 128 144.70
3.520000 16 129 166.15
3.520000 16 130 162.97
3.520000 16 131 140.33
3.520000 16 132 120.58
3.520000 16 133 117.18
3.520000 16 134 131.17
3.520000 16 135 146.93
3.520000 16 136 136.60
3.520000 16 137 109.94
3.520000 16 138 93.96
3.520000 16 139 85.73
3.520000 16 140 84.74
3.520000 16 141 102.90
3.520000 16 142 95.82
3.520000 16 143 95.74
3.520000 16 144 80.08
3.520000 16 145 94.17
3.520000 16 146 116.09
3.520000 16 147 113.09
3.520000 16 148 130.51
3.520000 16 149 127.93
3.520000 16 150 138.15
3.520000 16 151 136.78
3.520000 16 152 129.30
3.520000 16 153 113.55
3.520000 16 154 96.13
3.520000 16 155 84.28
3.520000 16 156 100.81
3.520000 16 157 101.17
3.520000 16 158 84.10
3.520000 16 159 82.46
3.520000 16 160 72.27
3.520000 16 161 71.72
3.520000 16 162 109.27
3.520000 16 163 109.07
3.520000 16 164 128.81
3.520000 16 165 134.40
3.520000 16 166 133.11
3.520000 16 167 136.85
3.520000 16 168 137.82
3.520000 16 169 147.76
3.520000 16 170 145.53
3.520000 16 171 128.07
3.520000 16 172 111.45
3.520000 16 173 90.03
3.520000 16 174 87.98
3.520000 16 175 70.50
3.520000 16 176 66.39
3.520000 16 177 90.49
3.520000 16 178 87.42
3.520000 16 179 86.40
3.520000 16 180 86.40
3.520000 16 181 73.30
3.520000 16 182 64.36
3.520000 16 183 74.97
3.520000 16 184 90.17
3.520000 16 185 59.33
3.520000 16 186 60.16
3.520000 16 187 78.57
3.520000 16 188 89.98
3.520000 16 189 110.20
3.520000 16 190 106.09
3.520000 16 191 104.78
3.520000 16 192 120.46
3.520000 16 193 133.62
3.520000 16 194 142.62
3.520000 16 195 140.91
3.520000 16 196 138.53
3.520000 16 197 131.65
3.520000 16 198 118.20
3.520000 16 199 96.37
