2.270000 32 0 9726.21
2.270000 32 1 7211.87
2.270000 32 2 5382.05
2.270000 32 3 3996.94
2.270000 32 4 2977.26
2.270000 32 5 2250.02
2.270000 32 6 1744.86
2.270000 32 7 1279.73
2.270000 32 8 977.27
2.270000 32 9 746.33
2.270000 32 10 532.23
2.270000 32 11 395.67
2.270000 32 12 324.22
2.270000 32 13 191.49
2.270000 32 14 35.20
2.270000 32 15 -53.74
2.270000 32 16 -73.74
2.270000 32 17 -96.44
2.270000 32 18 -90.99
2.270000 32 19 -141.40
2.270000 32 20 -134.81
2.270000 32 21 -140.19
2.270000 32 22 -214.84
2.270000 32 23 -220.24
2.270000 32 24 -156.33
2.270000 32 25 -110.68
2.270000 32 26 -144.77
2.270000 32 27 -148.75
2.270000 32 28 -146.58
2.270000 32 29 -98.86
2.270000 32 30 -60.30
2.270000 32 31 -8.40
2.270000 32 32 27.28
2.270000 32 33 50.75
2.270000 32 34 38.93
2.270000 32 35 -18.87
2.270000 32 36 -100.47
2.270000 32 37 -141.12
2.270000 32 38 -198.69
2.270000 32 39 -277.24
2.270000 32 40 -377.73
2.270000 32 41 -432.50
2.270000 32 42 -508.14
2.270000 32 43 -538.60
2.270000 32 44 -479.86
2.270000 32 45 -390.74
2.270000 32 46 -317.53
2.270000 32 47 -248.53
2.270000 32 48 -215.68
2.270000 32 49 -96.58
2.270000 32 50  1.29
2.270000 32 51 127.36
2.270000 32 52 163.42
2.270000 32 53 205.36
2.270000 32 54 185.24
2.270000 32 55 182.78
2.270000 32 56 203.80
2.270000 32 57 248.46
2.270000 32 58 268.20
2.270000 32 59 244.56
2.270000 32 60 253.15
2.270000 32 61 293.81
2.270000 32 62 319.88
2.270000 32 63 317.52
2.270000 32 64 318.04
2.270000 32 65 279.88
2.270000 32 66 191.47
2.270000 32 67 134.57
2.270000 32 68 171.92
2.270000 32 69 191.99
2.270000 32 70 194.94
2.270000 32 71 232.55
2.270000 32 72 207.92
2.270000 32 73 191.17
2.270000 32 74 205.74
2.270000 32 75 190.72
2.270000 32 76 239.09
2.270000 32 77 229.32
2.270000 32 78 283.77
2.270000 32 79 350.66
2.270000 32 80 332.23
2.270000 32 81 386.11
2.270000 32 82 458.99
2.270000 32 83 602.24
2.270000 32 84 726.89
2.270000 32 85 811.06
2.270000 32 86 790.01
2.270000 32 87 714.97
2.270000 32 88 647.42
2.270000 32 89 607.83
2.270000 32 90 617.97
2.270000 32 91 625.83
2.270000 32 92 589.59
2.270000 32 93 473.63
2.270000 32 94 376.17
2.270000 32 95 303.35
2.270000 32 96 245.21
2.270000 32 97 264.02
2.270000 32 98 238.20
2.270000 32 99 278.73
2.270000 32 100 272.27
2.270000 32 101 252.23
2.270000 32 102 303.69
2.270000 32 103 354.69
2.270000 32 104 452.77
2.270000 32 105 526.24
2.270000 32 106 580.35
2.270000 32 107 597.44
2.270000 32 108 621.22
2.270000 32 109 613.57
2.270000 32 110 532.41
2.270000 32 111 426.66
2.270000 32 112 275.53
2.270000 32 113 257.83
2.270000 32 114 258.34
2.270000 32 115 255.34
2.270000 32 116 228.86
2.270000 32 117 145.01
2.270000 32 118 242.69
2.270000 32 119 223.74
2.270000 32 120 274.45
2.270000 32 121 372.78
2.270000 32 122 474.57
2.270000 32 123 543.12
2.270000 32 124 544.04
2.270000 32 125 500.39
2.270000 32 126 451.44
2.270000 32 127 356.37
2.270000 32 128 308.11
2.270000 32 129 234.57
2.270000 32 130 192.90
2.270000 32 131 190.69
2.270000 32 132 208.98
2.270000 32 133 221.64
2.270000 32 134 217.24
2.270000 32 135 209.43
2.270000 32 136 199.36
2.270000 32 137 256.17
2.270000 32 138 310.08
2.270000 32 139 343.50
2.270000 32 140 383.73
2.270000 32 141 448.75
2.270000 32 142 457.58
2.270000 32 143 598.97
2.270000 32 144 761.93
2.270000 32 145 831.05
2.270000 32 146 905.10
2.270000 32 147 932.52
2.270000 32 148 967.49
2.270000 32 149 994.26
2.270000 32 150 995.92
2.270000 32 151 1037.78
2.270000 32 152 1101.63
2.270000 32 153 1111.11
2.270000 32 154 1158.62
2.270000 32 155 1170.46
2.270000 32 156 1130.74
2.270000 32 157 1139.75
2.270000 32 158 1127.11
2.270000 32 159 1042.53
2.270000 32 160 993.32
2.270000 32 161 1026.25
2.270000 32 162 1050.02
2.270000 32 163 1019.28
2.270000 32 164 1085.75
2.270000 32 165 1111.16
2.270000 32 166 1057.72
2.270000 32 167 1055.13
2.270000 32 168 1125.97
2.270000 32 169 1163.80
2.270000 32 170 1099.78
2.270000 32 171 1005.98
2.270000 32 172 994.63
2.270000 32 173 962.13
2.270000 32 174 1017.78
2.270000 32 175 1095.32
2.270000 32 176 1077.28
2.270000 32 177 1103.74
2.270000 32 178 1103.65
2.270000 32 179 1100.32
2.270000 32 180 985.27
2.270000 32 181 924.05
2.270000 32 182 873.02
2.270000 32 183 788.65
2.270000 32 184 739.44
2.270000 32 185 751.04
2.270000 32 186 799.93
2.270000 32 187 802.63
2.270000 32 188 722.79
2.270000 32 189 725.58
2.270000 32 190 777.63
2.270000 32 191 802.19
2.270000 32 192 773.09
2.270000 32 193 781.03
2.270000 32 194 769.38
2.270000 32 195 775.08
2.270000 32 196 805.82
2.270000 32 197 749.18
2.270000 32 198 734.42
2.270000 32 199 786.91
