3.560000 48 0 46648.67
3.560000 48 1 30924.40
3.560000 48 2 21125.11
3.560000 48 3 14708.25
3.560000 48 4 10330.08
3.560000 48 5 7441.26
3.560000 48 6 5404.72
3.560000 48 7 4060.62
3.560000 48 8 2998.24
3.560000 48 9 2224.79
3.560000 48 10 1704.86
3.560000 48 11 1327.66
3.560000 48 12 994.69
3.560000 48 13 844.36
3.560000 48 14 564.12
3.560000 48 15 358.27
3.560000 48 16 197.46
3.560000 48 17 108.13
3.560000 48 18 172.49
3.560000 48 19 150.41
3.560000 48 20 148.36
3.560000 48 21 131.13
3.560000 48 22 85.46
3.560000 48 23 14.84
3.560000 48 24 34.27
3.560000 48 25 -60.53
3.560000 48 26 -129.07
3.560000 48 27 -59.38
3.560000 48 28 -31.30
3.560000 48 29 85.53
3.560000 48 30 120.49
3.560000 48 31 164.70
3.560000 48 32 122.10
3.560000 48 33 15.91
3.560000 48 34 -149.24
3.560000 48 35 -154.36
3.560000 48 36 -221.77
3.560000 48 37 -332.07
3.560000 48 38 -413.72
3.560000 48 39 -451.07
3.560000 48 40 -530.04
3.560000 48 41 -432.11
3.560000 48 42 -374.30
3.560000 48 43 -450.76
3.560000 48 44 -446.65
3.560000 48 45 -482.25
3.560000 48 46 -576.53
3.560000 48 47 -593.86
3.560000 48 48 -667.16
3.560000 48 49 -818.85
3.560000 48 50 -866.61
3.560000 48 51 -815.57
3.560000 48 52 -780.05
3.560000 48 53 -724.12
3.560000 48 54 -552.45
3.560000 48 55 -545.13
3.560000 48 56 -458.58
3.560000 48 57 -454.64
3.560000 48 58 -555.73
3.560000 48 59 -680.90
3.560000 48 60 -715.64
3.560000 48 61 -663.48
3.560000 48 62 -568.83
3.560000 48 63 -469.34
3.560000 48 64 -389.43
3.560000 48 65 -348.47
3.560000 48 66 -238.50
3.560000 48 67 -240.60
3.560000 48 68 -265.31
3.560000 48 69 -282.68
3.560000 48 70 -406.99
3.560000 48 71 -534.40
3.560000 48 72 -704.70
3.560000 48 73 -726.41
3.560000 48 74 -633.86
3.560000 48 75 -454.34
3.560000 48 76 -302.76
3.560000 48 77 -267.33
3.560000 48 78 -312.05
3.560000 48 79 -207.05
3.560000 48 80 -57.29
3.560000 48 81 162.45
3.560000 48 82 95.04
3.560000 48 83 176.15
3.560000 48 84 71.00
3.560000 48 85 93.66
3.560000 48 86 183.09
3.560000 48 87 273.77
3.560000 48 88 338.75
3.560000 48 89 248.82
3.560000 48 90 47.11
3.560000 48 91 -138.94
3.560000 48 92 -317.98
3.560000 48 93 -427.13
3.560000 48 94 -591.99
3.560000 48 95 -679.06
3.560000 48 96 -720.58
3.560000 48 97 -746.55
3.560000 48 98 -444.61
3.560000 48 99 -263.67
3.560000 48 100 -286.00
3.560000 48 101 -181.65
3.560000 48 102 -213.26
3.560000 48 103 -197.61
3.560000 48 104 -192.94
3.560000 48 105 -291.15
3.560000 48 106 -379.50
3.560000 48 107 -306.67
3.560000 48 108 -264.58
3.560000 48 109 -312.80
3.560000 48 110 -124.67
3.560000 48 111 14.76
3.560000 48 112 58.23
3.560000 48 113 37.83
3.560000 48 114 -89.87
3.560000 48 115 -147.68
3.560000 48 116 -74.21
3.560000 48 117 -49.33
3.560000 48 118 -99.16
3.560000 48 119 -107.79
3.560000 48 120 19.95
3.560000 48 121 146.41
3.560000 48 122 138.10
3.560000 48 123 151.43
3.560000 48 124 124.24
3.560000 48 125 -73.28
3.560000 48 126 -14.73
3.560000 48 127 -8.07
3.560000 48 128 13.99
3.560000 48 129 32.37
3.560000 48 130 13.80
3.560000 48 131 36.23
3.560000 48 132  1.24
3.560000 48 133 155.02
3.560000 48 134 236.45
3.560000 48 135 253.58
3.560000 48 136 270.28
3.560000 48 137 283.42
3.560000 48 138 178.72
3.560000 48 139 61.02
3.560000 48 140  0.77
3.560000 48 141 92.18
3.560000 48 142 333.22
3.560000 48 143 490.78
3.560000 48 144 519.20
3.560000 48 145 427.93
3.560000 48 146 399.60
3.560000 48 147 320.12
3.560000 48 148 274.81
3.560000 48 149 89.09
3.560000 48 150 44.05
3.560000 48 151 117.55
3.560000 48 152 197.03
3.560000 48 153 95.04
3.560000 48 154 88.39
3.560000 48 155 96.41
3.560000 48 156 -95.30
3.560000 48 157 -65.01
3.560000 48 158 30.78
3.560000 48 159 160.10
3.560000 48 160 176.59
3.560000 48 161 183.67
3.560000 48 162 115.66
3.560000 48 163 81.14
3.560000 48 164 -87.08
3.560000 48 165 -179.56
3.560000 48 166 -224.44
3.560000 48 167 -179.38
3.560000 48 168 50.31
3.560000 48 169 161.90
3.560000 48 170 245.09
3.560000 48 171 353.25
3.560000 48 172 429.35
3.560000 48 173 403.50
3.560000 48 174 527.88
3.560000 48 175 528.71
3.560000 48 176 574.46
3.560000 48 177 509.34
3.560000 48 178 379.07
3.560000 48 179 381.95
3.560000 48 180 268.47
3.560000 48 181 254.95
3.560000 48 182 201.32
3.560000 48 183 123.26
3.560000 48 184 97.71
3.560000 48 185 114.05
3.560000 48 186 94.00
3.560000 48 187 140.37
3.560000 48 188 176.68
3.560000 48 189 151.94
3.560000 48 190 235.07
3.560000 48 191 156.15
3.560000 48 192 36.91
3.560000 48 193 33.60
3.560000 48 194 -19.08
3.560000 48 195 70.29
3.560000 48 196 214.39
3.560000 48 197 314.49
3.560000 48 198 359.08
3.560000 48 199 394.59
