3.720000 32 0 11450.17
3.720000 32 1 9318.60
3.720000 32 2 7716.49
3.720000 32 3 6421.28
3.720000 32 4 5376.90
3.720000 32 5 4535.84
3.720000 32 6 3824.16
3.720000 32 7 3160.20
3.720000 32 8 2577.58
3.720000 32 9 2109.00
3.720000 32 10 1725.25
3.720000 32 11 1444.83
3.720000 32 12 1251.16
3.720000 32 13 1128.20
3.720000 32 14 906.16
3.720000 32 15 768.53
3.720000 32 16 619.77
3.720000 32 17 527.90
3.720000 32 18 442.11
3.720000 32 19 359.66
3.720000 32 20 289.89
3.720000 32 21 272.12
3.720000 32 22 235.33
3.720000 32 23 155.91
3.720000 32 24 92.96
3.720000 32 25 -45.91
3.720000 32 26 -172.71
3.720000 32 27 -286.58
3.720000 32 28 -351.17
3.720000 32 29 -386.87
3.720000 32 30 -379.51
3.720000 32 31 -386.91
3.720000 32 32 -388.94
3.720000 32 33 -418.55
3.720000 32 34 -404.35
3.720000 32 35 -367.81
3.720000 32 36 -351.55
3.720000 32 37 -386.53
3.720000 32 38 -439.96
3.720000 32 39 -436.40
3.720000 32 40 -438.18
3.720000 32 41 -521.44
3.720000 32 42 -527.09
3.720000 32 43 -439.38
3.720000 32 44 -384.05
3.720000 32 45 -315.51
3.720000 32 46 -274.24
3.720000 32 47 -166.59
3.720000 32 48 -60.44
3.720000 32 49 -61.02
3.720000 32 50 -10.82
3.720000 32 51 11.23
3.720000 32 52  5.88
3.720000 32 53 -21.78
3.720000 32 54 -75.02
3.720000 32 55 -76.13
3.720000 32 56 -72.29
3.720000 32 57 -92.71
3.720000 32 58 -47.66
3.720000 32 59 -95.57
3.720000 32 60 -210.33
3.720000 32 61 -285.74
3.720000 32 62 -327.39
3.720000 32 63 -379.69
3.720000 32 64 -338.01
3.720000 32 65 -306.16
3.720000 32 66 -234.50
3.720000 32 67 -187.29
3.720000 32 68 -197.10
3.720000 32 69 -190.19
3.720000 32 70 -195.14
3.720000 32 71 -190.08
3.720000 32 72 -225.57
3.720000 32 73 -260.29
3.720000 32 74 -280.38
3.720000 32 75 -266.01
3.720000 32 76 -233.79
3.720000 32 77 -182.86
3.720000 32 78 -127.37
3.720000 32 79 -146.17
3.720000 32 80 -183.05
3.720000 32 81 -180.86
3.720000 32 82 -162.26
3.720000 32 83 -96.02
3.720000 32 84 -123.22
3.720000 32 85 -109.62
3.720000 32 86 -67.79
3.720000 32 87 17.40
3.720000 32 88 90.16
3.720000 32 89 141.82
3.720000 32 90 202.48
3.720000 32 91 253.11
3.720000 32 92 374.91
3.720000 32 93 464.97
3.720000 32 94 518.55
3.720000 32 95 541.70
3.720000 32 96 525.84
3.720000 32 97 535.77
3.720000 32 98 578.52
3.720000 32 99 579.81
3.720000 32 100 550.39
3.720000 32 101 622.63
3.720000 32 102 703.14
3.720000 32 103 731.87
3.720000 32 104 716.08
3.720000 32 105 709.61
3.720000 32 106 652.97
3.720000 32 107 618.12
3.720000 32 108 542.85
3.720000 32 109 465.86
3.720000 32 110 501.93
3.720000 32 111 584.14
3.720000 32 112 561.34
3.720000 32 113 557.90
3.720000 32 114 557.47
3.720000 32 115 553.98
3.720000 32 116 567.27
3.720000 32 117 550.50
3.720000 32 118 495.17
3.720000 32 119 426.22
3.720000 32 120 337.16
3.720000 32 121 236.10
3.720000 32 122 78.50
3.720000 32 123 -12.99
3.720000 32 124 -128.99
3.720000 32 125 -284.92
3.720000 32 126 -420.72
3.720000 32 127 -544.20
3.720000 32 128 -628.15
3.720000 32 129 -709.28
3.720000 32 130 -768.34
3.720000 32 131 -753.16
3.720000 32 132 -764.04
3.720000 32 133 -701.10
3.720000 32 134 -718.47
3.720000 32 135 -702.74
3.720000 32 136 -713.27
3.720000 32 137 -649.89
3.720000 32 138 -645.83
3.720000 32 139 -651.77
3.720000 32 140 -698.16
3.720000 32 141 -740.37
3.720000 32 142 -804.62
3.720000 32 143 -879.63
3.720000 32 144 -990.15
3.720000 32 145 -1064.52
3.720000 32 146 -1143.95
3.720000 32 147 -1236.69
3.720000 32 148 -1290.75
3.720000 32 149 -1275.96
3.720000 32 150 -1313.38
3.720000 32 151 -1327.08
3.720000 32 152 -1339.20
3.720000 32 153 -1271.72
3.720000 32 154 -1194.90
3.720000 32 155 -1110.21
3.720000 32 156 -1067.04
3.720000 32 157 -1006.18
3.720000 32 158 -918.13
3.720000 32 159 -843.75
3.720000 32 160 -805.17
3.720000 32 161 -753.64
3.720000 32 162 -746.10
3.720000 32 163 -714.66
3.720000 32 164 -702.79
3.720000 32 165 -666.73
3.720000 32 166 -622.70
3.720000 32 167 -579.66
3.720000 32 168 -505.82
3.720000 32 169 -448.45
3.720000 32 170 -391.45
3.720000 32 171 -342.67
3.720000 32 172 -325.51
3.720000 32 173 -334.12
3.720000 32 174 -420.43
3.720000 32 175 -445.48
3.720000 32 176 -407.03
3.720000 32 177 -351.35
3.720000 32 178 -264.21
3.720000 32 179 -160.64
3.720000 32 180 -136.24
3.720000 32 181 -138.11
3.720000 32 182 -135.85
3.720000 32 183 -74.79
3.720000 32 184 30.08
3.720000 32 185 140.43
3.720000 32 186 170.01
3.720000 32 187 182.22
3.720000 32 188 226.67
3.720000 32 189 318.52
3.720000 32 190 371.66
3.720000 32 191 371.40
3.720000 32 192 344.72
3.720000 32 193 330.78
3.720000 32 194 327.09
3.720000 32 195 363.48
3.720000 32 196 354.30
3.720000 32 197 359.35
3.720000 32 198 311.10
3.720000 32 199 253.90
