3.580000 96 0 204902.08
3.580000 96 1 143809.75
3.580000 96 2 103505.88
3.580000 96 3 74790.63
3.580000 96 4 53965.23
3.580000 96 5 39214.11
3.580000 96 6 28096.08
3.580000 96 7 20247.75
3.580000 96 8 14661.28
3.580000 96 9 11136.83
3.580000 96 10 8790.85
3.580000 96 11 6722.71
3.580000 96 12 4916.45
3.580000 96 13 3238.11
3.580000 96 14 2510.53
3.580000 96 15 1721.11
3.580000 96 16 769.19
3.580000 96 17 305.08
3.580000 96 18 -165.64
3.580000 96 19 -926.61
3.580000 96 20 -1419.09
3.580000 96 21 -1845.66
3.580000 96 22 -1991.79
3.580000 96 23 -1963.90
3.580000 96 24 -1670.95
3.580000 96 25 -1553.66
3.580000 96 26 -999.63
3.580000 96 27 -522.00
3.580000 96 28 -874.02
3.580000 96 29 -1200.08
3.580000 96 30 -1389.27
3.580000 96 31 -1554.34
3.580000 96 32 -1645.21
3.580000 96 33 -1843.73
3.580000 96 34 -2338.90
3.580000 96 35 -2976.22
3.580000 96 36 -3144.94
3.580000 96 37 -3365.43
3.580000 96 38 -3996.07
3.580000 96 39 -4387.82
3.580000 96 40 -4273.55
3.580000 96 41 -3604.57
3.580000 96 42 -2781.17
3.580000 96 43 -2155.53
3.580000 96 44 -1750.28
3.580000 96 45 -1612.83
3.580000 96 46 -1414.51
3.580000 96 47 -1101.74
3.580000 96 48 -645.92
3.580000 96 49 -60.41
3.580000 96 50 725.19
3.580000 96 51 957.33
3.580000 96 52 1288.71
3.580000 96 53 1004.38
3.580000 96 54 478.01
3.580000 96 55 70.24
3.580000 96 56 135.20
3.580000 96 57 -181.07
3.580000 96 58 -505.80
3.580000 96 59 -584.68
3.580000 96 60 -590.28
3.580000 96 61 -219.06
3.580000 96 62 -595.37
3.580000 96 63 -984.69
3.580000 96 64 -351.35
3.580000 96 65 -297.11
3.580000 96 66 95.61
3.580000 96 67 622.57
3.580000 96 68 1164.75
3.580000 96 69 1215.59
3.580000 96 70 1306.25
3.580000 96 71 1929.63
3.580000 96 72 1704.34
3.580000 96 73 1608.83
3.580000 96 74 1924.49
3.580000 96 75 2431.49
3.580000 96 76 2589.54
3.580000 96 77 2264.98
3.580000 96 78 2551.26
3.580000 96 79 2681.32
3.580000 96 80 1980.51
3.580000 96 81 984.28
3.580000 96 82 824.88
3.580000 96 83 558.07
3.580000 96 84 160.41
3.580000 96 85 -167.16
3.580000 96 86 -434.71
3.580000 96 87 -352.15
3.580000 96 88 -183.08
3.580000 96 89 296.26
3.580000 96 90 108.57
3.580000 96 91 406.08
3.580000 96 92 472.59
3.580000 96 93 737.22
3.580000 96 94 1262.79
3.580000 96 95 1854.42
3.580000 96 96 2464.95
3.580000 96 97 2837.89
3.580000 96 98 3165.44
3.580000 96 99 3047.54
3.580000 96 100 2884.89
3.580000 96 101 2619.65
3.580000 96 102 3010.46
3.580000 96 103 3639.57
3.580000 96 104 3759.70
3.580000 96 105 3511.82
3.580000 96 106 3431.50
3.580000 96 107 3626.99
3.580000 96 108 3935.55
3.580000 96 109 3594.40
3.580000 96 110 3505.60
3.580000 96 111 3792.29
3.580000 96 112 4867.59
3.580000 96 113 5160.25
3.580000 96 114 5366.22
3.580000 96 115 5469.72
3.580000 96 116 5732.48
3.580000 96 117 5648.69
3.580000 96 118 5353.40
3.580000 96 119 5080.82
3.580000 96 120 4554.39
3.580000 96 121 4686.33
3.580000 96 122 5160.40
3.580000 96 123 5547.53
3.580000 96 124 6070.62
3.580000 96 125 5663.26
3.580000 96 126 4865.60
3.580000 96 127 4030.35
3.580000 96 128 3307.72
3.580000 96 129 2870.14
3.580000 96 130 2456.81
3.580000 96 131 2261.75
3.580000 96 132 2141.65
3.580000 96 133 1917.30
3.580000 96 134 1410.41
3.580000 96 135 1310.08
3.580000 96 136 757.00
3.580000 96 137 615.09
3.580000 96 138 771.98
3.580000 96 139 738.71
3.580000 96 140 328.35
3.580000 96 141 200.85
3.580000 96 142 357.73
3.580000 96 143 512.65
3.580000 96 144 586.11
3.580000 96 145 373.45
3.580000 96 146 -120.87
3.580000 96 147 -258.46
3.580000 96 148 229.78
3.580000 96 149 871.57
3.580000 96 150 1212.98
3.580000 96 151 1130.13
3.580000 96 152 924.72
3.580000 96 153 169.85
3.580000 96 154 31.46
3.580000 96 155 -56.08
3.580000 96 156  4.56
3.580000 96 157 -318.13
3.580000 96 158 -613.04
3.580000 96 159 -762.00
3.580000 96 160 -642.39
3.580000 96 161 -960.38
3.580000 96 162 -1079.97
3.580000 96 163 -843.35
3.580000 96 164 -829.29
3.580000 96 165 -794.01
3.580000 96 166 -123.44
3.580000 96 167 154.09
3.580000 96 168 972.67
3.580000 96 169 1695.85
3.580000 96 170 1890.54
3.580000 96 171 1967.32
3.580000 96 172 2546.41
3.580000 96 173 2549.32
3.580000 96 174 2063.43
3.580000 96 175 1291.22
3.580000 96 176 1296.77
3.580000 96 177 1321.87
3.580000 96 178 1024.57
3.580000 96 179 1227.45
3.580000 96 180 1453.91
3.580000 96 181 1678.29
3.580000 96 182 1764.96
3.580000 96 183 1936.04
3.580000 96 184 1830.48
3.580000 96 185 2206.00
3.580000 96 186 3048.67
3.580000 96 187 2904.54
3.580000 96 188 2504.94
3.580000 96 189 1837.12
3.580000 96 190 2023.01
3.580000 96 191 2489.08
3.580000 96 192 2464.83
3.580000 96 193 2056.00
3.580000 96 194 1983.46
3.580000 96 195 1404.60
3.580000 96 196 1574.90
3.580000 96 197 1438.70
3.580000 96 198 1329.13
3.580000 96 199 1334.80
