3.540000 64 0 75809.47
3.540000 64 1 48135.24
3.540000 64 2 31307.97
3.540000 64 3 20494.18
3.540000 64 4 13515.83
3.540000 64 5 9108.46
3.540000 64 6 6195.58
3.540000 64 7 4147.79
3.540000 64 8 2519.16
3.540000 64 9 1694.61
3.540000 64 10 1023.69
3.540000 64 11 494.76
3.540000 64 12 416.09
3.540000 64 13 352.56
3.540000 64 14 351.36
3.540000 64 15 174.80
3.540000 64 16 -287.20
3.540000 64 17 -187.68
3.540000 64 18 -195.57
3.540000 64 19 -65.41
3.540000 64 20 -135.16
3.540000 64 21 17.83
3.540000 64 22 -10.05
3.540000 64 23 153.52
3.540000 64 24 127.61
3.540000 64 25 54.56
3.540000 64 26 62.83
3.540000 64 27 -13.57
3.540000 64 28 24.76
3.540000 64 29 -42.11
3.540000 64 30 -304.28
3.540000 64 31 -228.48
3.540000 64 32 -67.34
3.540000 64 33 419.02
3.540000 64 34 636.44
3.540000 64 35 847.18
3.540000 64 36 780.57
3.540000 64 37 368.24
3.540000 64 38 147.68
3.540000 64 39 184.42
3.540000 64 40 -8.29
3.540000 64 41 -0.56
3.540000 64 42 -222.14
3.540000 64 43 -356.58
3.540000 64 44 -306.23
3.540000 64 45 -306.82
3.540000 64 46 -281.56
3.540000 64 47 -174.59
3.540000 64 48  9.17
3.540000 64 49 269.07
3.540000 64 50 324.74
3.540000 64 51 440.24
3.540000 64 52 545.55
3.540000 64 53 307.54
3.540000 64 54 147.35
3.540000 64 55 280.59
3.540000 64 56 402.73
3.540000 64 57 384.13
3.540000 64 58 625.03
3.540000 64 59 405.96
3.540000 64 60 258.67
3.540000 64 61 -155.78
3.540000 64 62 -386.92
3.540000 64 63 -448.57
3.540000 64 64 -479.24
3.540000 64 65 -623.64
3.540000 64 66 -519.88
3.540000 64 67 -598.86
3.540000 64 68 -831.52
3.540000 64 69 -766.15
3.540000 64 70 -538.99
3.540000 64 71 -150.01
3.540000 64 72 136.55
3.540000 64 73 147.27
3.540000 64 74 30.26
3.540000 64 75 10.46
3.540000 64 76 267.85
3.540000 64 77 369.34
3.540000 64 78 385.10
3.540000 64 79 498.73
3.540000 64 80 426.10
3.540000 64 81 499.23
3.540000 64 82 474.87
3.540000 64 83 366.06
3.540000 64 84 505.35
3.540000 64 85 613.66
3.540000 64 86 763.54
3.540000 64 87 733.47
3.540000 64 88 682.10
3.540000 64 89 601.43
3.540000 64 90 331.39
3.540000 64 91 310.70
3.540000 64 92 28.74
3.540000 64 93 180.31
3.540000 64 94 330.37
3.540000 64 95 503.40
3.540000 64 96 572.15
3.540000 64 97 566.84
3.540000 64 98 389.07
3.540000 64 99 445.37
3.540000 64 100 160.63
3.540000 64 101 305.67
3.540000 64 102 160.14
3.540000 64 103  7.73
3.540000 64 104 144.20
3.540000 64 105 547.82
3.540000 64 106 710.64
3.540000 64 107 1146.32
3.540000 64 108 1235.22
3.540000 64 109 1274.53
3.540000 64 110 1542.81
3.540000 64 111 1299.61
3.540000 64 112 1260.18
3.540000 64 113 1120.67
3.540000 64 114 817.67
3.540000 64 115 806.15
3.540000 64 116 422.68
3.540000 64 117 515.48
3.540000 64 118 673.57
3.540000 64 119 868.00
3.540000 64 120 784.89
3.540000 64 121 529.37
3.540000 64 122 505.28
3.540000 64 123 467.14
3.540000 64 124 697.44
3.540000 64 125 720.06
3.540000 64 126 823.01
3.540000 64 127 671.36
3.540000 64 128 704.89
3.540000 64 129 946.94
3.540000 64 130 738.84
3.540000 64 131 878.19
3.540000 64 132 1002.64
3.540000 64 133 955.20
3.540000 64 134 797.37
3.540000 64 135 910.64
3.540000 64 136 1054.90
3.540000 64 137 1240.22
3.540000 64 138 1459.43
3.540000 64 139 1484.20
3.540000 64 140 1666.38
3.540000 64 141 1644.94
3.540000 64 142 1615.26
3.540000 64 143 1411.03
3.540000 64 144 1289.78
3.540000 64 145 1206.22
3.540000 64 146 1338.90
3.540000 64 147 1144.60
3.540000 64 148 1003.13
3.540000 64 149 692.68
3.540000 64 150 576.74
3.540000 64 151 549.78
3.540000 64 152 532.21
3.540000 64 153 475.06
3.540000 64 154 449.34
3.540000 64 155 692.13
3.540000 64 156 982.74
3.540000 64 157 1075.21
3.540000 64 158 1195.67
3.540000 64 159 1375.48
3.540000 64 160 1669.85
3.540000 64 161 1259.08
3.540000 64 162 945.89
3.540000 64 163 786.68
3.540000 64 164 939.56
3.540000 64 165 886.28
3.540000 64 166 824.43
3.540000 64 167 829.95
3.540000 64 168 662.27
3.540000 64 169 478.12
3.540000 64 170 607.68
3.540000 64 171 829.26
3.540000 64 172 877.22
3.540000 64 173 1127.50
3.540000 64 174 1192.89
3.540000 64 175 1133.19
3.540000 64 176 1217.32
3.540000 64 177 1172.52
3.540000 64 178 1274.74
3.540000 64 179 1153.16
3.540000 64 180 1282.81
3.540000 64 181 1302.03
3.540000 64 182 1324.13
3.540000 64 183 1262.30
3.540000 64 184 1300.78
3.540000 64 185 1346.10
3.540000 64 186 1513.27
3.540000 64 187 1846.07
3.540000 64 188 2011.89
3.540000 64 189 2023.88
3.540000 64 190 1623.90
3.540000 64 191 1519.21
3.540000 64 192 1222.42
3.540000 64 193 1106.70
3.540000 64 194 1020.41
3.540000 64 195 682.42
3.540000 64 196 718.43
3.540000 64 197 697.62
3.540000 64 198 596.64
3.540000 64 199 344.91
