3.740000 16 0 5664.42
3.740000 16 1 4035.84
3.740000 16 2 2958.15
3.740000 16 3 2209.63
3.740000 16 4 1661.80
3.740000 16 5 1269.21
3.740000 16 6 981.61
3.740000 16 7 770.71
3.740000 16 8 606.89
3.740000 16 9 469.18
3.740000 16 10 374.34
3.740000 16 11 312.44
3.740000 16 12 259.29
3.740000 16 13 217.30
3.740000 16 14 169.51
3.740000 16 15 119.06
3.740000 16 16 98.76
3.740000 16 17 68.06
3.740000 16 18 43.50
3.740000 16 19 34.92
3.740000 16 20 22.24
3.740000 16 21 13.44
3.740000 16 22 -1.97
3.740000 16 23 -18.66
3.740000 16 24 -26.73
3.740000 16 25 -35.66
3.740000 16 26 -40.33
3.740000 16 27 -41.08
3.740000 16 28 -40.70
3.740000 16 29 -26.15
3.740000 16 30 -17.43
3.740000 16 31 -4.91
3.740000 16 32  3.16
3.740000 16 33 16.37
3.740000 16 34 16.53
3.740000 16 35 12.78
3.740000 16 36  7.94
3.740000 16 37  6.66
3.740000 16 38 23.29
3.740000 16 39 29.28
3.740000 16 40 45.81
3.740000 16 41 53.95
3.740000 16 42 64.15
3.740000 16 43 54.93
3.740000 16 44 40.85
3.740000 16 45 49.96
3.740000 16 46 49.77
3.740000 16 47 29.95
3.740000 16 48 13.56
3.740000 16 49  4.14
3.740000 16 50 -12.64
3.740000 16 51 -12.18
3.740000 16 52 -3.63
3.740000 16 53 -12.94
3.740000 16 54 -8.09
3.740000 16 55  6.07
3.740000 16 56 13.59
3.740000 16 57 26.63
3.740000 16 58 40.09
3.740000 16 59 48.55
3.740000 16 60 42.76
3.740000 16 61 51.54
3.740000 16 62 48.12
3.740000 16 63 39.89
3.740000 16 64 19.47
3.740000 16 65  3.41
3.740000 16 66  3.85
3.740000 16 67  8.66
3.740000 16 68  1.97
3.740000 16 69 -4.44
3.740000 16 70 -3.47
3.740000 16 71  5.60
3.740000 16 72 24.89
3.740000 16 73 36.11
3.740000 16 74 29.89
3.740000 16 75 36.03
3.740000 16 76 25.19
3.740000 16 77 26.68
3.740000 16 78 17.49
3.740000 16 79 11.53
3.740000 16 80 -0.91
3.740000 16 81 -15.87
3.740000 16 82 -22.92
3.740000 16 83 -27.35
3.740000 16 84 -21.58
3.740000 16 85 -18.43
3.740000 16 86 -15.28
3.740000 16 87 -12.76
3.740000 16 88 -15.58
3.740000 16 89 -13.84
3.740000 16 90 -5.27
3.740000 16 91  5.78
3.740000 16 92  1.63
3.740000 16 93 -7.38
3.740000 16 94 -6.01
3.740000 16 95  2.31
3.740000 16 96 17.72
3.740000 16 97 23.22
3.740000 16 98 40.84
3.740000 16 99 46.72
3.740000 16 100 54.98
3.740000 16 101 57.74
3.740000 16 102 60.06
3.740000 16 103 52.21
3.740000 16 104 42.02
3.740000 16 105 35.37
3.740000 16 106 17.31
3.740000 16 107 15.23
3.740000 16 108 14.28
3.740000 16 109  6.47
3.740000 16 110 11.84
3.740000 16 111  3.82
3.740000 16 112  6.80
3.740000 16 113  7.10
3.740000 16 114 10.67
3.740000 16 115  9.61
3.740000 16 116 -2.07
3.740000 16 117 -11.99
3.740000 16 118 -33.03
3.740000 16 119 -46.75
3.740000 16 120 -58.01
3.740000 16 121 -71.25
3.740000 16 122 -67.06
3.740000 16 123 -71.57
3.740000 16 124 -89.17
3.740000 16 125 -99.53
3.740000 16 126 -104.21
3.740000 16 127 -97.19
3.740000 16 128 -87.99
3.740000 16 129 -102.96
3.740000 16 130 -95.05
3.740000 16 131 -87.43
3.740000 16 132 -82.46
3.740000 16 133 -81.10
3.740000 16 134 -73.90
3.740000 16 135 -68.45
3.740000 16 136 -56.69
3.740000 16 137 -43.87
3.740000 16 138 -39.09
3.740000 16 139 -39.85
3.740000 16 140 -48.96
3.740000 16 141 -53.36
3.740000 16 142 -45.32
3.740000 16 143 -37.95
3.740000 16 144 -31.22
3.740000 16 145 -20.59
3.740000 16 146 -36.73
3.740000 16 147 -37.16
3.740000 16 148 -33.06
3.740000 16 149 -27.95
3.740000 16 150 -27.09
3.740000 16 151 -28.18
3.740000 16 152 -24.65
3.740000 16 153 -26.75
3.740000 16 154 -23.62
3.740000 16 155 -26.65
3.740000 16 156 -19.33
3.740000 16 157 -10.37
3.740000 16 158 -11.27
3.740000 16 159 -3.86
3.740000 16 160 -13.56
3.740000 16 161 -13.65
3.740000 16 162 -4.88
3.740000 16 163  0.12
3.740000 16 164  3.11
3.740000 16 165  4.97
3.740000 16 166  4.38
3.740000 16 167  1.05
3.740000 16 168 -0.84
3.740000 16 169 15.49
3.740000 16 170 20.51
3.740000 16 171 19.01
3.740000 16 172 16.74
3.740000 16 173 16.95
3.740000 16 174 17.22
3.740000 16 175 19.29
3.740000 16 176 25.44
3.740000 16 177 32.50
3.740000 16 178 34.82
3.740000 16 179 23.07
3.740000 16 180 -3.11
3.740000 16 181 -31.41
3.740000 16 182 -44.86
3.740000 16 183 -27.54
3.740000 16 184 -20.20
3.740000 16 185 -5.18
3.740000 16 186 -11.96
3.740000 16 187  5.32
3.740000 16 188  6.55
3.740000 16 189  2.92
3.740000 16 190 -0.11
3.740000 16 191 -21.40
3.740000 16 192 -25.41
3.740000 16 193 -29.95
3.740000 16 194 -9.97
3.740000 16 195 -2.62
3.740000 16 196 -0.03
3.740000 16 197 -26.13
3.740000 16 198 -33.20
3.740000 16 199 -25.21
