3.520000 64 0 31562.07
3.520000 64 1 18898.06
3.520000 64 2 11446.71
3.520000 64 3 6924.17
3.520000 64 4 4458.54
3.520000 64 5 2958.32
3.520000 64 6 2200.45
3.520000 64 7 1663.58
3.520000 64 8 1165.14
3.520000 64 9 635.00
3.520000 64 10 804.69
3.520000 64 11 1370.86
3.520000 64 12 1905.97
3.520000 64 13 2165.20
3.520000 64 14 2372.55
3.520000 64 15 2265.05
3.520000 64 16 1733.22
3.520000 64 17 1810.00
3.520000 64 18 1886.27
3.520000 64 19 1897.06
3.520000 64 20 1923.25
3.520000 64 21 1724.67
3.520000 64 22 1660.23
3.520000 64 23 1235.07
3.520000 64 24 1219.32
3.520000 64 25 1159.39
3.520000 64 26 1164.24
3.520000 64 27 1288.64
3.520000 64 28 1077.63
3.520000 64 29 459.28
3.520000 64 30 316.47
3.520000 64 31 309.20
3.520000 64 32 14.71
3.520000 64 33 -150.42
3.520000 64 34 92.53
3.520000 64 35 388.59
3.520000 64 36 199.11
3.520000 64 37 133.16
3.520000 64 38 398.12
3.520000 64 39 668.61
3.520000 64 40 689.32
3.520000 64 41 585.72
3.520000 64 42 734.56
3.520000 64 43 646.21
3.520000 64 44 710.21
3.520000 64 45 908.80
3.520000 64 46 1110.23
3.520000 64 47 1370.61
3.520000 64 48 1758.60
3.520000 64 49 1961.49
3.520000 64 50 2073.81
3.520000 64 51 2172.99
3.520000 64 52 2501.01
3.520000 64 53 2317.13
3.520000 64 54 2049.42
3.520000 64 55 1976.70
3.520000 64 56 2197.30
3.520000 64 57 1902.59
3.520000 64 58 1459.82
3.520000 64 59 1023.77
3.520000 64 60 591.36
3.520000 64 61 270.04
3.520000 64 62 153.92
3.520000 64 63 38.62
3.520000 64 64 46.72
3.520000 64 65 674.77
3.520000 64 66 985.38
3.520000 64 67 1546.55
3.520000 64 68 1615.85
3.520000 64 69 1830.67
3.520000 64 70 1888.08
3.520000 64 71 1958.21
3.520000 64 72 2174.59
3.520000 64 73 2064.43
3.520000 64 74 1646.91
3.520000 64 75 1078.92
3.520000 64 76 1104.15
3.520000 64 77 1114.90
3.520000 64 78 1433.51
3.520000 64 79 1336.99
3.520000 64 80 1647.08
3.520000 64 81 1699.97
3.520000 64 82 1460.51
3.520000 64 83 1560.77
3.520000 64 84 1815.22
3.520000 64 85 1722.97
3.520000 64 86 1426.76
3.520000 64 87 1052.70
3.520000 64 88 1304.50
3.520000 64 89 1227.00
3.520000 64 90 1084.82
3.520000 64 91 1197.56
3.520000 64 92 1480.34
3.520000 64 93 1406.91
3.520000 64 94 1363.39
3.520000 64 95 1269.96
3.520000 64 96 847.99
3.520000 64 97 743.25
3.520000 64 98 682.98
3.520000 64 99 664.68
3.520000 64 100 776.13
3.520000 64 101 587.06
3.520000 64 102 366.65
3.520000 64 103 458.92
3.520000 64 104 1362.03
3.520000 64 105 1942.00
3.520000 64 106 2126.63
3.520000 64 107 1654.01
3.520000 64 108 1244.25
3.520000 64 109 1046.16
3.520000 64 110 1058.05
3.520000 64 111 946.22
3.520000 64 112 850.84
3.520000 64 113 702.16
3.520000 64 114 967.09
3.520000 64 115 998.18
3.520000 64 116 1614.79
3.520000 64 117 1962.29
3.520000 64 118 2195.65
3.520000 64 119 2516.82
3.520000 64 120 2720.93
3.520000 64 121 2734.11
3.520000 64 122 2640.33
3.520000 64 123 2657.75
3.520000 64 124 2428.17
3.520000 64 125 2751.72
3.520000 64 126 2226.81
3.520000 64 127 2013.30
3.520000 64 128 1848.06
3.520000 64 129 1620.65
3.520000 64 130 1669.18
3.520000 64 131 1711.68
3.520000 64 132 1844.90
3.520000 64 133 1768.22
3.520000 64 134 2194.72
3.520000 64 135 2071.37
3.520000 64 136 2174.68
3.520000 64 137 2455.09
3.520000 64 138 2599.05
3.520000 64 139 2454.79
3.520000 64 140 2422.41
3.520000 64 141 2350.81
3.520000 64 142 1941.57
3.520000 64 143 1668.47
3.520000 64 144 1641.05
3.520000 64 145 1494.91
3.520000 64 146 1275.61
3.520000 64 147 1353.07
3.520000 64 148 1200.57
3.520000 64 149 1192.30
3.520000 64 150 996.12
3.520000 64 151 971.91
3.520000 64 152 1089.96
3.520000 64 153 1036.75
3.520000 64 154 848.56
3.520000 64 155 302.51
3.520000 64 156 180.85
3.520000 64 157 30.02
3.520000 64 158 222.75
3.520000 64 159 562.96
3.520000 64 160 960.30
3.520000 64 161 1230.34
3.520000 64 162 1374.90
3.520000 64 163 1149.64
3.520000 64 164 1031.09
3.520000 64 165 1291.05
3.520000 64 166 1552.79
3.520000 64 167 2064.07
3.520000 64 168 2073.77
3.520000 64 169 2011.95
3.520000 64 170 1574.91
3.520000 64 171 1185.99
3.520000 64 172 651.84
3.520000 64 173 895.28
3.520000 64 174 604.97
3.520000 64 175 516.48
3.520000 64 176 479.61
3.520000 64 177 52.18
3.520000 64 178 133.34
3.520000 64 179 526.17
3.520000 64 180 771.71
3.520000 64 181 1356.47
3.520000 64 182 1384.54
3.520000 64 183 1314.56
3.520000 64 184 1358.57
3.520000 64 185 1294.38
3.520000 64 186 1286.89
3.520000 64 187 1314.01
3.520000 64 188 1275.72
3.520000 64 189 821.04
3.520000 64 190 1134.29
3.520000 64 191 1157.02
3.520000 64 192 1479.41
3.520000 64 193 1620.97
3.520000 64 194 1719.55
3.520000 64 195 1534.17
3.520000 64 196 1846.97
3.520000 64 197 1672.35
3.520000 64 198 1184.20
3.520000 64 199 771.29
