3.540000 96 0 170572.11
3.540000 96 1 107006.08
3.540000 96 2 68637.88
3.540000 96 3 44154.39
3.540000 96 4 28392.72
3.540000 96 5 18579.13
3.540000 96 6 11771.36
3.540000 96 7 7308.95
3.540000 96 8 5049.75
3.540000 96 9 3728.52
3.540000 96 10 2166.27
3.540000 96 11 1330.93
3.540000 96 12 506.92
3.540000 96 13 560.10
3.540000 96 14 123.82
3.540000 96 15 -48.45
3.540000 96 16 136.75
3.540000 96 17 132.50
3.540000 96 18 89.67
3.540000 96 19 -474.77
3.540000 96 20 -708.14
3.540000 96 21 -1190.95
3.540000 96 22 -794.13
3.540000 96 23 -185.37
3.540000 96 24 -509.94
3.540000 96 25 -241.68
3.540000 96 26 -82.02
3.540000 96 27 -160.21
3.540000 96 28 -243.05
3.540000 96 29 -187.54
3.540000 96 30 -544.75
3.540000 96 31 -635.60
3.540000 96 32 -1112.31
3.540000 96 33 -1397.50
3.540000 96 34 -1690.00
3.540000 96 35 -1563.12
3.540000 96 36 -2042.12
3.540000 96 37 -2405.66
3.540000 96 38 -2520.67
3.540000 96 39 -1862.07
3.540000 96 40 -1255.58
3.540000 96 41 -1227.85
3.540000 96 42 -1005.25
3.540000 96 43 -1099.47
3.540000 96 44 -354.97
3.540000 96 45 -204.75
3.540000 96 46 76.35
3.540000 96 47 -232.80
3.540000 96 48 -700.87
3.540000 96 49 -724.87
3.540000 96 50 -1164.22
3.540000 96 51 -1206.11
3.540000 96 52 -1474.61
3.540000 96 53 -1857.08
3.540000 96 54 -2399.65
3.540000 96 55 -2998.15
3.540000 96 56 -2939.39
3.540000 96 57 -2750.66
3.540000 96 58 -2401.32
3.540000 96 59 -1937.35
3.540000 96 60 -1304.41
3.540000 96 61 -961.42
3.540000 96 62 -1151.83
3.540000 96 63 -1489.16
3.540000 96 64 -1252.89
3.540000 96 65 -1572.90
3.540000 96 66 -2606.97
3.540000 96 67 -3102.40
3.540000 96 68 -3456.11
3.540000 96 69 -3714.68
3.540000 96 70 -3839.43
3.540000 96 71 -4091.75
3.540000 96 72 -4068.50
3.540000 96 73 -4000.75
3.540000 96 74 -3205.34
3.540000 96 75 -3130.25
3.540000 96 76 -2482.05
3.540000 96 77 -2421.61
3.540000 96 78 -2208.48
3.540000 96 79 -1947.38
3.540000 96 80 -2252.70
3.540000 96 81 -2328.53
3.540000 96 82 -2222.28
3.540000 96 83 -2616.02
3.540000 96 84 -2642.33
3.540000 96 85 -2311.90
3.540000 96 86 -2733.47
3.540000 96 87 -2522.77
3.540000 96 88 -2598.91
3.540000 96 89 -3236.48
3.540000 96 90 -3243.80
3.540000 96 91 -2546.85
3.540000 96 92 -2444.15
3.540000 96 93 -2346.04
3.540000 96 94 -2744.24
3.540000 96 95 -2945.29
3.540000 96 96 -2997.70
3.540000 96 97 -2421.72
3.540000 96 98 -2311.17
3.540000 96 99 -3049.24
3.540000 96 100 -3257.34
3.540000 96 101 -3166.81
3.540000 96 102 -2732.94
3.540000 96 103 -2940.44
3.540000 96 104 -3872.13
3.540000 96 105 -3913.13
3.540000 96 106 -4657.84
3.540000 96 107 -4841.96
3.540000 96 108 -5716.30
3.540000 96 109 -6220.28
3.540000 96 110 -5468.71
3.540000 96 111 -5637.60
3.540000 96 112 -4809.07
3.540000 96 113 -4795.13
3.540000 96 114 -5064.65
3.540000 96 115 -5034.59
3.540000 96 116 -4223.10
3.540000 96 117 -4286.75
3.540000 96 118 -4042.50
3.540000 96 119 -4070.18
3.540000 96 120 -3747.84
3.540000 96 121 -3555.71
3.540000 96 122 -3148.74
3.540000 96 123 -3175.19
3.540000 96 124 -3496.11
3.540000 96 125 -3034.69
3.540000 96 126 -2885.72
3.540000 96 127 -3460.15
3.540000 96 128 -3764.04
3.540000 96 129 -4219.99
3.540000 96 130 -4183.37
3.540000 96 131 -4395.47
3.540000 96 132 -4286.28
3.540000 96 133 -4386.48
3.540000 96 134 -4327.18
3.540000 96 135 -4495.65
3.540000 96 136 -4951.76
3.540000 96 137 -4982.95
3.540000 96 138 -4580.91
3.540000 96 139 -3889.03
3.540000 96 140 -3621.29
3.540000 96 141 -2787.01
3.540000 96 142 -2635.56
3.540000 96 143 -3043.49
3.540000 96 144 -3726.46
3.540000 96 145 -3771.78
3.540000 96 146 -3256.73
3.540000 96 147 -2905.99
3.540000 96 148 -3514.43
3.540000 96 149 -3872.96
3.540000 96 150 -3326.96
3.540000 96 151 -3367.39
3.540000 96 152 -3450.93
3.540000 96 153 -3923.24
3.540000 96 154 -3497.12
3.540000 96 155 -3107.36
3.540000 96 156 -3325.47
3.540000 96 157 -3559.27
3.540000 96 158 -3248.85
3.540000 96 159 -3240.92
3.540000 96 160 -3447.10
3.540000 96 161 -3542.57
3.540000 96 162 -3742.15
3.540000 96 163 -4323.10
3.540000 96 164 -4061.47
3.540000 96 165 -4490.05
3.540000 96 166 -4811.06
3.540000 96 167 -4936.62
3.540000 96 168 -4781.26
3.540000 96 169 -4705.60
3.540000 96 170 -4942.06
3.540000 96 171 -4909.29
3.540000 96 172 -5175.37
3.540000 96 173 -5365.58
3.540000 96 174 -5331.96
3.540000 96 175 -5453.03
3.540000 96 176 -5679.06
3.540000 96 177 -5916.78
3.540000 96 178 -5932.82
3.540000 96 179 -5995.56
3.540000 96 180 -5938.71
3.540000 96 181 -5184.73
3.540000 96 182 -5270.01
3.540000 96 183 -5146.79
3.540000 96 184 -5639.30
3.540000 96 185 -5963.07
3.540000 96 186 -5392.21
3.540000 96 187 -5404.81
3.540000 96 188 -5536.54
3.540000 96 189 -5792.24
3.540000 96 190 -6061.50
3.540000 96 191 -5765.27
3.540000 96 192 -5936.97
3.540000 96 193 -5683.89
3.540000 96 194 -5065.13
3.540000 96 195 -4666.09
3.540000 96 196 -4559.59
3.540000 96 197 -4160.14
3.540000 96 198 -3913.34
3.540000 96 199 -3932.94
