3.652000 96 0 145128.69
3.652000 96 1 126024.02
3.652000 96 2 110682.76
3.652000 96 3 98369.01
3.652000 96 4 87628.18
3.652000 96 5 78743.41
3.652000 96 6 72315.17
3.652000 96 7 66382.83
3.652000 96 8 61847.67
3.652000 96 9 57019.84
3.652000 96 10 52712.15
3.652000 96 11 48569.59
3.652000 96 12 44546.38
3.652000 96 13 41810.28
3.652000 96 14 38285.31
3.652000 96 15 35314.55
3.652000 96 16 33271.01
3.652000 96 17 31112.66
3.652000 96 18 28787.65
3.652000 96 19 26760.61
3.652000 96 20 24423.62
3.652000 96 21 22632.99
3.652000 96 22 21243.48
3.652000 96 23 20140.00
3.652000 96 24 19295.10
3.652000 96 25 18327.48
3.652000 96 26 16927.57
3.652000 96 27 14818.07
3.652000 96 28 12898.58
3.652000 96 29 11646.93
3.652000 96 30 9913.48
3.652000 96 31 8987.67
3.652000 96 32 8713.01
3.652000 96 33 8414.59
3.652000 96 34 7930.11
3.652000 96 35 7523.63
3.652000 96 36 7718.13
3.652000 96 37 7724.78
3.652000 96 38 7655.01
3.652000 96 39 7829.35
3.652000 96 40 7382.27
3.652000 96 41 7103.13
3.652000 96 42 6707.67
3.652000 96 43 6054.52
3.652000 96 44 5218.87
3.652000 96 45 3679.44
3.652000 96 46 2979.80
3.652000 96 47 2223.70
3.652000 96 48 1739.25
3.652000 96 49 1692.27
3.652000 96 50 2196.45
3.652000 96 51 2269.69
3.652000 96 52 1944.56
3.652000 96 53 1104.73
3.652000 96 54 1471.58
3.652000 96 55 1988.92
3.652000 96 56 2354.31
3.652000 96 57 2808.34
3.652000 96 58 3353.77
3.652000 96 59 3842.86
3.652000 96 60 4678.16
3.652000 96 61 4734.53
3.652000 96 62 4879.93
3.652000 96 63 5064.86
3.652000 96 64 5047.72
3.652000 96 65 5677.95
3.652000 96 66 7102.16
3.652000 96 67 7878.33
3.652000 96 68 8644.18
3.652000 96 69 9081.80
3.652000 96 70 9557.76
3.652000 96 71 9298.93
3.652000 96 72 9408.57
3.652000 96 73 9754.00
3.652000 96 74 8868.19
3.652000 96 75 7970.08
3.652000 96 76 7624.94
3.652000 96 77 7748.29
3.652000 96 78 8338.94
3.652000 96 79 8254.07
3.652000 96 80 7949.06
3.652000 96 81 8037.62
3.652000 96 82 8676.72
3.652000 96 83 8945.41
3.652000 96 84 8729.70
3.652000 96 85 8460.32
3.652000 96 86 7723.98
3.652000 96 87 7351.32
3.652000 96 88 6457.18
3.652000 96 89 5677.15
3.652000 96 90 5377.15
3.652000 96 91 5706.81
3.652000 96 92 6348.70
3.652000 96 93 7163.31
3.652000 96 94 8357.44
3.652000 96 95 9176.07
3.652000 96 96 9731.00
3.652000 96 97 9810.67
3.652000 96 98 10237.29
3.652000 96 99 10779.92
3.652000 96 100 11734.48
3.652000 96 101 13075.13
3.652000 96 102 14299.52
3.652000 96 103 15809.18
3.652000 96 104 17048.39
3.652000 96 105 18111.70
3.652000 96 106 19651.42
3.652000 96 107 21167.38
3.652000 96 108 22857.30
3.652000 96 109 24125.01
3.652000 96 110 25782.19
3.652000 96 111 27437.73
3.652000 96 112 28767.59
3.652000 96 113 30582.96
3.652000 96 114 32370.46
3.652000 96 115 34129.49
3.652000 96 116 35172.50
3.652000 96 117 36130.57
3.652000 96 118 37227.55
3.652000 96 119 37719.66
3.652000 96 120 38761.16
3.652000 96 121 39271.99
3.652000 96 122 39708.07
3.652000 96 123 40874.49
3.652000 96 124 41703.92
3.652000 96 125 41909.81
3.652000 96 126 42646.93
3.652000 96 127 43086.69
3.652000 96 128 44080.69
3.652000 96 129 44547.92
3.652000 96 130 45051.36
3.652000 96 131 46897.32
3.652000 96 132 47562.01
3.652000 96 133 48120.71
3.652000 96 134 48720.39
3.652000 96 135 48968.17
3.652000 96 136 49766.35
3.652000 96 137 50525.65
3.652000 96 138 50674.29
3.652000 96 139 50925.14
3.652000 96 140 50879.67
3.652000 96 141 50750.59
3.652000 96 142 50114.54
3.652000 96 143 49173.09
3.652000 96 144 49019.81
3.652000 96 145 48616.46
3.652000 96 146 48639.82
3.652000 96 147 47943.16
3.652000 96 148 46922.82
3.652000 96 149 47657.83
3.652000 96 150 47885.34
3.652000 96 151 48261.38
3.652000 96 152 48647.17
3.652000 96 153 48211.88
3.652000 96 154 47176.27
3.652000 96 155 46218.24
3.652000 96 156 45021.35
3.652000 96 157 44418.32
3.652000 96 158 43257.30
3.652000 96 159 42092.11
3.652000 96 160 41108.86
3.652000 96 161 40556.00
3.652000 96 162 38892.36
3.652000 96 163 37518.48
3.652000 96 164 35714.19
3.652000 96 165 34230.49
3.652000 96 166 33478.07
3.652000 96 167 33185.25
3.652000 96 168 32177.92
3.652000 96 169 32528.37
3.652000 96 170 32177.64
3.652000 96 171 31270.40
3.652000 96 172 30073.76
3.652000 96 173 29921.44
3.652000 96 174 29103.29
3.652000 96 175 28030.78
3.652000 96 176 27043.89
3.652000 96 177 26489.86
3.652000 96 178 24972.43
3.652000 96 179 24606.74
3.652000 96 180 24673.86
3.652000 96 181 25782.47
3.652000 96 182 26373.62
3.652000 96 183 26739.05
3.652000 96 184 26098.98
3.652000 96 185 24673.30
3.652000 96 186 23950.05
3.652000 96 187 23355.21
3.652000 96 188 22394.65
3.652000 96 189 21729.95
3.652000 96 190 21736.17
3.652000 96 191 21985.35
3.652000 96 192 21285.72
3.652000 96 193 20210.42
3.652000 96 194 19774.88
3.652000 96 195 19434.23
3.652000 96 196 19539.95
3.652000 96 197 19296.04
3.652000 96 198 18426.12
3.652000 96 199 17957.52
