3.750000 24 0 13829.80
3.750000 24 1 10908.42
3.750000 24 2 8737.91
3.750000 24 3 7065.31
3.750000 24 4 5745.67
3.750000 24 5 4702.04
3.750000 24 6 3835.01
3.750000 24 7 3118.62
3.750000 24 8 2575.86
3.750000 24 9 2143.38
3.750000 24 10 1811.48
3.750000 24 11 1542.26
3.750000 24 12 1334.46
3.750000 24 13 1151.65
3.750000 24 14 1006.98
3.750000 24 15 874.02
3.750000 24 16 741.71
3.750000 24 17 632.75
3.750000 24 18 544.80
3.750000 24 19 480.24
3.750000 24 20 424.87
3.750000 24 21 352.75
3.750000 24 22 301.24
3.750000 24 23 261.51
3.750000 24 24 245.29
3.750000 24 25 225.86
3.750000 24 26 171.87
3.750000 24 27 143.90
3.750000 24 28 108.61
3.750000 24 29 101.60
3.750000 24 30 93.80
3.750000 24 31 56.33
3.750000 24 32 36.59
3.750000 24 33 32.94
3.750000 24 34 56.56
3.750000 24 35 81.37
3.750000 24 36 90.96
3.750000 24 37 98.49
3.750000 24 38 110.04
3.750000 24 39 110.04
3.750000 24 40 123.60
3.750000 24 41 103.81
3.750000 24 42 94.21
3.750000 24 43 69.76
3.750000 24 44 40.27
3.750000 24 45 28.69
3.750000 24 46 32.82
3.750000 24 47 56.14
3.750000 24 48 87.72
3.750000 24 49 92.26
3.750000 24 50 105.70
3.750000 24 51 136.49
3.750000 24 52 161.71
3.750000 24 53 174.91
3.750000 24 54 204.24
3.750000 24 55 234.97
3.750000 24 56 252.76
3.750000 24 57 244.28
3.750000 24 58 232.68
3.750000 24 59 205.01
3.750000 24 60 215.61
3.750000 24 61 216.95
3.750000 24 62 218.43
3.750000 24 63 207.10
3.750000 24 64 206.75
3.750000 24 65 205.24
3.750000 24 66 214.14
3.750000 24 67 245.45
3.750000 24 68 240.97
3.750000 24 69 233.00
3.750000 24 70 205.61
3.750000 24 71 164.03
3.750000 24 72 126.30
3.750000 24 73 92.80
3.750000 24 74 78.46
3.750000 24 75 84.47
3.750000 24 76 63.14
3.750000 24 77 38.31
3.750000 24 78 26.44
3.750000 24 79  3.95
3.750000 24 80  1.75
3.750000 24 81 -8.83
3.750000 24 82 -22.80
3.750000 24 83 -11.92
3.750000 24 84  7.94
3.750000 24 85 11.44
3.750000 24 86  1.17
3.750000 24 87 -26.44
3.750000 24 88 -68.02
3.750000 24 89 -96.91
3.750000 24 90 -99.02
3.750000 24 91 -105.45
3.750000 24 92 -96.13
3.750000 24 93 -104.70
3.750000 24 94 -90.12
3.750000 24 95 -76.65
3.750000 24 96 -37.18
3.750000 24 97 -20.13
3.750000 24 98  3.54
3.750000 24 99 35.40
3.750000 24 100 52.80
3.750000 24 101 99.02
3.750000 24 102 132.52
3.750000 24 103 184.64
3.750000 24 104 192.87
3.750000 24 105 210.49
3.750000 24 106 224.48
3.750000 24 107 222.01
3.750000 24 108 234.01
3.750000 24 109 245.99
3.750000 24 110 227.43
3.750000 24 111 234.09
3.750000 24 112 244.51
3.750000 24 113 232.42
3.750000 24 114 178.44
3.750000 24 115 144.29
3.750000 24 116 115.93
3.750000 24 117 78.08
3.750000 24 118 64.28
3.750000 24 119 68.08
3.750000 24 120 76.94
3.750000 24 121 69.94
3.750000 24 122 46.34
3.750000 24 123 57.83
3.750000 24 124 33.67
3.750000 24 125 18.57
3.750000 24 126 -3.05
3.750000 24 127 -17.89
3.750000 24 128 -31.88
3.750000 24 129 -25.56
3.750000 24 130 -39.48
3.750000 24 131 -54.00
3.750000 24 132 -89.33
3.750000 24 133 -109.75
3.750000 24 134 -78.20
3.750000 24 135 -65.01
3.750000 24 136 -37.54
3.750000 24 137 -8.48
3.750000 24 138 -13.13
3.750000 24 139 -30.91
3.750000 24 140 -48.46
3.750000 24 141 -69.77
3.750000 24 142 -57.51
3.750000 24 143 -44.68
3.750000 24 144 -26.20
3.750000 24 145 -4.81
3.750000 24 146 12.54
3.750000 24 147  3.26
3.750000 24 148 -2.06
3.750000 24 149 -8.53
3.750000 24 150  0.36
3.750000 24 151  8.18
3.750000 24 152 38.08
3.750000 24 153 28.52
3.750000 24 154 14.04
3.750000 24 155  3.00
3.750000 24 156 -14.26
3.750000 24 157 -16.16
3.750000 24 158 -22.16
3.750000 24 159 -38.74
3.750000 24 160 -51.22
3.750000 24 161 -87.30
3.750000 24 162 -90.19
3.750000 24 163 -101.91
3.750000 24 164 -90.02
3.750000 24 165 -117.51
3.750000 24 166 -164.52
3.750000 24 167 -194.12
3.750000 24 168 -199.01
3.750000 24 169 -198.82
3.750000 24 170 -189.24
3.750000 24 171 -179.45
3.750000 24 172 -200.33
3.750000 24 173 -230.94
3.750000 24 174 -250.49
3.750000 24 175 -232.78
3.750000 24 176 -216.23
3.750000 24 177 -206.55
3.750000 24 178 -178.66
3.750000 24 179 -164.11
3.750000 24 180 -141.61
3.750000 24 181 -135.11
3.750000 24 182 -98.53
3.750000 24 183 -38.18
3.750000 24 184 -5.71
3.750000 24 185 25.35
3.750000 24 186 58.46
3.750000 24 187 110.52
3.750000 24 188 137.37
3.750000 24 189 141.43
3.750000 24 190 170.96
3.750000 24 191 175.40
3.750000 24 192 211.01
3.750000 24 193 213.06
3.750000 24 194 206.02
3.750000 24 195 182.35
3.750000 24 196 145.45
3.750000 24 197 126.58
3.750000 24 198 130.21
3.750000 24 199 132.68
