3.638000 24 0 5651.06
3.638000 24 1 3887.32
3.638000 24 2 2809.39
3.638000 24 3 2036.20
3.638000 24 4 1460.45
3.638000 24 5 1061.49
3.638000 24 6 801.78
3.638000 24 7 649.54
3.638000 24 8 544.49
3.638000 24 9 486.97
3.638000 24 10 395.57
3.638000 24 11 354.09
3.638000 24 12 282.82
3.638000 24 13 231.50
3.638000 24 14 155.26
3.638000 24 15 118.47
3.638000 24 16 81.17
3.638000 24 17 122.39
3.638000 24 18 151.48
3.638000 24 19 232.98
3.638000 24 20 242.83
3.638000 24 21 213.45
3.638000 24 22 181.68
3.638000 24 23 163.23
3.638000 24 24 183.17
3.638000 24 25 192.86
3.638000 24 26 190.95
3.638000 24 27 145.13
3.638000 24 28 53.23
3.638000 24 29 26.47
3.638000 24 30  1.34
3.638000 24 31 -8.26
3.638000 24 32  2.20
3.638000 24 33 -57.22
3.638000 24 34 -91.56
3.638000 24 35 -109.21
3.638000 24 36 -108.27
3.638000 24 37 -95.11
3.638000 24 38 -118.90
3.638000 24 39 -120.57
3.638000 24 40 -162.61
3.638000 24 41 -136.30
3.638000 24 42 -125.97
3.638000 24 43 -80.93
3.638000 24 44 -27.78
3.638000 24 45 -51.67
3.638000 24 46 -59.93
3.638000 24 47 -93.91
3.638000 24 48 -135.22
3.638000 24 49 -109.87
3.638000 24 50 -79.76
3.638000 24 51 -20.05
3.638000 24 52 29.26
3.638000 24 53 15.73
3.638000 24 54 -1.77
3.638000 24 55 -54.76
3.638000 24 56 -91.85
3.638000 24 57 -155.17
3.638000 24 58 -188.99
3.638000 24 59 -210.95
3.638000 24 60 -196.39
3.638000 24 61 -221.15
3.638000 24 62 -277.22
3.638000 24 63 -301.35
3.638000 24 64 -339.02
3.638000 24 65 -402.13
3.638000 24 66 -371.19
3.638000 24 67 -383.31
3.638000 24 68 -392.44
3.638000 24 69 -400.47
3.638000 24 70 -446.06
3.638000 24 71 -434.76
3.638000 24 72 -432.52
3.638000 24 73 -457.54
3.638000 24 74 -466.88
3.638000 24 75 -450.61
3.638000 24 76 -409.55
3.638000 24 77 -363.77
3.638000 24 78 -296.26
3.638000 24 79 -271.78
3.638000 24 80 -244.69
3.638000 24 81 -226.82
3.638000 24 82 -228.39
3.638000 24 83 -244.95
3.638000 24 84 -288.06
3.638000 24 85 -295.15
3.638000 24 86 -289.75
3.638000 24 87 -287.19
3.638000 24 88 -293.20
3.638000 24 89 -327.05
3.638000 24 90 -313.54
3.638000 24 91 -291.42
3.638000 24 92 -238.38
3.638000 24 93 -164.11
3.638000 24 94 -109.40
3.638000 24 95 -130.79
3.638000 24 96 -121.89
3.638000 24 97 -124.30
3.638000 24 98 -107.39
3.638000 24 99 -132.78
3.638000 24 100 -191.94
3.638000 24 101 -275.73
3.638000 24 102 -338.04
3.638000 24 103 -381.92
3.638000 24 104 -422.77
3.638000 24 105 -322.80
3.638000 24 106 -229.68
3.638000 24 107 -146.93
3.638000 24 108 -108.96
3.638000 24 109 -109.58
3.638000 24 110 -148.85
3.638000 24 111 -179.69
3.638000 24 112 -164.73
3.638000 24 113 -136.99
3.638000 24 114 -107.71
3.638000 24 115 -80.26
3.638000 24 116 -97.45
3.638000 24 117 -92.24
3.638000 24 118 -42.38
3.638000 24 119 -30.27
3.638000 24 120 -44.54
3.638000 24 121 -78.93
3.638000 24 122 -91.74
3.638000 24 123 -105.52
3.638000 24 124 -59.84
3.638000 24 125 -93.12
3.638000 24 126 -39.69
3.638000 24 127  4.98
3.638000 24 128 -45.08
3.638000 24 129 -47.92
3.638000 24 130 -72.19
3.638000 24 131 -85.62
3.638000 24 132 -65.99
3.638000 24 133 -85.99
3.638000 24 134 -102.92
3.638000 24 135 -137.71
3.638000 24 136 -166.70
3.638000 24 137 -172.04
3.638000 24 138 -118.31
3.638000 24 139 -68.60
3.638000 24 140 -62.11
3.638000 24 141 -79.52
3.638000 24 142 -84.69
3.638000 24 143 -128.64
3.638000 24 144 -107.23
3.638000 24 145 -135.54
3.638000 24 146 -127.58
3.638000 24 147 -160.71
3.638000 24 148 -185.72
3.638000 24 149 -142.42
3.638000 24 150 -127.53
3.638000 24 151 -164.70
3.638000 24 152 -149.32
3.638000 24 153 -161.95
3.638000 24 154 -167.41
3.638000 24 155 -216.52
3.638000 24 156 -208.81
3.638000 24 157 -207.23
3.638000 24 158 -159.73
3.638000 24 159 -140.10
3.638000 24 160 -138.36
3.638000 24 161 -167.85
3.638000 24 162 -135.48
3.638000 24 163 -149.46
3.638000 24 164 -205.26
3.638000 24 165 -221.90
3.638000 24 166 -247.15
3.638000 24 167 -383.97
3.638000 24 168 -451.42
3.638000 24 169 -486.39
3.638000 24 170 -518.95
3.638000 24 171 -532.89
3.638000 24 172 -520.81
3.638000 24 173 -482.45
3.638000 24 174 -498.13
3.638000 24 175 -518.03
3.638000 24 176 -528.59
3.638000 24 177 -549.49
3.638000 24 178 -578.21
3.638000 24 179 -601.82
3.638000 24 180 -599.84
3.638000 24 181 -581.10
3.638000 24 182 -563.86
3.638000 24 183 -583.17
3.638000 24 184 -540.59
3.638000 24 185 -554.64
3.638000 24 186 -552.34
3.638000 24 187 -504.01
3.638000 24 188 -503.47
3.638000 24 189 -506.74
3.638000 24 190 -496.01
3.638000 24 191 -505.48
3.638000 24 192 -476.88
3.638000 24 193 -455.04
3.638000 24 194 -487.78
3.638000 24 195 -468.80
3.638000 24 196 -482.20
3.638000 24 197 -480.93
3.638000 24 198 -410.95
3.638000 24 199 -347.38
