2.263000 256 0 912660.86
2.263000 256 1 794858.07
2.263000 256 2 696799.68
2.263000 256 3 611552.23
2.263000 256 4 538475.96
2.263000 256 5 475473.13
2.263000 256 6 431699.99
2.263000 256 7 392647.78
2.263000 256 8 352887.85
2.263000 256 9 317953.02
2.263000 256 10 292546.92
2.263000 256 11 256829.34
2.263000 256 12 216115.83
2.263000 256 13 172198.96
2.263000 256 14 136788.74
2.263000 256 15 110347.09
2.263000 256 16 91654.30
2.263000 256 17 78708.96
2.263000 256 18 64633.46
2.263000 256 19 54386.68
2.263000 256 20 52072.66
2.263000 256 21 41553.73
2.263000 256 22 32653.52
2.263000 256 23 33839.24
2.263000 256 24 39373.27
2.263000 256 25 46097.61
2.263000 256 26 40544.76
2.263000 256 27 33889.36
2.263000 256 28 19265.79
2.263000 256 29 7548.09
2.263000 256 30 4730.08
2.263000 256 31 8273.52
2.263000 256 32 11387.91
2.263000 256 33 16329.76
2.263000 256 34 33878.18
2.263000 256 35 49463.34
2.263000 256 36 55706.31
2.263000 256 37 64286.69
2.263000 256 38 53883.37
2.263000 256 39 38185.76
2.263000 256 40 18128.34
2.263000 256 41 4751.73
2.263000 256 42 -26577.16
2.263000 256 43 -62543.08
2.263000 256 44 -95758.44
2.263000 256 45 -121618.78
2.263000 256 46 -141078.95
2.263000 256 47 -165779.60
2.263000 256 48 -159399.83
2.263000 256 49 -147821.36
2.263000 256 50 -146778.44
2.263000 256 51 -140580.83
2.263000 256 52 -137841.71
2.263000 256 53 -135712.45
2.263000 256 54 -135284.15
2.263000 256 55 -123248.02
2.263000 256 56 -108870.23
2.263000 256 57 -91612.17
2.263000 256 58 -77315.97
2.263000 256 59 -59490.40
2.263000 256 60 -39309.31
2.263000 256 61 -12269.44
2.263000 256 62 4203.95
2.263000 256 63 22222.92
2.263000 256 64 40781.90
2.263000 256 65 61074.61
2.263000 256 66 67846.97
2.263000 256 67 72916.12
2.263000 256 68 77890.99
2.263000 256 69 80943.91
2.263000 256 70 89023.34
2.263000 256 71 97106.62
2.263000 256 72 101926.43
2.263000 256 73 109890.62
2.263000 256 74 112363.95
2.263000 256 75 103033.45
2.263000 256 76 90178.25
2.263000 256 77 84254.24
2.263000 256 78 76361.44
2.263000 256 79 76369.88
2.263000 256 80 76912.57
2.263000 256 81 81755.20
2.263000 256 82 72318.54
2.263000 256 83 63394.58
2.263000 256 84 52269.30
2.263000 256 85 41507.86
2.263000 256 86 19137.18
2.263000 256 87 -5251.54
2.263000 256 88 -19995.15
2.263000 256 89 -35675.50
2.263000 256 90 -50407.62
2.263000 256 91 -60745.59
2.263000 256 92 -76249.12
2.263000 256 93 -91479.38
2.263000 256 94 -104105.97
2.263000 256 95 -105566.89
2.263000 256 96 -110141.07
2.263000 256 97 -117937.90
2.263000 256 98 -125378.06
2.263000 256 99 -144247.75
2.263000 256 100 -161190.76
2.263000 256 101 -171557.24
2.263000 256 102 -179916.12
2.263000 256 103 -178114.27
2.263000 256 104 -175970.91
2.263000 256 105 -177032.72
2.263000 256 106 -178021.21
2.263000 256 107 -185489.03
2.263000 256 108 -197593.77
2.263000 256 109 -202909.03
2.263000 256 110 -214393.90
2.263000 256 111 -231623.84
2.263000 256 112 -238103.85
2.263000 256 113 -245153.80
2.263000 256 114 -246385.55
2.263000 256 115 -249218.83
2.263000 256 116 -267921.91
2.263000 256 117 -288917.38
2.263000 256 118 -292628.74
2.263000 256 119 -296380.89
2.263000 256 120 -302275.39
2.263000 256 121 -306326.43
2.263000 256 122 -316812.30
2.263000 256 123 -336456.13
2.263000 256 124 -354268.54
2.263000 256 125 -362209.43
2.263000 256 126 -372383.09
2.263000 256 127 -379524.64
2.263000 256 128 -378096.77
2.263000 256 129 -387593.60
2.263000 256 130 -391818.94
2.263000 256 131 -391073.57
2.263000 256 132 -380093.18
2.263000 256 133 -369300.83
2.263000 256 134 -360029.41
2.263000 256 135 -335967.02
2.263000 256 136 -308767.75
2.263000 256 137 -289383.30
2.263000 256 138 -271285.05
2.263000 256 139 -253162.32
2.263000 256 140 -236732.69
2.263000 256 141 -215072.30
2.263000 256 142 -205357.79
2.263000 256 143 -195874.20
2.263000 256 144 -190460.17
2.263000 256 145 -189234.45
2.263000 256 146 -193731.70
2.263000 256 147 -205976.88
2.263000 256 148 -223585.52
2.263000 256 149 -237708.08
2.263000 256 150 -255117.30
2.263000 256 151 -269384.91
2.263000 256 152 -289695.21
2.263000 256 153 -315555.38
2.263000 256 154 -346581.54
2.263000 256 155 -373636.76
2.263000 256 156 -400439.97
2.263000 256 157 -422900.59
2.263000 256 158 -431396.65
2.263000 256 159 -442486.26
2.263000 256 160 -450344.38
2.263000 256 161 -468051.01
2.263000 256 162 -490916.72
2.263000 256 163 -502973.51
2.263000 256 164 -521307.65
2.263000 256 165 -532270.37
2.263000 256 166 -539152.18
2.263000 256 167 -539217.55
2.263000 256 168 -538164.88
2.263000 256 169 -531719.34
2.263000 256 170 -517911.09
2.263000 256 171 -512098.97
2.263000 256 172 -505496.08
2.263000 256 173 -493952.98
2.263000 256 174 -470287.38
2.263000 256 175 -447866.40
2.263000 256 176 -428470.71
2.263000 256 177 -404531.97
2.263000 256 178 -382859.23
2.263000 256 179 -361204.28
2.263000 256 180 -342850.42
2.263000 256 181 -327141.83
2.263000 256 182 -317641.76
2.263000 256 183 -304340.59
2.263000 256 184 -307313.51
2.263000 256 185 -310410.46
2.263000 256 186 -315592.00
2.263000 256 187 -312573.40
2.263000 256 188 -307653.41
2.263000 256 189 -313107.91
2.263000 256 190 -312439.96
2.263000 256 191 -308005.13
2.263000 256 192 -299749.67
2.263000 256 193 -295507.76
2.263000 256 194 -294766.72
2.263000 256 195 -295197.47
2.263000 256 196 -298986.14
2.263000 256 197 -312927.09
2.263000 256 198 -324722.12
2.263000 256 199 -340335.41
