3.636000 16 0 5129.89
3.636000 16 1 3363.79
3.636000 16 2 2283.02
3.636000 16 3 1589.51
3.636000 16 4 1133.70
3.636000 16 5 814.26
3.636000 16 6 576.71
3.636000 16 7 414.12
3.636000 16 8 287.70
3.636000 16 9 200.41
3.636000 16 10 139.69
3.636000 16 11 96.85
3.636000 16 12 53.28
3.636000 16 13 23.76
3.636000 16 14 12.07
3.636000 16 15  0.82
3.636000 16 16 -3.69
3.636000 16 17 -24.75
3.636000 16 18 -31.11
3.636000 16 19 -34.97
3.636000 16 20 -19.68
3.636000 16 21 -20.14
3.636000 16 22 -32.52
3.636000 16 23 -29.77
3.636000 16 24 -35.17
3.636000 16 25 -46.11
3.636000 16 26 -53.39
3.636000 16 27 -45.42
3.636000 16 28 -34.49
3.636000 16 29 -14.10
3.636000 16 30 15.11
3.636000 16 31 27.26
3.636000 16 32 22.51
3.636000 16 33  7.04
3.636000 16 34  1.10
3.636000 16 35 -5.81
3.636000 16 36 -12.63
3.636000 16 37 -10.30
3.636000 16 38  6.75
3.636000 16 39 -5.22
3.636000 16 40 -13.28
3.636000 16 41 -22.65
3.636000 16 42 -27.07
3.636000 16 43 -26.40
3.636000 16 44 -25.46
3.636000 16 45 -24.51
3.636000 16 46 -26.24
3.636000 16 47 -27.45
3.636000 16 48 -25.41
3.636000 16 49 -26.88
3.636000 16 50 -25.19
3.636000 16 51 -24.29
3.636000 16 52 -5.29
3.636000 16 53 -7.06
3.636000 16 54 -10.41
3.636000 16 55 -7.33
3.636000 16 56 -21.25
3.636000 16 57 -3.25
3.636000 16 58  1.57
3.636000 16 59 -9.97
3.636000 16 60 -0.32
3.636000 16 61  6.85
3.636000 16 62  0.13
3.636000 16 63  7.31
3.636000 16 64  6.60
3.636000 16 65  2.61
3.636000 16 66  5.70
3.636000 16 67  5.13
3.636000 16 68 -6.58
3.636000 16 69 -10.47
3.636000 16 70 -20.60
3.636000 16 71 -17.95
3.636000 16 72 -18.97
3.636000 16 73 -23.90
3.636000 16 74 -34.44
3.636000 16 75 -42.65
3.636000 16 76 -48.33
3.636000 16 77 -38.72
3.636000 16 78 -45.69
3.636000 16 79 -51.59
3.636000 16 80 -34.26
3.636000 16 81 -8.82
3.636000 16 82 -9.21
3.636000 16 83 -10.69
3.636000 16 84 -13.93
3.636000 16 85 -0.14
3.636000 16 86  6.62
3.636000 16 87 20.50
3.636000 16 88 19.90
3.636000 16 89 18.87
3.636000 16 90 14.17
3.636000 16 91 17.40
3.636000 16 92 10.82
3.636000 16 93 19.66
3.636000 16 94 20.44
3.636000 16 95 42.45
3.636000 16 96 70.20
3.636000 16 97 73.74
3.636000 16 98 71.81
3.636000 16 99 67.31
3.636000 16 100 53.56
3.636000 16 101 38.08
3.636000 16 102 26.50
3.636000 16 103 12.43
3.636000 16 104 -0.87
3.636000 16 105 -19.28
3.636000 16 106 -26.59
3.636000 16 107 -19.71
3.636000 16 108 -10.91
3.636000 16 109 -2.03
3.636000 16 110 11.50
3.636000 16 111  5.80
3.636000 16 112 13.88
3.636000 16 113 19.65
3.636000 16 114 31.56
3.636000 16 115 50.29
3.636000 16 116 56.13
3.636000 16 117 48.97
3.636000 16 118 36.42
3.636000 16 119 23.55
3.636000 16 120 17.85
3.636000 16 121 13.15
3.636000 16 122 11.24
3.636000 16 123 18.30
3.636000 16 124 19.46
3.636000 16 125 23.40
3.636000 16 126 19.23
3.636000 16 127 10.63
3.636000 16 128  0.27
3.636000 16 129  7.78
3.636000 16 130  7.70
3.636000 16 131 -0.19
3.636000 16 132 -23.29
3.636000 16 133 -27.82
3.636000 16 134 -24.72
3.636000 16 135 -10.55
3.636000 16 136 -2.11
3.636000 16 137 -1.44
3.636000 16 138  2.10
3.636000 16 139 -12.82
3.636000 16 140 -16.46
3.636000 16 141 -11.18
3.636000 16 142 -20.73
3.636000 16 143 -18.91
3.636000 16 144 -24.40
3.636000 16 145 -9.48
3.636000 16 146 -7.97
3.636000 16 147 -31.51
3.636000 16 148 -32.10
3.636000 16 149 -48.14
3.636000 16 150 -46.36
3.636000 16 151 -35.65
3.636000 16 152 -30.74
3.636000 16 153 -32.64
3.636000 16 154 -40.97
3.636000 16 155 -46.88
3.636000 16 156 -46.42
3.636000 16 157 -58.96
3.636000 16 158 -48.48
3.636000 16 159 -39.92
3.636000 16 160 -22.07
3.636000 16 161  4.54
3.636000 16 162  7.11
3.636000 16 163 25.48
3.636000 16 164 28.89
3.636000 16 165 37.46
3.636000 16 166 33.54
3.636000 16 167 33.57
3.636000 16 168 28.67
3.636000 16 169 23.42
3.636000 16 170 28.32
3.636000 16 171 26.35
3.636000 16 172 29.21
3.636000 16 173 42.88
3.636000 16 174 41.78
3.636000 16 175 25.42
3.636000 16 176 -3.65
3.636000 16 177 -11.66
3.636000 16 178 -24.58
3.636000 16 179 -35.92
3.636000 16 180 -37.63
3.636000 16 181 -50.06
3.636000 16 182 -52.03
3.636000 16 183 -52.63
3.636000 16 184 -20.89
3.636000 16 185 -15.60
3.636000 16 186 -2.32
3.636000 16 187 14.03
3.636000 16 188 24.75
3.636000 16 189 25.73
3.636000 16 190 31.14
3.636000 16 191 40.28
3.636000 16 192 33.55
3.636000 16 193 18.36
3.636000 16 194 16.75
3.636000 16 195 13.79
3.636000 16 196  9.24
3.636000 16 197 11.62
3.636000 16 198 11.85
3.636000 16 199  4.87
