3.652000 64 0 122084.16
3.652000 64 1 101383.74
3.652000 64 2 85196.64
3.652000 64 3 72345.96
3.652000 64 4 61982.28
3.652000 64 5 53364.64
3.652000 64 6 46056.41
3.652000 64 7 39808.65
3.652000 64 8 34506.08
3.652000 64 9 29872.09
3.652000 64 10 25704.68
3.652000 64 11 22115.48
3.652000 64 12 18885.84
3.652000 64 13 16183.73
3.652000 64 14 14014.52
3.652000 64 15 11866.68
3.652000 64 16 10177.66
3.652000 64 17 8857.68
3.652000 64 18 7719.56
3.652000 64 19 6754.82
3.652000 64 20 5927.48
3.652000 64 21 4916.72
3.652000 64 22 3993.66
3.652000 64 23 3382.24
3.652000 64 24 2987.94
3.652000 64 25 2595.11
3.652000 64 26 2284.80
3.652000 64 27 1969.16
3.652000 64 28 1625.19
3.652000 64 29 1222.33
3.652000 64 30 890.32
3.652000 64 31 717.26
3.652000 64 32 694.02
3.652000 64 33 757.33
3.652000 64 34 740.68
3.652000 64 35 665.35
3.652000 64 36 673.52
3.652000 64 37 468.46
3.652000 64 38 263.04
3.652000 64 39 147.64
3.652000 64 40 -44.64
3.652000 64 41 28.96
3.652000 64 42 32.45
3.652000 64 43 -38.56
3.652000 64 44 29.78
3.652000 64 45 -47.45
3.652000 64 46 -78.15
3.652000 64 47 -288.94
3.652000 64 48 -456.42
3.652000 64 49 -594.06
3.652000 64 50 -574.36
3.652000 64 51 -800.08
3.652000 64 52 -961.41
3.652000 64 53 -1034.52
3.652000 64 54 -881.31
3.652000 64 55 -902.82
3.652000 64 56 -822.10
3.652000 64 57 -671.89
3.652000 64 58 -615.65
3.652000 64 59 -397.85
3.652000 64 60 -497.92
3.652000 64 61 -575.23
3.652000 64 62 -555.68
3.652000 64 63 -553.66
3.652000 64 64 -685.11
3.652000 64 65 -684.77
3.652000 64 66 -741.20
3.652000 64 67 -812.89
3.652000 64 68 -886.94
3.652000 64 69 -938.18
3.652000 64 70 -964.31
3.652000 64 71 -921.96
3.652000 64 72 -831.03
3.652000 64 73 -779.08
3.652000 64 74 -611.71
3.652000 64 75 -378.76
3.652000 64 76 -397.73
3.652000 64 77 -294.63
3.652000 64 78 -421.23
3.652000 64 79 -459.56
3.652000 64 80 -836.86
3.652000 64 81 -1275.04
3.652000 64 82 -1373.81
3.652000 64 83 -1410.46
3.652000 64 84 -1338.15
3.652000 64 85 -1391.94
3.652000 64 86 -1509.08
3.652000 64 87 -1544.75
3.652000 64 88 -1658.45
3.652000 64 89 -1706.77
3.652000 64 90 -1742.50
3.652000 64 91 -1503.12
3.652000 64 92 -1153.68
3.652000 64 93 -911.03
3.652000 64 94 -623.67
3.652000 64 95 -638.54
3.652000 64 96 -653.97
3.652000 64 97 -618.57
3.652000 64 98 -697.32
3.652000 64 99 -847.83
3.652000 64 100 -912.00
3.652000 64 101 -898.15
3.652000 64 102 -779.37
3.652000 64 103 -571.80
3.652000 64 104 -285.87
3.652000 64 105  8.34
3.652000 64 106 206.12
3.652000 64 107 535.90
3.652000 64 108 698.26
3.652000 64 109 858.30
3.652000 64 110 1078.27
3.652000 64 111 1225.35
3.652000 64 112 1437.91
3.652000 64 113 1721.94
3.652000 64 114 1863.83
3.652000 64 115 1844.91
3.652000 64 116 2017.13
3.652000 64 117 2107.46
3.652000 64 118 1983.05
3.652000 64 119 1927.24
3.652000 64 120 1636.77
3.652000 64 121 1415.76
3.652000 64 122 1116.22
3.652000 64 123 951.01
3.652000 64 124 719.89
3.652000 64 125 598.44
3.652000 64 126 429.96
3.652000 64 127 305.66
3.652000 64 128 209.36
3.652000 64 129 194.80
3.652000 64 130 170.50
3.652000 64 131 450.53
3.652000 64 132 303.63
3.652000 64 133 226.10
3.652000 64 134 87.97
3.652000 64 135 -9.25
3.652000 64 136 171.22
3.652000 64 137 112.91
3.652000 64 138 -147.20
3.652000 64 139 -364.18
3.652000 64 140 -642.85
3.652000 64 141 -1014.59
3.652000 64 142 -1123.67
3.652000 64 143 -1174.68
3.652000 64 144 -1140.18
3.652000 64 145 -1152.40
3.652000 64 146 -1144.88
3.652000 64 147 -1194.37
3.652000 64 148 -1070.09
3.652000 64 149 -976.56
3.652000 64 150 -940.40
3.652000 64 151 -832.94
3.652000 64 152 -696.33
3.652000 64 153 -624.12
3.652000 64 154 -642.20
3.652000 64 155 -773.61
3.652000 64 156 -865.07
3.652000 64 157 -931.22
3.652000 64 158 -1017.46
3.652000 64 159 -1261.76
3.652000 64 160 -1404.97
3.652000 64 161 -1285.20
3.652000 64 162 -1286.44
3.652000 64 163 -1278.39
3.652000 64 164 -1336.01
3.652000 64 165 -1406.86
3.652000 64 166 -1411.91
3.652000 64 167 -1317.36
3.652000 64 168 -1244.44
3.652000 64 169 -1127.81
3.652000 64 170 -1136.11
3.652000 64 171 -821.39
3.652000 64 172 -498.87
3.652000 64 173 -74.52
3.652000 64 174 144.47
3.652000 64 175 214.38
3.652000 64 176 114.48
3.652000 64 177 61.15
3.652000 64 178 -21.27
3.652000 64 179 -69.50
3.652000 64 180 131.78
3.652000 64 181 128.12
3.652000 64 182 50.14
3.652000 64 183 -82.02
3.652000 64 184 -150.88
3.652000 64 185 -283.19
3.652000 64 186 -278.09
3.652000 64 187 -278.96
3.652000 64 188 -142.73
3.652000 64 189 -146.39
3.652000 64 190 -225.91
3.652000 64 191 -156.18
3.652000 64 192 -220.24
3.652000 64 193 -241.58
3.652000 64 194 -143.46
3.652000 64 195 -236.50
3.652000 64 196 -392.00
3.652000 64 197 -822.60
3.652000 64 198 -1194.39
3.652000 64 199 -1341.57
