2.265000 128 0 189794.59
2.265000 128 1 159008.10
2.265000 128 2 134929.42
2.265000 128 3 115947.92
2.265000 128 4 99510.43
2.265000 128 5 85881.53
2.265000 128 6 74650.88
2.265000 128 7 65425.70
2.265000 128 8 58322.61
2.265000 128 9 50413.21
2.265000 128 10 42211.72
2.265000 128 11 35893.30
2.265000 128 12 29825.43
2.265000 128 13 22920.42
2.265000 128 14 16966.46
2.265000 128 15 10886.52
2.265000 128 16 7943.70
2.265000 128 17 5287.01
2.265000 128 18 1840.46
2.265000 128 19 -2116.78
2.265000 128 20 -4502.84
2.265000 128 21 -7065.46
2.265000 128 22 -9990.43
2.265000 128 23 -12619.44
2.265000 128 24 -15715.77
2.265000 128 25 -19581.23
2.265000 128 26 -22304.80
2.265000 128 27 -23201.30
2.265000 128 28 -24772.15
2.265000 128 29 -25302.28
2.265000 128 30 -26062.49
2.265000 128 31 -27948.59
2.265000 128 32 -29592.06
2.265000 128 33 -30655.99
2.265000 128 34 -30226.45
2.265000 128 35 -31456.89
2.265000 128 36 -33299.57
2.265000 128 37 -32836.69
2.265000 128 38 -32661.36
2.265000 128 39 -31968.03
2.265000 128 40 -31929.12
2.265000 128 41 -32386.44
2.265000 128 42 -32899.16
2.265000 128 43 -33237.49
2.265000 128 44 -32478.80
2.265000 128 45 -31538.53
2.265000 128 46 -30472.51
2.265000 128 47 -29973.68
2.265000 128 48 -30295.57
2.265000 128 49 -30227.91
2.265000 128 50 -29979.84
2.265000 128 51 -29339.84
2.265000 128 52 -29261.11
2.265000 128 53 -29299.34
2.265000 128 54 -29220.80
2.265000 128 55 -28972.33
2.265000 128 56 -27726.38
2.265000 128 57 -25832.43
2.265000 128 58 -24595.87
2.265000 128 59 -23584.00
2.265000 128 60 -22161.05
2.265000 128 61 -21598.14
2.265000 128 62 -20764.93
2.265000 128 63 -19656.41
2.265000 128 64 -19631.44
2.265000 128 65 -16574.91
2.265000 128 66 -13265.67
2.265000 128 67 -11542.04
2.265000 128 68 -11060.08
2.265000 128 69 -11700.19
2.265000 128 70 -11194.69
2.265000 128 71 -9917.55
2.265000 128 72 -9137.81
2.265000 128 73 -7393.86
2.265000 128 74 -4657.80
2.265000 128 75 -2904.66
2.265000 128 76 -2226.60
2.265000 128 77 -1828.86
2.265000 128 78 -485.23
2.265000 128 79 952.79
2.265000 128 80 508.67
2.265000 128 81 979.63
2.265000 128 82 2203.84
2.265000 128 83 2903.09
2.265000 128 84 2350.92
2.265000 128 85 2033.26
2.265000 128 86 2076.28
2.265000 128 87 2825.89
2.265000 128 88 2228.91
2.265000 128 89 1584.67
2.265000 128 90 -1002.61
2.265000 128 91 -3041.35
2.265000 128 92 -4525.41
2.265000 128 93 -5131.16
2.265000 128 94 -4160.83
2.265000 128 95 -4423.29
2.265000 128 96 -6163.65
2.265000 128 97 -7333.27
2.265000 128 98 -7634.96
2.265000 128 99 -8011.32
2.265000 128 100 -8465.14
2.265000 128 101 -9758.44
2.265000 128 102 -10336.87
2.265000 128 103 -12609.38
2.265000 128 104 -13498.41
2.265000 128 105 -14216.40
2.265000 128 106 -13793.09
2.265000 128 107 -13497.04
2.265000 128 108 -14145.31
2.265000 128 109 -14376.55
2.265000 128 110 -14308.44
2.265000 128 111 -15325.80
2.265000 128 112 -16078.88
2.265000 128 113 -16079.50
2.265000 128 114 -15822.68
2.265000 128 115 -15392.59
2.265000 128 116 -14996.95
2.265000 128 117 -13062.97
2.265000 128 118 -11166.53
2.265000 128 119 -7434.75
2.265000 128 120 -3892.21
2.265000 128 121 -167.62
2.265000 128 122 3689.99
2.265000 128 123 6869.25
2.265000 128 124 10818.99
2.265000 128 125 13873.05
2.265000 128 126 15817.26
2.265000 128 127 16929.37
2.265000 128 128 17235.92
2.265000 128 129 18536.05
2.265000 128 130 17883.56
2.265000 128 131 18452.18
2.265000 128 132 19393.98
2.265000 128 133 20517.35
2.265000 128 134 20004.73
2.265000 128 135 20302.12
2.265000 128 136 20495.55
2.265000 128 137 20333.73
2.265000 128 138 19428.46
2.265000 128 139 18262.41
2.265000 128 140 16913.55
2.265000 128 141 15896.93
2.265000 128 142 14195.16
2.265000 128 143 12863.99
2.265000 128 144 12311.58
2.265000 128 145 13129.05
2.265000 128 146 12945.58
2.265000 128 147 11943.20
2.265000 128 148 11089.85
2.265000 128 149 11196.46
2.265000 128 150 10982.22
2.265000 128 151 9373.74
2.265000 128 152 9183.42
2.265000 128 153 8240.98
2.265000 128 154 8154.50
2.265000 128 155 7669.54
2.265000 128 156 6942.61
2.265000 128 157 8790.11
2.265000 128 158 12095.89
2.265000 128 159 14485.55
2.265000 128 160 16284.04
2.265000 128 161 16623.47
2.265000 128 162 17289.07
2.265000 128 163 18618.54
2.265000 128 164 19271.28
2.265000 128 165 18717.20
2.265000 128 166 18382.00
2.265000 128 167 18784.49
2.265000 128 168 18463.85
2.265000 128 169 17031.88
2.265000 128 170 15352.94
2.265000 128 171 13023.06
2.265000 128 172 11262.89
2.265000 128 173 10247.09
2.265000 128 174 9772.39
2.265000 128 175 10065.59
2.265000 128 176 11425.96
2.265000 128 177 12583.80
2.265000 128 178 13143.93
2.265000 128 179 14578.88
2.265000 128 180 16645.47
2.265000 128 181 19114.97
2.265000 128 182 21963.65
2.265000 128 183 24590.55
2.265000 128 184 26554.69
2.265000 128 185 25799.31
2.265000 128 186 25594.69
2.265000 128 187 25697.17
2.265000 128 188 25436.55
2.265000 128 189 24179.79
2.265000 128 190 20891.56
2.265000 128 191 15733.27
2.265000 128 192 11922.40
2.265000 128 193 9494.70
2.265000 128 194 8055.54
2.265000 128 195 7319.17
2.265000 128 196 7035.53
2.265000 128 197 6657.01
2.265000 128 198 5893.61
2.265000 128 199 1654.84
