3.480000 96 0 140596.00
3.480000 96 1 78266.86
3.480000 96 2 44519.46
3.480000 96 3 25302.61
3.480000 96 4 14609.93
3.480000 96 5 8335.52
3.480000 96 6 4528.43
3.480000 96 7 2951.11
3.480000 96 8 2382.21
3.480000 96 9 1747.06
3.480000 96 10 1160.30
3.480000 96 11 1156.24
3.480000 96 12 1096.62
3.480000 96 13 437.88
3.480000 96 14 152.54
3.480000 96 15 -214.71
3.480000 96 16 -441.93
3.480000 96 17 -632.31
3.480000 96 18 -578.85
3.480000 96 19 -583.24
3.480000 96 20 -544.55
3.480000 96 21 -356.59
3.480000 96 22 -178.36
3.480000 96 23 -211.29
3.480000 96 24 425.71
3.480000 96 25 343.67
3.480000 96 26 1030.26
3.480000 96 27 779.27
3.480000 96 28 702.59
3.480000 96 29 353.82
3.480000 96 30 -21.95
3.480000 96 31 64.39
3.480000 96 32 -313.38
3.480000 96 33 -657.23
3.480000 96 34 -743.76
3.480000 96 35 -167.17
3.480000 96 36 157.47
3.480000 96 37 54.21
3.480000 96 38 57.05
3.480000 96 39 87.08
3.480000 96 40 28.93
3.480000 96 41 250.17
3.480000 96 42 197.71
3.480000 96 43 51.46
3.480000 96 44 -23.89
3.480000 96 45 -472.18
3.480000 96 46 -117.00
3.480000 96 47 502.44
3.480000 96 48 -30.15
3.480000 96 49 -314.55
3.480000 96 50 -289.70
3.480000 96 51 -213.51
3.480000 96 52 -159.26
3.480000 96 53 -555.74
3.480000 96 54 -1029.61
3.480000 96 55 -976.97
3.480000 96 56 -893.95
3.480000 96 57 -583.57
3.480000 96 58 -497.50
3.480000 96 59 -154.71
3.480000 96 60 139.09
3.480000 96 61 635.15
3.480000 96 62 668.09
3.480000 96 63 496.28
3.480000 96 64 -4.00
3.480000 96 65 342.50
3.480000 96 66 407.25
3.480000 96 67 1124.00
3.480000 96 68 969.07
3.480000 96 69 1165.74
3.480000 96 70 945.32
3.480000 96 71 816.65
3.480000 96 72 744.26
3.480000 96 73 1246.94
3.480000 96 74 1418.33
3.480000 96 75 1601.16
3.480000 96 76 1741.67
3.480000 96 77 1409.18
3.480000 96 78 1224.09
3.480000 96 79 704.07
3.480000 96 80 1001.27
3.480000 96 81 1542.86
3.480000 96 82 1699.81
3.480000 96 83 1470.84
3.480000 96 84 895.46
3.480000 96 85 311.25
3.480000 96 86 -254.77
3.480000 96 87 80.95
3.480000 96 88 55.03
3.480000 96 89 411.48
3.480000 96 90 452.34
3.480000 96 91 71.48
3.480000 96 92 -412.99
3.480000 96 93 -593.39
3.480000 96 94 -820.11
3.480000 96 95 413.58
3.480000 96 96 1113.91
3.480000 96 97 904.04
3.480000 96 98 997.49
3.480000 96 99 1405.76
3.480000 96 100 1737.70
3.480000 96 101 1271.28
3.480000 96 102 1186.58
3.480000 96 103 909.29
3.480000 96 104 933.09
3.480000 96 105 804.46
3.480000 96 106 409.37
3.480000 96 107 651.16
3.480000 96 108 657.40
3.480000 96 109 961.65
3.480000 96 110 784.41
3.480000 96 111 711.80
3.480000 96 112 173.41
3.480000 96 113 -37.13
3.480000 96 114 -395.53
3.480000 96 115 -574.12
3.480000 96 116 -993.21
3.480000 96 117 -495.47
3.480000 96 118 -358.68
3.480000 96 119 35.87
3.480000 96 120 921.36
3.480000 96 121 1158.75
3.480000 96 122 924.61
3.480000 96 123 841.58
3.480000 96 124 316.33
3.480000 96 125 430.84
3.480000 96 126 966.14
3.480000 96 127 1203.20
3.480000 96 128 1290.13
3.480000 96 129 1163.91
3.480000 96 130 1277.79
3.480000 96 131 1772.46
3.480000 96 132 1326.65
3.480000 96 133 1613.97
3.480000 96 134 1376.25
3.480000 96 135 1675.64
3.480000 96 136 2102.89
3.480000 96 137 2419.82
3.480000 96 138 3018.50
3.480000 96 139 3544.89
3.480000 96 140 3908.28
3.480000 96 141 3407.89
3.480000 96 142 3009.93
3.480000 96 143 2735.46
3.480000 96 144 2790.61
3.480000 96 145 2803.09
3.480000 96 146 3119.95
3.480000 96 147 2977.60
3.480000 96 148 3619.65
3.480000 96 149 4161.81
3.480000 96 150 4023.91
3.480000 96 151 4228.26
3.480000 96 152 4068.36
3.480000 96 153 3873.41
3.480000 96 154 3969.05
3.480000 96 155 3760.38
3.480000 96 156 3415.60
3.480000 96 157 3491.96
3.480000 96 158 3324.38
3.480000 96 159 3821.73
3.480000 96 160 3788.99
3.480000 96 161 3607.46
3.480000 96 162 3375.02
3.480000 96 163 3089.41
3.480000 96 164 2808.42
3.480000 96 165 2251.65
3.480000 96 166 2068.04
3.480000 96 167 1851.20
3.480000 96 168 1933.37
3.480000 96 169 1904.61
3.480000 96 170 2204.34
3.480000 96 171 1430.84
3.480000 96 172 1747.12
3.480000 96 173 2029.61
3.480000 96 174 2027.15
3.480000 96 175 2005.22
3.480000 96 176 2249.19
3.480000 96 177 1970.84
3.480000 96 178 2046.39
3.480000 96 179 2010.52
3.480000 96 180 1424.46
3.480000 96 181 1014.95
3.480000 96 182 1762.46
3.480000 96 183 2046.74
3.480000 96 184 1442.77
3.480000 96 185 1596.19
3.480000 96 186 1796.68
3.480000 96 187 1984.16
3.480000 96 188 1483.91
3.480000 96 189 492.80
3.480000 96 190 29.42
3.480000 96 191 -206.48
3.480000 96 192 -94.77
3.480000 96 193 29.30
3.480000 96 194 428.32
3.480000 96 195 314.86
3.480000 96 196 644.08
3.480000 96 197 545.28
3.480000 96 198 851.40
3.480000 96 199 769.90
