2.264000 64 0 45168.36
2.264000 64 1 35914.26
2.264000 64 2 28720.81
2.264000 64 3 23035.32
2.264000 64 4 18536.62
2.264000 64 5 15166.82
2.264000 64 6 12299.57
2.264000 64 7 10007.83
2.264000 64 8 7874.01
2.264000 64 9 5845.67
2.264000 64 10 3859.88
2.264000 64 11 2156.81
2.264000 64 12 837.67
2.264000 64 13 -395.83
2.264000 64 14 -1212.09
2.264000 64 15 -1710.65
2.264000 64 16 -2002.13
2.264000 64 17 -2104.87
2.264000 64 18 -2269.81
2.264000 64 19 -2655.56
2.264000 64 20 -2838.68
2.264000 64 21 -2842.99
2.264000 64 22 -2717.58
2.264000 64 23 -2738.32
2.264000 64 24 -2806.33
2.264000 64 25 -2925.82
2.264000 64 26 -3553.12
2.264000 64 27 -3853.74
2.264000 64 28 -4106.40
2.264000 64 29 -4493.51
2.264000 64 30 -4983.55
2.264000 64 31 -5367.75
2.264000 64 32 -5729.36
2.264000 64 33 -6012.79
2.264000 64 34 -6249.74
2.264000 64 35 -6749.96
2.264000 64 36 -7014.54
2.264000 64 37 -7373.23
2.264000 64 38 -7449.39
2.264000 64 39 -7477.83
2.264000 64 40 -7414.79
2.264000 64 41 -7659.58
2.264000 64 42 -8036.89
2.264000 64 43 -8164.08
2.264000 64 44 -8598.61
2.264000 64 45 -8700.62
2.264000 64 46 -8646.56
2.264000 64 47 -8624.00
2.264000 64 48 -8902.12
2.264000 64 49 -8786.71
2.264000 64 50 -8666.99
2.264000 64 51 -8302.50
2.264000 64 52 -7793.24
2.264000 64 53 -7610.24
2.264000 64 54 -7327.33
2.264000 64 55 -6853.89
2.264000 64 56 -6718.20
2.264000 64 57 -6549.05
2.264000 64 58 -6489.57
2.264000 64 59 -6307.17
2.264000 64 60 -6131.11
2.264000 64 61 -5877.77
2.264000 64 62 -5423.75
2.264000 64 63 -4913.68
2.264000 64 64 -4189.43
2.264000 64 65 -3673.50
2.264000 64 66 -3711.83
2.264000 64 67 -3883.66
2.264000 64 68 -3870.59
2.264000 64 69 -4022.44
2.264000 64 70 -4060.81
2.264000 64 71 -4089.85
2.264000 64 72 -4166.83
2.264000 64 73 -4513.37
2.264000 64 74 -4785.30
2.264000 64 75 -5052.25
2.264000 64 76 -4959.39
2.264000 64 77 -4795.82
2.264000 64 78 -4522.54
2.264000 64 79 -4226.25
2.264000 64 80 -4056.53
2.264000 64 81 -3481.35
2.264000 64 82 -3035.42
2.264000 64 83 -2551.95
2.264000 64 84 -2390.17
2.264000 64 85 -2522.96
2.264000 64 86 -2300.20
2.264000 64 87 -2560.81
2.264000 64 88 -2270.86
2.264000 64 89 -1878.46
2.264000 64 90 -1541.93
2.264000 64 91 -1236.44
2.264000 64 92 -614.66
2.264000 64 93 -47.25
2.264000 64 94 506.38
2.264000 64 95 706.72
2.264000 64 96 841.23
2.264000 64 97 1087.76
2.264000 64 98 1587.38
2.264000 64 99 2223.34
2.264000 64 100 2472.74
2.264000 64 101 2489.76
2.264000 64 102 2172.59
2.264000 64 103 1747.56
2.264000 64 104 1479.29
2.264000 64 105 1244.51
2.264000 64 106 1446.68
2.264000 64 107 1767.40
2.264000 64 108 1723.24
2.264000 64 109 1694.14
2.264000 64 110 1987.30
2.264000 64 111 2202.34
2.264000 64 112 2556.39
2.264000 64 113 2510.03
2.264000 64 114 2311.86
2.264000 64 115 2439.71
2.264000 64 116 2979.40
2.264000 64 117 3337.07
2.264000 64 118 3526.91
2.264000 64 119 3674.09
2.264000 64 120 3593.28
2.264000 64 121 3491.97
2.264000 64 122 3650.94
2.264000 64 123 3615.70
2.264000 64 124 3652.67
2.264000 64 125 3865.03
2.264000 64 126 3577.39
2.264000 64 127 3356.27
2.264000 64 128 3409.11
2.264000 64 129 3377.12
2.264000 64 130 3129.17
2.264000 64 131 3116.52
2.264000 64 132 3186.58
2.264000 64 133 2977.72
2.264000 64 134 2892.98
2.264000 64 135 2776.48
2.264000 64 136 2650.84
2.264000 64 137 2721.62
2.264000 64 138 2734.93
2.264000 64 139 2600.16
2.264000 64 140 2268.38
2.264000 64 141 2096.05
2.264000 64 142 2016.35
2.264000 64 143 1669.38
2.264000 64 144 1543.69
2.264000 64 145 1608.52
2.264000 64 146 1811.95
2.264000 64 147 1686.66
2.264000 64 148 1788.48
2.264000 64 149 1865.05
2.264000 64 150 2040.14
2.264000 64 151 1731.80
2.264000 64 152 1556.77
2.264000 64 153 1324.53
2.264000 64 154 1560.50
2.264000 64 155 1414.78
2.264000 64 156 1603.96
2.264000 64 157 1286.05
2.264000 64 158 1242.07
2.264000 64 159 1138.37
2.264000 64 160 1270.04
2.264000 64 161 1263.82
2.264000 64 162 1173.15
2.264000 64 163 932.54
2.264000 64 164 713.86
2.264000 64 165 530.62
2.264000 64 166 -136.13
2.264000 64 167 -858.60
2.264000 64 168 -1192.51
2.264000 64 169 -1420.82
2.264000 64 170 -1471.27
2.264000 64 171 -1448.36
2.264000 64 172 -2042.18
2.264000 64 173 -2373.91
2.264000 64 174 -2514.73
2.264000 64 175 -2602.47
2.264000 64 176 -2255.90
2.264000 64 177 -1941.19
2.264000 64 178 -1733.50
2.264000 64 179 -1522.22
2.264000 64 180 -1160.92
2.264000 64 181 -792.05
2.264000 64 182 -573.13
2.264000 64 183 -596.47
2.264000 64 184 -570.00
2.264000 64 185 -551.64
2.264000 64 186 -683.58
2.264000 64 187 -791.68
2.264000 64 188 -658.47
2.264000 64 189 -693.85
2.264000 64 190 -314.95
2.264000 64 191 -181.74
2.264000 64 192 107.22
2.264000 64 193 141.94
2.264000 64 194 223.47
2.264000 64 195 378.45
2.264000 64 196 667.61
2.264000 64 197 769.69
2.264000 64 198 972.78
2.264000 64 199 1304.51
