3.520000 48 0 17746.34
3.520000 48 1 10683.81
3.520000 48 2 6801.92
3.520000 48 3 4411.44
3.520000 48 4 3108.81
3.520000 48 5 2201.92
3.520000 48 6 1940.83
3.520000 48 7 1717.41
3.520000 48 8 1358.16
3.520000 48 9 1204.85
3.520000 48 10 925.78
3.520000 48 11 738.91
3.520000 48 12 541.57
3.520000 48 13 384.71
3.520000 48 14 423.48
3.520000 48 15 309.76
3.520000 48 16 184.23
3.520000 48 17 191.25
3.520000 48 18 329.48
3.520000 48 19 97.80
3.520000 48 20 186.09
3.520000 48 21 137.85
3.520000 48 22 239.91
3.520000 48 23 360.63
3.520000 48 24 571.89
3.520000 48 25 576.03
3.520000 48 26 490.97
3.520000 48 27 434.93
3.520000 48 28 438.40
3.520000 48 29 325.91
3.520000 48 30 274.85
3.520000 48 31 349.83
3.520000 48 32 416.69
3.520000 48 33 480.31
3.520000 48 34 696.32
3.520000 48 35 1012.31
3.520000 48 36 1108.89
3.520000 48 37 1028.72
3.520000 48 38 1309.56
3.520000 48 39 1572.91
3.520000 48 40 1651.40
3.520000 48 41 1689.46
3.520000 48 42 1553.19
3.520000 48 43 1685.62
3.520000 48 44 1612.50
3.520000 48 45 1570.88
3.520000 48 46 1499.48
3.520000 48 47 1496.41
3.520000 48 48 1577.93
3.520000 48 49 1635.96
3.520000 48 50 1689.02
3.520000 48 51 1770.58
3.520000 48 52 1615.04
3.520000 48 53 1695.92
3.520000 48 54 1576.97
3.520000 48 55 1752.53
3.520000 48 56 1717.38
3.520000 48 57 1817.10
3.520000 48 58 1888.26
3.520000 48 59 1925.92
3.520000 48 60 1844.18
3.520000 48 61 1890.52
3.520000 48 62 1821.23
3.520000 48 63 1762.41
3.520000 48 64 1839.22
3.520000 48 65 1966.78
3.520000 48 66 1860.52
3.520000 48 67 1856.70
3.520000 48 68 1975.92
3.520000 48 69 1996.34
3.520000 48 70 2066.87
3.520000 48 71 2062.73
3.520000 48 72 2143.47
3.520000 48 73 2160.30
3.520000 48 74 2015.23
3.520000 48 75 1880.97
3.520000 48 76 1690.23
3.520000 48 77 1656.50
3.520000 48 78 1720.04
3.520000 48 79 1762.67
3.520000 48 80 1550.87
3.520000 48 81 1660.02
3.520000 48 82 1701.45
3.520000 48 83 1614.89
3.520000 48 84 1403.68
3.520000 48 85 1236.68
3.520000 48 86 1165.56
3.520000 48 87 1273.34
3.520000 48 88 1376.59
3.520000 48 89 1384.53
3.520000 48 90 1251.83
3.520000 48 91 1337.29
3.520000 48 92 1413.33
3.520000 48 93 1387.22
3.520000 48 94 1368.92
3.520000 48 95 1206.84
3.520000 48 96 1005.24
3.520000 48 97 965.14
3.520000 48 98 1074.46
3.520000 48 99 1323.87
3.520000 48 100 1272.04
3.520000 48 101 1017.00
3.520000 48 102 941.42
3.520000 48 103 844.47
3.520000 48 104 964.46
3.520000 48 105 874.27
3.520000 48 106 837.45
3.520000 48 107 708.97
3.520000 48 108 538.70
3.520000 48 109 555.22
3.520000 48 110 787.03
3.520000 48 111 828.58
3.520000 48 112 820.71
3.520000 48 113 863.83
3.520000 48 114 881.42
3.520000 48 115 941.46
3.520000 48 116 905.37
3.520000 48 117 938.54
3.520000 48 118 1010.86
3.520000 48 119 1320.26
3.520000 48 120 1464.41
3.520000 48 121 1288.25
3.520000 48 122 1021.38
3.520000 48 123 759.52
3.520000 48 124 670.19
3.520000 48 125 552.23
3.520000 48 126 627.14
3.520000 48 127 615.12
3.520000 48 128 654.78
3.520000 48 129 343.76
3.520000 48 130 94.60
3.520000 48 131 221.53
3.520000 48 132 311.11
3.520000 48 133 223.78
3.520000 48 134 380.19
3.520000 48 135 538.73
3.520000 48 136 469.04
3.520000 48 137 489.64
3.520000 48 138 354.99
3.520000 48 139 358.39
3.520000 48 140 445.60
3.520000 48 141 638.18
3.520000 48 142 673.50
3.520000 48 143 630.72
3.520000 48 144 481.21
3.520000 48 145 469.84
3.520000 48 146 630.28
3.520000 48 147 733.59
3.520000 48 148 738.13
3.520000 48 149 821.05
3.520000 48 150 702.89
3.520000 48 151 570.20
3.520000 48 152 436.00
3.520000 48 153 384.79
3.520000 48 154 381.84
3.520000 48 155 236.83
3.520000 48 156 53.03
3.520000 48 157 -53.58
3.520000 48 158 -94.02
3.520000 48 159 -260.32
3.520000 48 160 -289.47
3.520000 48 161 -267.94
3.520000 48 162 -204.48
3.520000 48 163 57.92
3.520000 48 164 79.29
3.520000 48 165 35.92
3.520000 48 166 -118.90
3.520000 48 167 -361.17
3.520000 48 168 -489.61
3.520000 48 169 -507.07
3.520000 48 170 -261.64
3.520000 48 171 -215.94
3.520000 48 172 -204.58
3.520000 48 173 -265.41
3.520000 48 174 -351.07
3.520000 48 175 -426.23
3.520000 48 176 -423.81
3.520000 48 177 -689.60
3.520000 48 178 -843.36
3.520000 48 179 -874.79
3.520000 48 180 -933.45
3.520000 48 181 -970.69
3.520000 48 182 -879.04
3.520000 48 183 -870.81
3.520000 48 184 -880.59
3.520000 48 185 -778.35
3.520000 48 186 -820.98
3.520000 48 187 -871.60
3.520000 48 188 -819.37
3.520000 48 189 -818.51
3.520000 48 190 -947.43
3.520000 48 191 -919.15
3.520000 48 192 -920.71
3.520000 48 193 -747.64
3.520000 48 194 -832.36
3.520000 48 195 -1076.86
3.520000 48 196 -1354.25
3.520000 48 197 -1467.45
3.520000 48 198 -1386.11
3.520000 48 199 -1292.08
