3.620000 16 0 4941.59
3.620000 16 1 3161.14
3.620000 16 2 2097.98
3.620000 16 3 1423.75
3.620000 16 4 979.02
3.620000 16 5 690.67
3.620000 16 6 498.24
3.620000 16 7 356.74
3.620000 16 8 258.22
3.620000 16 9 189.93
3.620000 16 10 138.24
3.620000 16 11 104.08
3.620000 16 12 85.30
3.620000 16 13 60.76
3.620000 16 14 60.26
3.620000 16 15 56.22
3.620000 16 16 51.00
3.620000 16 17 49.81
3.620000 16 18 51.33
3.620000 16 19 35.18
3.620000 16 20 36.98
3.620000 16 21 40.09
3.620000 16 22 37.75
3.620000 16 23 40.49
3.620000 16 24 38.57
3.620000 16 25 28.85
3.620000 16 26 34.82
3.620000 16 27 34.26
3.620000 16 28 35.95
3.620000 16 29 28.63
3.620000 16 30 22.82
3.620000 16 31 19.69
3.620000 16 32 46.06
3.620000 16 33 44.92
3.620000 16 34 39.02
3.620000 16 35 27.08
3.620000 16 36 28.50
3.620000 16 37 26.78
3.620000 16 38 21.82
3.620000 16 39 12.60
3.620000 16 40  2.19
3.620000 16 41 -2.99
3.620000 16 42 -9.51
3.620000 16 43 -26.22
3.620000 16 44 -32.18
3.620000 16 45 -39.82
3.620000 16 46 -45.46
3.620000 16 47 -39.54
3.620000 16 48 -18.31
3.620000 16 49 -8.23
3.620000 16 50 12.22
3.620000 16 51 18.13
3.620000 16 52  0.71
3.620000 16 53 -16.67
3.620000 16 54 -44.79
3.620000 16 55 -54.76
3.620000 16 56 -43.96
3.620000 16 57 -40.38
3.620000 16 58 -34.15
3.620000 16 59 -40.69
3.620000 16 60 -23.96
3.620000 16 61 -13.67
3.620000 16 62 -16.27
3.620000 16 63 -14.45
3.620000 16 64 -3.89
3.620000 16 65  4.89
3.620000 16 66 -0.42
3.620000 16 67 -15.84
3.620000 16 68 -25.13
3.620000 16 69 -13.41
3.620000 16 70 -11.96
3.620000 16 71 -3.25
3.620000 16 72 -16.43
3.620000 16 73 -25.05
3.620000 16 74 -23.29
3.620000 16 75 -15.35
3.620000 16 76 -25.57
3.620000 16 77 -34.15
3.620000 16 78 -33.72
3.620000 16 79 -25.80
3.620000 16 80 -20.55
3.620000 16 81 -13.47
3.620000 16 82  6.33
3.620000 16 83 -1.08
3.620000 16 84 13.02
3.620000 16 85  4.55
3.620000 16 86 -0.78
3.620000 16 87  0.55
3.620000 16 88 -4.42
3.620000 16 89 -7.38
3.620000 16 90 -13.57
3.620000 16 91 -7.17
3.620000 16 92 -1.62
3.620000 16 93 -8.06
3.620000 16 94 -20.60
3.620000 16 95 -32.55
3.620000 16 96 -38.66
3.620000 16 97 -29.30
3.620000 16 98 -11.53
3.620000 16 99  6.03
3.620000 16 100  3.21
3.620000 16 101  4.18
3.620000 16 102 -2.51
3.620000 16 103 -7.07
3.620000 16 104 -20.55
3.620000 16 105 -34.13
3.620000 16 106 -46.80
3.620000 16 107 -62.05
3.620000 16 108 -71.13
3.620000 16 109 -81.39
3.620000 16 110 -78.92
3.620000 16 111 -71.58
3.620000 16 112 -58.90
3.620000 16 113 -62.72
3.620000 16 114 -43.44
3.620000 16 115 -27.15
3.620000 16 116 -18.27
3.620000 16 117 -11.92
3.620000 16 118 -15.59
3.620000 16 119 -27.13
3.620000 16 120 -29.99
3.620000 16 121 -36.20
3.620000 16 122 -46.90
3.620000 16 123 -32.91
3.620000 16 124 -38.00
3.620000 16 125 -35.78
3.620000 16 126 -42.56
3.620000 16 127 -47.08
3.620000 16 128 -54.64
3.620000 16 129 -47.18
3.620000 16 130 -43.05
3.620000 16 131 -46.47
3.620000 16 132 -48.35
3.620000 16 133 -52.21
3.620000 16 134 -63.76
3.620000 16 135 -70.52
3.620000 16 136 -68.73
3.620000 16 137 -61.63
3.620000 16 138 -42.49
3.620000 16 139 -40.21
3.620000 16 140 -39.50
3.620000 16 141 -41.54
3.620000 16 142 -44.12
3.620000 16 143 -38.89
3.620000 16 144 -43.44
3.620000 16 145 -42.68
3.620000 16 146 -31.39
3.620000 16 147 -16.59
3.620000 16 148 -4.42
3.620000 16 149 -3.30
3.620000 16 150 -5.60
3.620000 16 151 -32.01
3.620000 16 152 -40.15
3.620000 16 153 -36.21
3.620000 16 154 -24.08
3.620000 16 155 -10.44
3.620000 16 156 -9.52
3.620000 16 157 -7.88
3.620000 16 158 -21.71
3.620000 16 159 -43.95
3.620000 16 160 -56.21
3.620000 16 161 -39.72
3.620000 16 162 -27.33
3.620000 16 163 -25.01
3.620000 16 164 -21.15
3.620000 16 165 -28.57
3.620000 16 166 -6.86
3.620000 16 167  2.18
3.620000 16 168 -7.11
3.620000 16 169  1.68
3.620000 16 170 11.45
3.620000 16 171 23.60
3.620000 16 172 16.71
3.620000 16 173 -1.31
3.620000 16 174 -15.42
3.620000 16 175 -22.50
3.620000 16 176 -28.12
3.620000 16 177 -33.96
3.620000 16 178 -34.37
3.620000 16 179 -18.59
3.620000 16 180 -17.48
3.620000 16 181 -2.79
3.620000 16 182 20.36
3.620000 16 183 29.64
3.620000 16 184 26.63
3.620000 16 185  6.63
3.620000 16 186 -3.17
3.620000 16 187 -7.28
3.620000 16 188 -12.98
3.620000 16 189 -20.07
3.620000 16 190 -6.92
3.620000 16 191  5.68
3.620000 16 192  1.42
3.620000 16 193 -4.34
3.620000 16 194 -12.85
3.620000 16 195 -5.70
3.620000 16 196 -2.45
3.620000 16 197  2.61
3.620000 16 198  4.57
3.620000 16 199 -5.91
