3.647000 24 0 13348.20
3.647000 24 1 9610.01
3.647000 24 2 7083.85
3.647000 24 3 5336.61
3.647000 24 4 4094.52
3.647000 24 5 3177.88
3.647000 24 6 2475.91
3.647000 24 7 1932.00
3.647000 24 8 1520.35
3.647000 24 9 1242.22
3.647000 24 10 1015.03
3.647000 24 11 868.45
3.647000 24 12 754.60
3.647000 24 13 647.61
3.647000 24 14 548.81
3.647000 24 15 493.43
3.647000 24 16 467.06
3.647000 24 17 480.74
3.647000 24 18 447.75
3.647000 24 19 391.96
3.647000 24 20 321.73
3.647000 24 21 254.90
3.647000 24 22 247.88
3.647000 24 23 251.60
3.647000 24 24 257.33
3.647000 24 25 244.68
3.647000 24 26 218.85
3.647000 24 27 197.45
3.647000 24 28 169.14
3.647000 24 29 163.42
3.647000 24 30 157.43
3.647000 24 31 139.59
3.647000 24 32 135.51
3.647000 24 33 130.82
3.647000 24 34 93.15
3.647000 24 35 67.76
3.647000 24 36 57.99
3.647000 24 37 63.43
3.647000 24 38 72.61
3.647000 24 39 84.74
3.647000 24 40 107.61
3.647000 24 41 95.56
3.647000 24 42 88.68
3.647000 24 43 108.77
3.647000 24 44 100.25
3.647000 24 45 88.87
3.647000 24 46 71.87
3.647000 24 47 60.30
3.647000 24 48 81.15
3.647000 24 49 112.67
3.647000 24 50 137.79
3.647000 24 51 165.15
3.647000 24 52 143.64
3.647000 24 53 156.12
3.647000 24 54 113.66
3.647000 24 55 59.21
3.647000 24 56 15.96
3.647000 24 57 13.66
3.647000 24 58 19.46
3.647000 24 59 39.56
3.647000 24 60 74.35
3.647000 24 61 79.69
3.647000 24 62 73.57
3.647000 24 63 69.66
3.647000 24 64 42.10
3.647000 24 65 10.72
3.647000 24 66 -12.13
3.647000 24 67 -39.89
3.647000 24 68 -26.67
3.647000 24 69 -23.36
3.647000 24 70 17.31
3.647000 24 71 42.23
3.647000 24 72 52.89
3.647000 24 73 43.11
3.647000 24 74 60.76
3.647000 24 75 51.71
3.647000 24 76 59.29
3.647000 24 77 62.35
3.647000 24 78 24.69
3.647000 24 79 29.55
3.647000 24 80 44.27
3.647000 24 81 37.20
3.647000 24 82 31.28
3.647000 24 83 20.65
3.647000 24 84 37.39
3.647000 24 85 52.86
3.647000 24 86 76.49
3.647000 24 87 92.42
3.647000 24 88 102.37
3.647000 24 89 103.38
3.647000 24 90 91.40
3.647000 24 91 84.15
3.647000 24 92 97.01
3.647000 24 93 103.74
3.647000 24 94 102.75
3.647000 24 95 101.29
3.647000 24 96 66.56
3.647000 24 97 46.36
3.647000 24 98 51.02
3.647000 24 99 59.95
3.647000 24 100 87.94
3.647000 24 101 95.81
3.647000 24 102 37.12
3.647000 24 103 22.74
3.647000 24 104  7.83
3.647000 24 105 20.49
3.647000 24 106 36.31
3.647000 24 107 66.72
3.647000 24 108 102.41
3.647000 24 109 118.86
3.647000 24 110 138.79
3.647000 24 111 151.91
3.647000 24 112 122.52
3.647000 24 113 154.07
3.647000 24 114 144.48
3.647000 24 115 146.64
3.647000 24 116 119.41
3.647000 24 117 81.39
3.647000 24 118 50.92
3.647000 24 119 41.39
3.647000 24 120 34.73
3.647000 24 121 -6.43
3.647000 24 122 -2.95
3.647000 24 123 27.03
3.647000 24 124 35.45
3.647000 24 125 56.85
3.647000 24 126 68.95
3.647000 24 127 84.33
3.647000 24 128 129.22
3.647000 24 129 151.57
3.647000 24 130 197.09
3.647000 24 131 197.68
3.647000 24 132 233.67
3.647000 24 133 232.13
3.647000 24 134 210.73
3.647000 24 135 216.21
3.647000 24 136 209.27
3.647000 24 137 238.17
3.647000 24 138 286.66
3.647000 24 139 319.14
3.647000 24 140 321.35
3.647000 24 141 312.81
3.647000 24 142 308.41
3.647000 24 143 314.01
3.647000 24 144 281.01
3.647000 24 145 255.08
3.647000 24 146 224.99
3.647000 24 147 224.71
3.647000 24 148 237.98
3.647000 24 149 235.13
3.647000 24 150 226.37
3.647000 24 151 220.24
3.647000 24 152 211.64
3.647000 24 153 198.84
3.647000 24 154 169.43
3.647000 24 155 140.91
3.647000 24 156 138.18
3.647000 24 157 161.06
3.647000 24 158 163.44
3.647000 24 159 175.33
3.647000 24 160 184.23
3.647000 24 161 180.18
3.647000 24 162 184.68
3.647000 24 163 181.37
3.647000 24 164 169.17
3.647000 24 165 172.08
3.647000 24 166 153.14
3.647000 24 167 137.89
3.647000 24 168 146.94
3.647000 24 169 168.27
3.647000 24 170 211.74
3.647000 24 171 260.63
3.647000 24 172 278.37
3.647000 24 173 307.25
3.647000 24 174 325.69
3.647000 24 175 344.54
3.647000 24 176 349.93
3.647000 24 177 367.85
3.647000 24 178 397.99
3.647000 24 179 382.64
3.647000 24 180 346.61
3.647000 24 181 270.87
3.647000 24 182 197.43
3.647000 24 183 161.62
3.647000 24 184 166.83
3.647000 24 185 163.89
3.647000 24 186 146.75
3.647000 24 187 138.68
3.647000 24 188 147.13
3.647000 24 189 163.03
3.647000 24 190 181.46
3.647000 24 191 174.51
3.647000 24 192 162.01
3.647000 24 193 172.58
3.647000 24 194 164.63
3.647000 24 195 169.12
3.647000 24 196 176.32
3.647000 24 197 170.00
3.647000 24 198 171.60
3.647000 24 199 183.39
