3.620000 64 0 49733.67
3.620000 64 1 38423.48
3.620000 64 2 29941.30
3.620000 64 3 23570.00
3.620000 64 4 18540.04
3.620000 64 5 14409.50
3.620000 64 6 11133.63
3.620000 64 7 8717.01
3.620000 64 8 6837.00
3.620000 64 9 5703.17
3.620000 64 10 4630.66
3.620000 64 11 3559.09
3.620000 64 12 2809.73
3.620000 64 13 2266.50
3.620000 64 14 2237.43
3.620000 64 15 1914.45
3.620000 64 16 1391.59
3.620000 64 17 1130.39
3.620000 64 18 740.68
3.620000 64 19 25.81
3.620000 64 20 -345.02
3.620000 64 21 -115.20
3.620000 64 22 -21.48
3.620000 64 23 -99.31
3.620000 64 24 -149.51
3.620000 64 25 -79.41
3.620000 64 26 59.24
3.620000 64 27 -21.63
3.620000 64 28 -320.12
3.620000 64 29 -450.87
3.620000 64 30 -579.86
3.620000 64 31 -971.59
3.620000 64 32 -1431.78
3.620000 64 33 -1800.04
3.620000 64 34 -2325.38
3.620000 64 35 -2393.91
3.620000 64 36 -2506.65
3.620000 64 37 -2681.68
3.620000 64 38 -2572.25
3.620000 64 39 -2702.07
3.620000 64 40 -2534.45
3.620000 64 41 -2639.15
3.620000 64 42 -2178.89
3.620000 64 43 -1897.54
3.620000 64 44 -1697.83
3.620000 64 45 -1851.53
3.620000 64 46 -1804.58
3.620000 64 47 -1680.74
3.620000 64 48 -1688.96
3.620000 64 49 -1340.73
3.620000 64 50 -1130.56
3.620000 64 51 -1254.37
3.620000 64 52 -1832.68
3.620000 64 53 -1975.94
3.620000 64 54 -2331.13
3.620000 64 55 -2711.03
3.620000 64 56 -2957.42
3.620000 64 57 -3069.40
3.620000 64 58 -3543.75
3.620000 64 59 -3759.95
3.620000 64 60 -3814.13
3.620000 64 61 -3404.30
3.620000 64 62 -3105.14
3.620000 64 63 -2903.74
3.620000 64 64 -2528.09
3.620000 64 65 -2262.70
3.620000 64 66 -2355.98
3.620000 64 67 -2229.33
3.620000 64 68 -2067.36
3.620000 64 69 -2320.44
3.620000 64 70 -2536.99
3.620000 64 71 -3008.10
3.620000 64 72 -3294.46
3.620000 64 73 -3377.04
3.620000 64 74 -3494.67
3.620000 64 75 -3551.33
3.620000 64 76 -3646.64
3.620000 64 77 -3889.43
3.620000 64 78 -4132.94
3.620000 64 79 -4483.61
3.620000 64 80 -4517.09
3.620000 64 81 -4609.01
3.620000 64 82 -4579.54
3.620000 64 83 -4423.54
3.620000 64 84 -4324.73
3.620000 64 85 -4248.44
3.620000 64 86 -3979.41
3.620000 64 87 -4018.67
3.620000 64 88 -4021.59
3.620000 64 89 -3975.05
3.620000 64 90 -3932.19
3.620000 64 91 -4067.05
3.620000 64 92 -3762.57
3.620000 64 93 -3166.48
3.620000 64 94 -2984.57
3.620000 64 95 -2735.50
3.620000 64 96 -2318.78
3.620000 64 97 -2752.36
3.620000 64 98 -3261.18
3.620000 64 99 -3619.05
3.620000 64 100 -3857.99
3.620000 64 101 -3658.69
3.620000 64 102 -3806.95
3.620000 64 103 -3980.50
3.620000 64 104 -4073.80
3.620000 64 105 -4659.09
3.620000 64 106 -4869.85
3.620000 64 107 -5087.54
3.620000 64 108 -4990.88
3.620000 64 109 -4640.88
3.620000 64 110 -4356.21
3.620000 64 111 -3937.66
3.620000 64 112 -3688.11
3.620000 64 113 -3392.68
3.620000 64 114 -2918.68
3.620000 64 115 -2676.30
3.620000 64 116 -2510.98
3.620000 64 117 -2170.16
3.620000 64 118 -2070.91
3.620000 64 119 -1722.54
3.620000 64 120 -1762.50
3.620000 64 121 -1505.02
3.620000 64 122 -1138.08
3.620000 64 123 -758.22
3.620000 64 124 -603.63
3.620000 64 125 -497.49
3.620000 64 126 -350.02
3.620000 64 127 -161.86
3.620000 64 128 -199.18
3.620000 64 129 54.77
3.620000 64 130 164.04
3.620000 64 131 478.18
3.620000 64 132 632.34
3.620000 64 133 1079.49
3.620000 64 134 1004.18
3.620000 64 135 1307.23
3.620000 64 136 1661.59
3.620000 64 137 1930.09
3.620000 64 138 1848.12
3.620000 64 139 1894.90
3.620000 64 140 1826.91
3.620000 64 141 1602.81
3.620000 64 142 1550.43
3.620000 64 143 1581.71
3.620000 64 144 1897.70
3.620000 64 145 2249.74
3.620000 64 146 2376.47
3.620000 64 147 2571.33
3.620000 64 148 2470.84
3.620000 64 149 2949.53
3.620000 64 150 3135.20
3.620000 64 151 3297.57
3.620000 64 152 3433.45
3.620000 64 153 3332.54
3.620000 64 154 3016.39
3.620000 64 155 3143.41
3.620000 64 156 2950.87
3.620000 64 157 3106.03
3.620000 64 158 3300.28
3.620000 64 159 3343.66
3.620000 64 160 3070.97
3.620000 64 161 2545.84
3.620000 64 162 2297.04
3.620000 64 163 2150.97
3.620000 64 164 1630.61
3.620000 64 165 1082.38
3.620000 64 166 582.95
3.620000 64 167 518.89
3.620000 64 168 644.60
3.620000 64 169 920.71
3.620000 64 170 1039.07
3.620000 64 171 1222.89
3.620000 64 172 1305.32
3.620000 64 173 1815.63
3.620000 64 174 2459.57
3.620000 64 175 2892.62
3.620000 64 176 3381.47
3.620000 64 177 4044.10
3.620000 64 178 4563.46
3.620000 64 179 5236.39
3.620000 64 180 5543.32
3.620000 64 181 5817.58
3.620000 64 182 6330.79
3.620000 64 183 6260.54
3.620000 64 184 5987.98
3.620000 64 185 5407.07
3.620000 64 186 5569.56
3.620000 64 187 6018.03
3.620000 64 188 6360.71
3.620000 64 189 6428.01
3.620000 64 190 6113.69
3.620000 64 191 6064.15
3.620000 64 192 5588.22
3.620000 64 193 5193.96
3.620000 64 194 4727.12
3.620000 64 195 4287.13
3.620000 64 196 4109.08
3.620000 64 197 4021.49
3.620000 64 198 4160.94
3.620000 64 199 4301.72
