3.630000 48 0 27488.53
3.630000 48 1 21373.75
3.630000 48 2 16860.13
3.630000 48 3 13457.26
3.630000 48 4 11065.52
3.630000 48 5 9089.19
3.630000 48 6 7773.36
3.630000 48 7 6729.00
3.630000 48 8 5718.74
3.630000 48 9 4804.08
3.630000 48 10 3752.92
3.630000 48 11 3159.72
3.630000 48 12 2461.97
3.630000 48 13 1874.25
3.630000 48 14 1230.52
3.630000 48 15 624.74
3.630000 48 16 512.78
3.630000 48 17 593.10
3.630000 48 18 421.04
3.630000 48 19 238.34
3.630000 48 20 193.80
3.630000 48 21 296.78
3.630000 48 22 219.22
3.630000 48 23 129.20
3.630000 48 24 341.02
3.630000 48 25 300.22
3.630000 48 26 393.16
3.630000 48 27 448.12
3.630000 48 28 614.84
3.630000 48 29 937.77
3.630000 48 30 1362.64
3.630000 48 31 1499.41
3.630000 48 32 1801.64
3.630000 48 33 2020.27
3.630000 48 34 2064.88
3.630000 48 35 2083.23
3.630000 48 36 2127.94
3.630000 48 37 2038.46
3.630000 48 38 2106.19
3.630000 48 39 1854.70
3.630000 48 40 1758.35
3.630000 48 41 1625.47
3.630000 48 42 1328.00
3.630000 48 43 1281.09
3.630000 48 44 1143.48
3.630000 48 45 855.36
3.630000 48 46 711.20
3.630000 48 47 724.18
3.630000 48 48 516.73
3.630000 48 49 304.70
3.630000 48 50 204.26
3.630000 48 51 40.68
3.630000 48 52 137.20
3.630000 48 53 256.99
3.630000 48 54 499.66
3.630000 48 55 750.27
3.630000 48 56 976.19
3.630000 48 57 1064.98
3.630000 48 58 925.73
3.630000 48 59 774.31
3.630000 48 60 639.49
3.630000 48 61 575.60
3.630000 48 62 569.52
3.630000 48 63 880.04
3.630000 48 64 1191.11
3.630000 48 65 1367.27
3.630000 48 66 1531.83
3.630000 48 67 1717.20
3.630000 48 68 1823.81
3.630000 48 69 1826.16
3.630000 48 70 1838.72
3.630000 48 71 1750.52
3.630000 48 72 1511.05
3.630000 48 73 1303.00
3.630000 48 74 1118.72
3.630000 48 75 909.09
3.630000 48 76 864.93
3.630000 48 77 881.27
3.630000 48 78 964.14
3.630000 48 79 866.47
3.630000 48 80 811.15
3.630000 48 81 1052.05
3.630000 48 82 1400.53
3.630000 48 83 1703.98
3.630000 48 84 1967.03
3.630000 48 85 2122.22
3.630000 48 86 1912.93
3.630000 48 87 1644.41
3.630000 48 88 1566.48
3.630000 48 89 1471.47
3.630000 48 90 1408.19
3.630000 48 91 1253.81
3.630000 48 92 1305.41
3.630000 48 93 1266.83
3.630000 48 94 1365.50
3.630000 48 95 1465.73
3.630000 48 96 1543.25
3.630000 48 97 1563.98
3.630000 48 98 1427.29
3.630000 48 99 1535.60
3.630000 48 100 1424.95
3.630000 48 101 1396.75
3.630000 48 102 1212.14
3.630000 48 103 1127.14
3.630000 48 104 993.10
3.630000 48 105 878.27
3.630000 48 106 670.45
3.630000 48 107 548.26
3.630000 48 108 574.56
3.630000 48 109 659.48
3.630000 48 110 617.50
3.630000 48 111 718.70
3.630000 48 112 712.61
3.630000 48 113 703.21
3.630000 48 114 762.99
3.630000 48 115 562.21
3.630000 48 116 441.46
3.630000 48 117 584.53
3.630000 48 118 551.77
3.630000 48 119 431.02
3.630000 48 120 410.04
3.630000 48 121 328.59
3.630000 48 122 119.95
3.630000 48 123 -96.41
3.630000 48 124 -185.65
3.630000 48 125 -365.58
3.630000 48 126 -594.72
3.630000 48 127 -693.21
3.630000 48 128 -670.81
3.630000 48 129 -928.35
3.630000 48 130 -1322.76
3.630000 48 131 -1668.65
3.630000 48 132 -1885.78
3.630000 48 133 -2138.60
3.630000 48 134 -2352.61
3.630000 48 135 -2504.16
3.630000 48 136 -2611.18
3.630000 48 137 -2671.80
3.630000 48 138 -2824.61
3.630000 48 139 -2920.31
3.630000 48 140 -3016.70
3.630000 48 141 -3011.00
3.630000 48 142 -3191.15
3.630000 48 143 -3307.30
3.630000 48 144 -3262.66
3.630000 48 145 -3151.73
3.630000 48 146 -3149.25
3.630000 48 147 -3408.10
3.630000 48 148 -3404.56
3.630000 48 149 -3448.61
3.630000 48 150 -3528.69
3.630000 48 151 -3616.90
3.630000 48 152 -3577.88
3.630000 48 153 -3561.45
3.630000 48 154 -3479.25
3.630000 48 155 -3535.56
3.630000 48 156 -3614.57
3.630000 48 157 -3835.30
3.630000 48 158 -3776.28
3.630000 48 159 -3847.23
3.630000 48 160 -4032.97
3.630000 48 161 -4197.70
3.630000 48 162 -4247.24
3.630000 48 163 -4193.89
3.630000 48 164 -3959.90
3.630000 48 165 -3861.35
3.630000 48 166 -3848.21
3.630000 48 167 -3772.87
3.630000 48 168 -3691.87
3.630000 48 169 -3542.96
3.630000 48 170 -3465.23
3.630000 48 171 -3709.46
3.630000 48 172 -3743.49
3.630000 48 173 -3821.22
3.630000 48 174 -3908.90
3.630000 48 175 -3943.48
3.630000 48 176 -4053.01
3.630000 48 177 -3974.76
3.630000 48 178 -3800.64
3.630000 48 179 -3702.91
3.630000 48 180 -3613.44
3.630000 48 181 -3286.34
3.630000 48 182 -3149.27
3.630000 48 183 -3056.78
3.630000 48 184 -3071.35
3.630000 48 185 -3018.02
3.630000 48 186 -2953.08
3.630000 48 187 -3061.32
3.630000 48 188 -3101.24
3.630000 48 189 -3241.85
3.630000 48 190 -3347.64
3.630000 48 191 -3441.09
3.630000 48 192 -3733.49
3.630000 48 193 -4006.37
3.630000 48 194 -4056.03
3.630000 48 195 -4064.81
3.630000 48 196 -3934.41
3.630000 48 197 -3894.15
3.630000 48 198 -3937.01
3.630000 48 199 -4035.25
