3.639000 96 0 292604.18
3.639000 96 1 245738.02
3.639000 96 2 208979.13
3.639000 96 3 178681.70
3.639000 96 4 153693.17
3.639000 96 5 133187.54
3.639000 96 6 115545.02
3.639000 96 7 101240.67
3.639000 96 8 89220.67
3.639000 96 9 78600.09
3.639000 96 10 69118.85
3.639000 96 11 60948.94
3.639000 96 12 54238.09
3.639000 96 13 48211.15
3.639000 96 14 42554.59
3.639000 96 15 37462.88
3.639000 96 16 32844.60
3.639000 96 17 28934.80
3.639000 96 18 25488.93
3.639000 96 19 22257.97
3.639000 96 20 19546.56
3.639000 96 21 16814.99
3.639000 96 22 14351.90
3.639000 96 23 11850.24
3.639000 96 24 10020.86
3.639000 96 25 8751.98
3.639000 96 26 7726.46
3.639000 96 27 7337.31
3.639000 96 28 6896.18
3.639000 96 29 6174.54
3.639000 96 30 5388.98
3.639000 96 31 4342.86
3.639000 96 32 3181.68
3.639000 96 33 1823.78
3.639000 96 34 617.83
3.639000 96 35 -122.07
3.639000 96 36 -673.25
3.639000 96 37 -1019.39
3.639000 96 38 -1746.06
3.639000 96 39 -2353.46
3.639000 96 40 -2950.72
3.639000 96 41 -2968.81
3.639000 96 42 -3219.77
3.639000 96 43 -3476.94
3.639000 96 44 -3619.21
3.639000 96 45 -3789.40
3.639000 96 46 -3320.15
3.639000 96 47 -3019.30
3.639000 96 48 -2354.01
3.639000 96 49 -1203.25
3.639000 96 50 -503.47
3.639000 96 51 775.41
3.639000 96 52 1726.12
3.639000 96 53 2477.88
3.639000 96 54 2876.98
3.639000 96 55 3047.77
3.639000 96 56 2792.36
3.639000 96 57 2806.80
3.639000 96 58 3056.60
3.639000 96 59 3327.73
3.639000 96 60 3509.03
3.639000 96 61 3988.77
3.639000 96 62 4422.95
3.639000 96 63 4823.99
3.639000 96 64 4971.33
3.639000 96 65 5167.87
3.639000 96 66 5144.66
3.639000 96 67 5068.67
3.639000 96 68 4744.13
3.639000 96 69 5034.30
3.639000 96 70 4714.89
3.639000 96 71 4952.02
3.639000 96 72 5214.73
3.639000 96 73 5634.77
3.639000 96 74 5907.57
3.639000 96 75 5862.57
3.639000 96 76 5838.10
3.639000 96 77 5751.11
3.639000 96 78 6280.93
3.639000 96 79 6542.50
3.639000 96 80 6964.55
3.639000 96 81 7470.05
3.639000 96 82 6983.90
3.639000 96 83 7152.92
3.639000 96 84 6763.70
3.639000 96 85 6506.78
3.639000 96 86 6184.61
3.639000 96 87 6131.65
3.639000 96 88 5961.52
3.639000 96 89 6230.96
3.639000 96 90 6709.88
3.639000 96 91 7029.50
3.639000 96 92 6867.08
3.639000 96 93 6879.86
3.639000 96 94 7108.76
3.639000 96 95 7399.67
3.639000 96 96 7253.83
3.639000 96 97 6700.84
3.639000 96 98 6099.62
3.639000 96 99 5719.42
3.639000 96 100 5514.90
3.639000 96 101 5447.95
3.639000 96 102 5121.86
3.639000 96 103 5115.92
3.639000 96 104 5493.17
3.639000 96 105 6159.53
3.639000 96 106 6344.84
3.639000 96 107 6284.05
3.639000 96 108 5900.30
3.639000 96 109 6057.46
3.639000 96 110 5743.96
3.639000 96 111 5382.21
3.639000 96 112 4816.04
3.639000 96 113 4134.02
3.639000 96 114 3516.76
3.639000 96 115 2853.47
3.639000 96 116 2199.99
3.639000 96 117 1490.28
3.639000 96 118 716.72
3.639000 96 119 523.11
3.639000 96 120 441.46
3.639000 96 121 442.12
3.639000 96 122 -131.23
3.639000 96 123 -900.33
3.639000 96 124 -1130.10
3.639000 96 125 -1120.28
3.639000 96 126 -860.81
3.639000 96 127 -846.14
3.639000 96 128 -698.34
3.639000 96 129 -415.19
3.639000 96 130 87.33
3.639000 96 131 1131.64
3.639000 96 132 1508.51
3.639000 96 133 1929.61
3.639000 96 134 2213.51
3.639000 96 135 2426.98
3.639000 96 136 2244.78
3.639000 96 137 2433.17
3.639000 96 138 2818.83
3.639000 96 139 3225.65
3.639000 96 140 3262.32
3.639000 96 141 3039.50
3.639000 96 142 3039.19
3.639000 96 143 2995.70
3.639000 96 144 3362.04
3.639000 96 145 3567.38
3.639000 96 146 3765.27
3.639000 96 147 3199.42
3.639000 96 148 2886.73
3.639000 96 149 2964.17
3.639000 96 150 2228.83
3.639000 96 151 1685.23
3.639000 96 152 976.57
3.639000 96 153 424.05
3.639000 96 154 131.75
3.639000 96 155 62.17
3.639000 96 156 -135.00
3.639000 96 157 -478.22
3.639000 96 158 -879.26
3.639000 96 159 -1453.14
3.639000 96 160 -1777.12
3.639000 96 161 -1326.72
3.639000 96 162 -807.23
3.639000 96 163 -499.87
3.639000 96 164 -575.94
3.639000 96 165 -778.89
3.639000 96 166 -848.05
3.639000 96 167 -281.43
3.639000 96 168 276.97
3.639000 96 169 812.59
3.639000 96 170 1466.81
3.639000 96 171 2115.22
3.639000 96 172 1762.96
3.639000 96 173 1957.13
3.639000 96 174 1993.97
3.639000 96 175 2442.52
3.639000 96 176 1884.59
3.639000 96 177 1713.75
3.639000 96 178 1559.80
3.639000 96 179 1096.05
3.639000 96 180 342.74
3.639000 96 181 -708.85
3.639000 96 182 -1710.04
3.639000 96 183 -2210.47
3.639000 96 184 -2505.57
3.639000 96 185 -2912.39
3.639000 96 186 -3423.57
3.639000 96 187 -3707.14
3.639000 96 188 -3451.08
3.639000 96 189 -3020.77
3.639000 96 190 -2661.47
3.639000 96 191 -2271.77
3.639000 96 192 -1963.55
3.639000 96 193 -1548.76
3.639000 96 194 -822.29
3.639000 96 195 -400.95
3.639000 96 196 194.70
3.639000 96 197 702.67
3.639000 96 198 974.70
3.639000 96 199 581.04
