3.647000 128 0 274786.98
3.647000 128 1 240723.50
3.647000 128 2 212218.55
3.647000 128 3 188518.10
3.647000 128 4 167394.92
3.647000 128 5 147316.20
3.647000 128 6 128496.25
3.647000 128 7 112119.21
3.647000 128 8 98033.00
3.647000 128 9 85385.85
3.647000 128 10 73588.93
3.647000 128 11 61621.22
3.647000 128 12 51031.33
3.647000 128 13 41005.31
3.647000 128 14 30949.58
3.647000 128 15 20773.28
3.647000 128 16 10923.70
3.647000 128 17 4970.49
3.647000 128 18 -1083.11
3.647000 128 19 -7315.23
3.647000 128 20 -13204.11
3.647000 128 21 -18517.67
3.647000 128 22 -25129.89
3.647000 128 23 -32026.95
3.647000 128 24 -36132.96
3.647000 128 25 -38041.60
3.647000 128 26 -41483.39
3.647000 128 27 -44683.40
3.647000 128 28 -47460.23
3.647000 128 29 -49801.17
3.647000 128 30 -51520.81
3.647000 128 31 -53519.82
3.647000 128 32 -54797.51
3.647000 128 33 -56794.61
3.647000 128 34 -60281.12
3.647000 128 35 -63681.71
3.647000 128 36 -65253.32
3.647000 128 37 -66286.41
3.647000 128 38 -67775.17
3.647000 128 39 -69369.89
3.647000 128 40 -69870.50
3.647000 128 41 -69927.01
3.647000 128 42 -68470.76
3.647000 128 43 -65175.07
3.647000 128 44 -64415.01
3.647000 128 45 -62709.48
3.647000 128 46 -61948.83
3.647000 128 47 -58798.20
3.647000 128 48 -56839.73
3.647000 128 49 -56266.67
3.647000 128 50 -56073.84
3.647000 128 51 -55990.57
3.647000 128 52 -55557.05
3.647000 128 53 -52559.00
3.647000 128 54 -52528.73
3.647000 128 55 -52480.26
3.647000 128 56 -53154.37
3.647000 128 57 -54726.06
3.647000 128 58 -57272.28
3.647000 128 59 -58690.00
3.647000 128 60 -60809.95
3.647000 128 61 -62150.29
3.647000 128 62 -63597.78
3.647000 128 63 -64821.56
3.647000 128 64 -64841.81
3.647000 128 65 -65593.17
3.647000 128 66 -66928.95
3.647000 128 67 -67956.66
3.647000 128 68 -70554.15
3.647000 128 69 -72762.19
3.647000 128 70 -74910.95
3.647000 128 71 -75908.53
3.647000 128 72 -75819.33
3.647000 128 73 -75690.58
3.647000 128 74 -76052.38
3.647000 128 75 -77185.97
3.647000 128 76 -78798.52
3.647000 128 77 -79870.89
3.647000 128 78 -78320.45
3.647000 128 79 -75404.13
3.647000 128 80 -72145.90
3.647000 128 81 -69435.62
3.647000 128 82 -67291.84
3.647000 128 83 -66825.19
3.647000 128 84 -65978.45
3.647000 128 85 -67427.89
3.647000 128 86 -69001.86
3.647000 128 87 -70537.53
3.647000 128 88 -72968.58
3.647000 128 89 -75341.04
3.647000 128 90 -78063.12
3.647000 128 91 -77951.55
3.647000 128 92 -78555.24
3.647000 128 93 -79380.86
3.647000 128 94 -80622.20
3.647000 128 95 -80562.56
3.647000 128 96 -80438.38
3.647000 128 97 -80012.06
3.647000 128 98 -79007.03
3.647000 128 99 -79717.07
3.647000 128 100 -79257.55
3.647000 128 101 -78010.92
3.647000 128 102 -77216.22
3.647000 128 103 -76291.07
3.647000 128 104 -74232.79
3.647000 128 105 -71702.17
3.647000 128 106 -68914.72
3.647000 128 107 -67394.87
3.647000 128 108 -66704.03
3.647000 128 109 -66650.62
3.647000 128 110 -66215.17
3.647000 128 111 -65788.47
3.647000 128 112 -65177.21
3.647000 128 113 -66020.97
3.647000 128 114 -66821.80
3.647000 128 115 -68595.29
3.647000 128 116 -69308.34
3.647000 128 117 -70189.48
3.647000 128 118 -71107.80
3.647000 128 119 -72939.85
3.647000 128 120 -75636.96
3.647000 128 121 -77545.93
3.647000 128 122 -80464.49
3.647000 128 123 -80322.88
3.647000 128 124 -81535.44
3.647000 128 125 -82069.99
3.647000 128 126 -82834.34
3.647000 128 127 -82550.44
3.647000 128 128 -83255.45
3.647000 128 129 -83028.10
3.647000 128 130 -83791.40
3.647000 128 131 -84044.59
3.647000 128 132 -83950.24
3.647000 128 133 -85436.50
3.647000 128 134 -84173.13
3.647000 128 135 -81382.55
3.647000 128 136 -78678.65
3.647000 128 137 -75823.78
3.647000 128 138 -72321.17
3.647000 128 139 -69897.75
3.647000 128 140 -68096.99
3.647000 128 141 -65614.72
3.647000 128 142 -62418.49
3.647000 128 143 -58232.39
3.647000 128 144 -56083.68
3.647000 128 145 -54007.61
3.647000 128 146 -54373.33
3.647000 128 147 -52783.24
3.647000 128 148 -51683.62
3.647000 128 149 -51537.49
3.647000 128 150 -51282.98
3.647000 128 151 -52048.00
3.647000 128 152 -51773.95
3.647000 128 153 -53599.59
3.647000 128 154 -54594.37
3.647000 128 155 -55944.68
3.647000 128 156 -57164.12
3.647000 128 157 -56649.18
3.647000 128 158 -57473.46
3.647000 128 159 -57028.31
3.647000 128 160 -55262.84
3.647000 128 161 -54619.14
3.647000 128 162 -54395.08
3.647000 128 163 -54585.06
3.647000 128 164 -54443.57
3.647000 128 165 -54437.19
3.647000 128 166 -54981.71
3.647000 128 167 -55275.65
3.647000 128 168 -55289.03
3.647000 128 169 -55932.30
3.647000 128 170 -57551.21
3.647000 128 171 -60603.33
3.647000 128 172 -64274.30
3.647000 128 173 -66141.77
3.647000 128 174 -66619.45
3.647000 128 175 -66563.32
3.647000 128 176 -66299.70
3.647000 128 177 -66767.84
3.647000 128 178 -65239.89
3.647000 128 179 -63462.74
3.647000 128 180 -62616.79
3.647000 128 181 -61935.85
3.647000 128 182 -62457.21
3.647000 128 183 -63269.98
3.647000 128 184 -64130.92
3.647000 128 185 -64244.25
3.647000 128 186 -64195.92
3.647000 128 187 -64863.73
3.647000 128 188 -67164.60
3.647000 128 189 -68855.28
3.647000 128 190 -72128.68
3.647000 128 191 -75400.83
3.647000 128 192 -78324.37
3.647000 128 193 -81575.19
3.647000 128 194 -83788.40
3.647000 128 195 -84651.51
3.647000 128 196 -83809.19
3.647000 128 197 -82759.87
3.647000 128 198 -82493.64
3.647000 128 199 -80772.46
