3.635000 128 0 535479.30
3.635000 128 1 451904.41
3.635000 128 2 385592.68
3.635000 128 3 332364.70
3.635000 128 4 287442.68
3.635000 128 5 249752.79
3.635000 128 6 217112.16
3.635000 128 7 188641.97
3.635000 128 8 164565.80
3.635000 128 9 143807.22
3.635000 128 10 125930.76
3.635000 128 11 109973.45
3.635000 128 12 95576.27
3.635000 128 13 83196.52
3.635000 128 14 71788.98
3.635000 128 15 61367.58
3.635000 128 16 52166.53
3.635000 128 17 45017.74
3.635000 128 18 39508.06
3.635000 128 19 34203.66
3.635000 128 20 29852.51
3.635000 128 21 26898.68
3.635000 128 22 24804.32
3.635000 128 23 22796.01
3.635000 128 24 20951.84
3.635000 128 25 17996.21
3.635000 128 26 14913.37
3.635000 128 27 12146.81
3.635000 128 28 9991.42
3.635000 128 29 8437.96
3.635000 128 30 6695.70
3.635000 128 31 5956.18
3.635000 128 32 5418.14
3.635000 128 33 5010.01
3.635000 128 34 3837.60
3.635000 128 35 2154.07
3.635000 128 36 1046.30
3.635000 128 37 -509.98
3.635000 128 38 -1515.11
3.635000 128 39 -2403.39
3.635000 128 40 -3485.76
3.635000 128 41 -4373.71
3.635000 128 42 -5672.60
3.635000 128 43 -6596.73
3.635000 128 44 -7685.37
3.635000 128 45 -8535.79
3.635000 128 46 -9346.17
3.635000 128 47 -9675.05
3.635000 128 48 -10295.33
3.635000 128 49 -11056.49
3.635000 128 50 -11354.20
3.635000 128 51 -12230.77
3.635000 128 52 -13273.08
3.635000 128 53 -15435.87
3.635000 128 54 -17282.59
3.635000 128 55 -18150.36
3.635000 128 56 -18242.71
3.635000 128 57 -17891.29
3.635000 128 58 -18442.86
3.635000 128 59 -19780.98
3.635000 128 60 -19662.74
3.635000 128 61 -18642.82
3.635000 128 62 -17819.82
3.635000 128 63 -17195.42
3.635000 128 64 -16314.96
3.635000 128 65 -16375.58
3.635000 128 66 -16027.21
3.635000 128 67 -16056.51
3.635000 128 68 -16364.29
3.635000 128 69 -15967.63
3.635000 128 70 -15911.29
3.635000 128 71 -16537.15
3.635000 128 72 -17152.81
3.635000 128 73 -16965.02
3.635000 128 74 -16349.84
3.635000 128 75 -15543.93
3.635000 128 76 -14147.04
3.635000 128 77 -13823.21
3.635000 128 78 -13618.49
3.635000 128 79 -13583.27
3.635000 128 80 -13011.00
3.635000 128 81 -13049.41
3.635000 128 82 -12215.27
3.635000 128 83 -10627.10
3.635000 128 84 -9476.61
3.635000 128 85 -8159.35
3.635000 128 86 -6661.31
3.635000 128 87 -5869.50
3.635000 128 88 -4332.90
3.635000 128 89 -3345.39
3.635000 128 90 -2656.28
3.635000 128 91 -2447.88
3.635000 128 92 -2197.72
3.635000 128 93 -1609.80
3.635000 128 94 -1177.31
3.635000 128 95 -727.81
3.635000 128 96 -1511.35
3.635000 128 97 -2879.81
3.635000 128 98 -3156.64
3.635000 128 99 -2829.07
3.635000 128 100 -3500.91
3.635000 128 101 -4043.63
3.635000 128 102 -3837.66
3.635000 128 103 -4289.60
3.635000 128 104 -4853.31
3.635000 128 105 -5442.95
3.635000 128 106 -6673.14
3.635000 128 107 -7569.55
3.635000 128 108 -8449.64
3.635000 128 109 -8311.17
3.635000 128 110 -8933.05
3.635000 128 111 -10414.57
3.635000 128 112 -10800.99
3.635000 128 113 -11185.69
3.635000 128 114 -11017.29
3.635000 128 115 -10661.01
3.635000 128 116 -10691.00
3.635000 128 117 -10967.28
3.635000 128 118 -10782.96
3.635000 128 119 -10959.50
3.635000 128 120 -10798.51
3.635000 128 121 -10353.32
3.635000 128 122 -8903.57
3.635000 128 123 -7938.04
3.635000 128 124 -6730.23
3.635000 128 125 -5733.87
3.635000 128 126 -4291.22
3.635000 128 127 -3917.25
3.635000 128 128 -4461.88
3.635000 128 129 -3968.00
3.635000 128 130 -2646.19
3.635000 128 131 -1530.36
3.635000 128 132 -1463.14
3.635000 128 133 -2271.69
3.635000 128 134 -2592.12
3.635000 128 135 -3434.60
3.635000 128 136 -4078.18
3.635000 128 137 -4975.39
3.635000 128 138 -4486.22
3.635000 128 139 -4115.92
3.635000 128 140 -3406.00
3.635000 128 141 -2907.70
3.635000 128 142 -2598.10
3.635000 128 143 -1608.42
3.635000 128 144 -1181.35
3.635000 128 145 -1476.11
3.635000 128 146 -2296.16
3.635000 128 147 -3497.49
3.635000 128 148 -3740.66
3.635000 128 149 -2874.13
3.635000 128 150 -2300.76
3.635000 128 151 -1490.86
3.635000 128 152 -780.38
3.635000 128 153 -331.41
3.635000 128 154 -855.93
3.635000 128 155 -1629.54
3.635000 128 156 -2411.74
3.635000 128 157 -2604.62
3.635000 128 158 -4060.66
3.635000 128 159 -5313.28
3.635000 128 160 -6139.63
3.635000 128 161 -7114.19
3.635000 128 162 -7594.86
3.635000 128 163 -7893.05
3.635000 128 164 -8070.39
3.635000 128 165 -7655.95
3.635000 128 166 -7383.14
3.635000 128 167 -7515.46
3.635000 128 168 -7741.29
3.635000 128 169 -7392.69
3.635000 128 170 -6640.83
3.635000 128 171 -5650.98
3.635000 128 172 -5573.21
3.635000 128 173 -5708.44
3.635000 128 174 -6140.42
3.635000 128 175 -6421.23
3.635000 128 176 -6928.81
3.635000 128 177 -7151.45
3.635000 128 178 -7743.42
3.635000 128 179 -9272.74
3.635000 128 180 -10454.10
3.635000 128 181 -10992.86
3.635000 128 182 -10990.07
3.635000 128 183 -11451.41
3.635000 128 184 -11611.02
3.635000 128 185 -12278.90
3.635000 128 186 -12291.58
3.635000 128 187 -11890.96
3.635000 128 188 -11248.93
3.635000 128 189 -10254.83
3.635000 128 190 -9928.43
3.635000 128 191 -9183.57
3.635000 128 192 -8903.67
3.635000 128 193 -7935.75
3.635000 128 194 -7371.55
3.635000 128 195 -7053.61
3.635000 128 196 -8148.34
3.635000 128 197 -7832.42
3.635000 128 198 -7590.08
3.635000 128 199 -7123.29
