3.740000 96 0 203989.19
3.740000 96 1 195468.29
3.740000 96 2 187593.44
3.740000 96 3 180282.88
3.740000 96 4 173473.18
3.740000 96 5 167054.46
3.740000 96 6 160936.02
3.740000 96 7 155092.81
3.740000 96 8 149501.87
3.740000 96 9 144227.28
3.740000 96 10 139287.37
3.740000 96 11 134580.84
3.740000 96 12 130199.42
3.740000 96 13 126070.46
3.740000 96 14 122170.17
3.740000 96 15 118262.29
3.740000 96 16 114551.25
3.740000 96 17 110898.38
3.740000 96 18 107443.49
3.740000 96 19 104113.64
3.740000 96 20 100844.97
3.740000 96 21 97754.14
3.740000 96 22 94841.71
3.740000 96 23 92071.08
3.740000 96 24 89431.18
3.740000 96 25 86948.99
3.740000 96 26 84588.08
3.740000 96 27 82279.87
3.740000 96 28 80152.50
3.740000 96 29 78092.08
3.740000 96 30 76110.47
3.740000 96 31 74158.37
3.740000 96 32 72352.23
3.740000 96 33 70767.68
3.740000 96 34 69187.20
3.740000 96 35 67538.77
3.740000 96 36 65923.95
3.740000 96 37 64331.92
3.740000 96 38 62712.08
3.740000 96 39 61126.00
3.740000 96 40 59550.95
3.740000 96 41 57935.09
3.740000 96 42 56469.94
3.740000 96 43 55080.41
3.740000 96 44 53686.33
3.740000 96 45 52327.66
3.740000 96 46 51196.07
3.740000 96 47 50216.12
3.740000 96 48 49302.83
3.740000 96 49 48439.82
3.740000 96 50 47547.51
3.740000 96 51 46719.00
3.740000 96 52 45799.69
3.740000 96 53 44970.41
3.740000 96 54 44065.84
3.740000 96 55 43209.40
3.740000 96 56 42315.86
3.740000 96 57 41463.57
3.740000 96 58 40576.02
3.740000 96 59 39615.73
3.740000 96 60 38766.95
3.740000 96 61 37966.48
3.740000 96 62 37289.55
3.740000 96 63 36686.96
3.740000 96 64 36101.38
3.740000 96 65 35571.44
3.740000 96 66 34894.94
3.740000 96 67 34174.66
3.740000 96 68 33430.86
3.740000 96 69 32903.09
3.740000 96 70 32277.29
3.740000 96 71 31694.04
3.740000 96 72 31071.36
3.740000 96 73 30448.45
3.740000 96 74 29800.33
3.740000 96 75 29146.84
3.740000 96 76 28480.31
3.740000 96 77 27811.55
3.740000 96 78 27179.26
3.740000 96 79 26511.43
3.740000 96 80 25892.44
3.740000 96 81 25259.92
3.740000 96 82 24725.18
3.740000 96 83 24168.55
3.740000 96 84 23674.40
3.740000 96 85 23138.28
3.740000 96 86 22643.43
3.740000 96 87 22296.51
3.740000 96 88 21946.98
3.740000 96 89 21553.86
3.740000 96 90 21219.64
3.740000 96 91 20942.80
3.740000 96 92 20702.25
3.740000 96 93 20470.66
3.740000 96 94 20265.39
3.740000 96 95 20014.81
3.740000 96 96 19873.04
3.740000 96 97 19734.21
3.740000 96 98 19590.88
3.740000 96 99 19440.46
3.740000 96 100 19322.37
3.740000 96 101 19242.85
3.740000 96 102 19221.47
3.740000 96 103 19199.84
3.740000 96 104 19148.27
3.740000 96 105 19130.46
3.740000 96 106 19005.31
3.740000 96 107 18888.83
3.740000 96 108 18755.59
3.740000 96 109 18655.51
3.740000 96 110 18439.17
3.740000 96 111 18174.78
3.740000 96 112 17936.87
3.740000 96 113 17652.63
3.740000 96 114 17414.19
3.740000 96 115 17168.36
3.740000 96 116 17071.01
3.740000 96 117 16993.59
3.740000 96 118 16838.78
3.740000 96 119 16577.75
3.740000 96 120 16386.31
3.740000 96 121 16283.20
3.740000 96 122 16226.56
3.740000 96 123 16242.43
3.740000 96 124 16311.82
3.740000 96 125 16317.69
3.740000 96 126 16294.56
3.740000 96 127 16261.73
3.740000 96 128 16289.39
3.740000 96 129 16341.96
3.740000 96 130 16394.04
3.740000 96 131 16506.07
3.740000 96 132 16480.45
3.740000 96 133 16313.51
3.740000 96 134 16192.31
3.740000 96 135 16082.95
3.740000 96 136 15965.93
3.740000 96 137 15806.46
3.740000 96 138 15656.61
3.740000 96 139 15531.60
3.740000 96 140 15311.78
3.740000 96 141 15004.18
3.740000 96 142 14693.97
3.740000 96 143 14348.13
3.740000 96 144 14026.15
3.740000 96 145 13813.46
3.740000 96 146 13651.45
3.740000 96 147 13642.20
3.740000 96 148 13728.19
3.740000 96 149 13779.69
3.740000 96 150 13848.89
3.740000 96 151 13856.18
3.740000 96 152 13928.64
3.740000 96 153 13892.01
3.740000 96 154 13925.75
3.740000 96 155 14065.63
3.740000 96 156 14262.76
3.740000 96 157 14458.78
3.740000 96 158 14600.36
3.740000 96 159 14703.70
3.740000 96 160 14842.78
3.740000 96 161 14939.21
3.740000 96 162 15035.17
3.740000 96 163 15076.92
3.740000 96 164 15078.05
3.740000 96 165 15029.10
3.740000 96 166 14964.73
3.740000 96 167 14796.82
3.740000 96 168 14631.82
3.740000 96 169 14327.07
3.740000 96 170 14030.43
3.740000 96 171 13705.23
3.740000 96 172 13419.27
3.740000 96 173 13163.32
3.740000 96 174 12932.10
3.740000 96 175 12725.12
3.740000 96 176 12439.84
3.740000 96 177 12194.34
3.740000 96 178 12017.75
3.740000 96 179 11871.70
3.740000 96 180 11652.13
3.740000 96 181 11436.93
3.740000 96 182 11194.33
3.740000 96 183 10983.60
3.740000 96 184 10775.61
3.740000 96 185 10686.76
3.740000 96 186 10605.34
3.740000 96 187 10621.28
3.740000 96 188 10691.53
3.740000 96 189 10809.34
3.740000 96 190 10981.54
3.740000 96 191 11171.29
3.740000 96 192 11306.10
3.740000 96 193 11548.55
3.740000 96 194 11755.37
3.740000 96 195 11912.93
3.740000 96 196 12115.33
3.740000 96 197 12304.15
3.740000 96 198 12476.77
3.740000 96 199 12672.04
