3.645000 64 0 52724.11
3.645000 64 1 43352.01
3.645000 64 2 36271.11
3.645000 64 3 30141.89
3.645000 64 4 24966.77
3.645000 64 5 20622.36
3.645000 64 6 17181.16
3.645000 64 7 14415.08
3.645000 64 8 12314.07
3.645000 64 9 10451.04
3.645000 64 10 8432.51
3.645000 64 11 6398.89
3.645000 64 12 4490.85
3.645000 64 13 2990.71
3.645000 64 14 1666.21
3.645000 64 15 186.61
3.645000 64 16 -753.53
3.645000 64 17 -1624.11
3.645000 64 18 -2277.53
3.645000 64 19 -2675.05
3.645000 64 20 -3415.66
3.645000 64 21 -3687.20
3.645000 64 22 -4397.74
3.645000 64 23 -5197.58
3.645000 64 24 -5702.87
3.645000 64 25 -5872.43
3.645000 64 26 -6166.29
3.645000 64 27 -6137.52
3.645000 64 28 -6191.31
3.645000 64 29 -6267.44
3.645000 64 30 -6576.66
3.645000 64 31 -6936.12
3.645000 64 32 -7074.77
3.645000 64 33 -7175.56
3.645000 64 34 -7107.75
3.645000 64 35 -6961.75
3.645000 64 36 -6674.49
3.645000 64 37 -6697.53
3.645000 64 38 -6341.23
3.645000 64 39 -5883.85
3.645000 64 40 -5432.04
3.645000 64 41 -4697.58
3.645000 64 42 -4418.29
3.645000 64 43 -4154.50
3.645000 64 44 -4012.61
3.645000 64 45 -4061.79
3.645000 64 46 -4163.86
3.645000 64 47 -4462.21
3.645000 64 48 -4439.48
3.645000 64 49 -4266.54
3.645000 64 50 -4015.01
3.645000 64 51 -3938.66
3.645000 64 52 -3997.90
3.645000 64 53 -4023.32
3.645000 64 54 -4051.76
3.645000 64 55 -4154.49
3.645000 64 56 -4026.32
3.645000 64 57 -4028.22
3.645000 64 58 -4227.38
3.645000 64 59 -4592.75
3.645000 64 60 -4638.70
3.645000 64 61 -4483.31
3.645000 64 62 -4584.27
3.645000 64 63 -4659.08
3.645000 64 64 -4971.94
3.645000 64 65 -5003.83
3.645000 64 66 -5113.99
3.645000 64 67 -5417.41
3.645000 64 68 -5622.53
3.645000 64 69 -5657.30
3.645000 64 70 -5492.88
3.645000 64 71 -5239.78
3.645000 64 72 -5175.70
3.645000 64 73 -5139.20
3.645000 64 74 -5237.57
3.645000 64 75 -5228.53
3.645000 64 76 -5437.12
3.645000 64 77 -5230.67
3.645000 64 78 -4860.75
3.645000 64 79 -4248.88
3.645000 64 80 -3585.08
3.645000 64 81 -3050.43
3.645000 64 82 -2642.02
3.645000 64 83 -2297.34
3.645000 64 84 -2138.48
3.645000 64 85 -1816.95
3.645000 64 86 -1590.12
3.645000 64 87 -1248.67
3.645000 64 88 -1034.73
3.645000 64 89 -819.61
3.645000 64 90 -921.49
3.645000 64 91 -999.37
3.645000 64 92 -1137.92
3.645000 64 93 -1342.97
3.645000 64 94 -1516.51
3.645000 64 95 -1575.35
3.645000 64 96 -1766.66
3.645000 64 97 -1889.81
3.645000 64 98 -1809.97
3.645000 64 99 -2060.98
3.645000 64 100 -2356.61
3.645000 64 101 -2640.97
3.645000 64 102 -2852.31
3.645000 64 103 -2973.67
3.645000 64 104 -3330.16
3.645000 64 105 -4058.17
3.645000 64 106 -4468.67
3.645000 64 107 -4689.34
3.645000 64 108 -4628.07
3.645000 64 109 -4855.74
3.645000 64 110 -5176.85
3.645000 64 111 -5465.46
3.645000 64 112 -5664.14
3.645000 64 113 -5507.78
3.645000 64 114 -5529.12
3.645000 64 115 -5589.46
3.645000 64 116 -5758.87
3.645000 64 117 -5853.80
3.645000 64 118 -5906.44
3.645000 64 119 -6164.40
3.645000 64 120 -5931.83
3.645000 64 121 -5774.64
3.645000 64 122 -6198.91
3.645000 64 123 -6219.09
3.645000 64 124 -6076.56
3.645000 64 125 -6152.21
3.645000 64 126 -6003.92
3.645000 64 127 -6264.02
3.645000 64 128 -6400.19
3.645000 64 129 -6801.62
3.645000 64 130 -6909.18
3.645000 64 131 -7230.44
3.645000 64 132 -7165.95
3.645000 64 133 -6854.42
3.645000 64 134 -6631.52
3.645000 64 135 -6454.57
3.645000 64 136 -6533.52
3.645000 64 137 -6520.25
3.645000 64 138 -6459.12
3.645000 64 139 -6413.99
3.645000 64 140 -6286.07
3.645000 64 141 -6008.29
3.645000 64 142 -6140.23
3.645000 64 143 -6155.68
3.645000 64 144 -6460.83
3.645000 64 145 -6757.39
3.645000 64 146 -6766.13
3.645000 64 147 -6478.65
3.645000 64 148 -6259.16
3.645000 64 149 -6120.09
3.645000 64 150 -5813.24
3.645000 64 151 -5459.87
3.645000 64 152 -5476.93
3.645000 64 153 -5382.84
3.645000 64 154 -5581.53
3.645000 64 155 -6164.54
3.645000 64 156 -6269.67
3.645000 64 157 -6376.47
3.645000 64 158 -6373.99
3.645000 64 159 -6344.38
3.645000 64 160 -6013.78
3.645000 64 161 -5668.74
3.645000 64 162 -5319.66
3.645000 64 163 -5108.50
3.645000 64 164 -5049.85
3.645000 64 165 -5126.24
3.645000 64 166 -4925.95
3.645000 64 167 -4631.88
3.645000 64 168 -4373.54
3.645000 64 169 -4450.18
3.645000 64 170 -4331.54
3.645000 64 171 -4010.60
3.645000 64 172 -4119.79
3.645000 64 173 -4303.58
3.645000 64 174 -4284.44
3.645000 64 175 -4770.80
3.645000 64 176 -5102.38
3.645000 64 177 -5004.21
3.645000 64 178 -4763.04
3.645000 64 179 -4557.22
3.645000 64 180 -4701.62
3.645000 64 181 -4780.09
3.645000 64 182 -4712.37
3.645000 64 183 -4759.58
3.645000 64 184 -4859.44
3.645000 64 185 -4687.39
3.645000 64 186 -4765.24
3.645000 64 187 -4689.43
3.645000 64 188 -4678.99
3.645000 64 189 -4630.26
3.645000 64 190 -4769.34
3.645000 64 191 -5061.30
3.645000 64 192 -5068.56
3.645000 64 193 -5379.35
3.645000 64 194 -5852.70
3.645000 64 195 -6347.46
3.645000 64 196 -6751.82
3.645000 64 197 -7030.00
3.645000 64 198 -6924.43
3.645000 64 199 -6386.18
