2.295000 32 0 10176.64
2.295000 32 1 7924.00
2.295000 32 2 6343.32
2.295000 32 3 5112.46
2.295000 32 4 4161.15
2.295000 32 5 3345.25
2.295000 32 6 2779.92
2.295000 32 7 2341.16
2.295000 32 8 1886.23
2.295000 32 9 1560.44
2.295000 32 10 1238.29
2.295000 32 11 980.16
2.295000 32 12 783.09
2.295000 32 13 658.65
2.295000 32 14 545.54
2.295000 32 15 435.50
2.295000 32 16 364.96
2.295000 32 17 315.62
2.295000 32 18 236.94
2.295000 32 19 138.57
2.295000 32 20 74.29
2.295000 32 21 71.82
2.295000 32 22 -20.76
2.295000 32 23  0.62
2.295000 32 24 11.73
2.295000 32 25 -16.19
2.295000 32 26 -37.64
2.295000 32 27 -74.69
2.295000 32 28 -98.34
2.295000 32 29 -106.17
2.295000 32 30 -38.24
2.295000 32 31 13.08
2.295000 32 32 33.34
2.295000 32 33 38.04
2.295000 32 34 -29.45
2.295000 32 35 -61.27
2.295000 32 36 -56.93
2.295000 32 37 -48.97
2.295000 32 38 14.80
2.295000 32 39 36.99
2.295000 32 40 67.35
2.295000 32 41 115.38
2.295000 32 42 172.20
2.295000 32 43 81.84
2.295000 32 44 87.11
2.295000 32 45 103.91
2.295000 32 46 203.78
2.295000 32 47 267.36
2.295000 32 48 414.04
2.295000 32 49 500.02
2.295000 32 50 526.54
2.295000 32 51 496.25
2.295000 32 52 476.30
2.295000 32 53 527.50
2.295000 32 54 577.47
2.295000 32 55 597.90
2.295000 32 56 621.89
2.295000 32 57 562.18
2.295000 32 58 544.17
2.295000 32 59 546.09
2.295000 32 60 471.72
2.295000 32 61 485.55
2.295000 32 62 490.71
2.295000 32 63 493.22
2.295000 32 64 449.30
2.295000 32 65 411.43
2.295000 32 66 337.70
2.295000 32 67 270.21
2.295000 32 68 191.89
2.295000 32 69 194.82
2.295000 32 70 184.11
2.295000 32 71 177.35
2.295000 32 72 149.11
2.295000 32 73 124.10
2.295000 32 74 47.29
2.295000 32 75 -18.61
2.295000 32 76 -97.84
2.295000 32 77 -177.15
2.295000 32 78 -248.65
2.295000 32 79 -295.17
2.295000 32 80 -273.50
2.295000 32 81 -240.19
2.295000 32 82 -241.50
2.295000 32 83 -295.60
2.295000 32 84 -304.73
2.295000 32 85 -275.21
2.295000 32 86 -238.14
2.295000 32 87 -252.78
2.295000 32 88 -269.91
2.295000 32 89 -254.64
2.295000 32 90 -230.26
2.295000 32 91 -166.08
2.295000 32 92 -183.42
2.295000 32 93 -146.93
2.295000 32 94 -167.29
2.295000 32 95 -192.64
2.295000 32 96 -249.96
2.295000 32 97 -296.22
2.295000 32 98 -292.55
2.295000 32 99 -212.69
2.295000 32 100 -173.13
2.295000 32 101 -240.09
2.295000 32 102 -209.13
2.295000 32 103 -183.04
2.295000 32 104 -137.88
2.295000 32 105 -84.10
2.295000 32 106 20.86
2.295000 32 107 89.50
2.295000 32 108 158.93
2.295000 32 109 182.02
2.295000 32 110 260.49
2.295000 32 111 282.67
2.295000 32 112 305.89
2.295000 32 113 366.49
2.295000 32 114 399.61
2.295000 32 115 389.70
2.295000 32 116 411.91
2.295000 32 117 416.07
2.295000 32 118 368.40
2.295000 32 119 216.29
2.295000 32 120 119.39
2.295000 32 121 59.88
2.295000 32 122 20.44
2.295000 32 123  6.26
2.295000 32 124 16.45
2.295000 32 125 12.46
2.295000 32 126 -9.68
2.295000 32 127 11.46
2.295000 32 128 26.24
2.295000 32 129 76.02
2.295000 32 130 119.60
2.295000 32 131 104.63
2.295000 32 132 109.88
2.295000 32 133 54.40
2.295000 32 134 12.35
2.295000 32 135 -28.42
2.295000 32 136 -47.85
2.295000 32 137 -69.50
2.295000 32 138 -49.66
2.295000 32 139 -39.98
2.295000 32 140 -36.97
2.295000 32 141 -23.95
2.295000 32 142 -41.60
2.295000 32 143 -38.17
2.295000 32 144 14.86
2.295000 32 145 47.71
2.295000 32 146 119.12
2.295000 32 147 150.59
2.295000 32 148 169.42
2.295000 32 149 143.15
2.295000 32 150 66.71
2.295000 32 151 54.55
2.295000 32 152 38.62
2.295000 32 153 64.01
2.295000 32 154 36.08
2.295000 32 155 59.01
2.295000 32 156 64.40
2.295000 32 157 40.37
2.295000 32 158 46.19
2.295000 32 159 60.13
2.295000 32 160 108.96
2.295000 32 161 145.67
2.295000 32 162 178.93
2.295000 32 163 209.68
2.295000 32 164 242.71
2.295000 32 165 260.01
2.295000 32 166 310.45
2.295000 32 167 345.56
2.295000 32 168 306.45
2.295000 32 169 310.77
2.295000 32 170 258.21
2.295000 32 171 270.45
2.295000 32 172 322.47
2.295000 32 173 305.89
2.295000 32 174 330.91
2.295000 32 175 307.85
2.295000 32 176 202.88
2.295000 32 177 150.58
2.295000 32 178 131.19
2.295000 32 179 165.14
2.295000 32 180 146.48
2.295000 32 181 103.65
2.295000 32 182 -17.27
2.295000 32 183 -101.76
2.295000 32 184 -169.57
2.295000 32 185 -204.84
2.295000 32 186 -257.55
2.295000 32 187 -339.37
2.295000 32 188 -347.96
2.295000 32 189 -416.96
2.295000 32 190 -451.37
2.295000 32 191 -559.46
2.295000 32 192 -611.65
2.295000 32 193 -643.15
2.295000 32 194 -675.43
2.295000 32 195 -598.31
2.295000 32 196 -575.33
2.295000 32 197 -474.89
2.295000 32 198 -416.05
2.295000 32 199 -363.02
