2.269200 256 0 1009842.96
2.269200 256 1 904106.50
2.269200 256 2 816779.73
2.269200 256 3 739579.57
2.269200 256 4 672437.61
2.269200 256 5 610710.92
2.269200 256 6 553671.00
2.269200 256 7 504017.25
2.269200 256 8 458776.81
2.269200 256 9 418495.71
2.269200 256 10 382863.66
2.269200 256 11 349276.52
2.269200 256 12 319427.81
2.269200 256 13 293999.33
2.269200 256 14 272422.31
2.269200 256 15 251971.46
2.269200 256 16 231250.60
2.269200 256 17 213036.25
2.269200 256 18 197170.03
2.269200 256 19 184754.82
2.269200 256 20 173298.80
2.269200 256 21 162765.38
2.269200 256 22 152610.88
2.269200 256 23 142078.53
2.269200 256 24 134282.69
2.269200 256 25 126436.82
2.269200 256 26 119070.54
2.269200 256 27 114113.91
2.269200 256 28 109397.80
2.269200 256 29 105555.58
2.269200 256 30 100777.36
2.269200 256 31 96001.69
2.269200 256 32 92643.31
2.269200 256 33 88618.90
2.269200 256 34 86374.00
2.269200 256 35 84543.95
2.269200 256 36 84357.72
2.269200 256 37 84628.56
2.269200 256 38 85125.48
2.269200 256 39 86043.56
2.269200 256 40 87234.93
2.269200 256 41 89645.40
2.269200 256 42 91269.78
2.269200 256 43 90846.22
2.269200 256 44 89863.48
2.269200 256 45 88007.45
2.269200 256 46 87605.02
2.269200 256 47 89139.62
2.269200 256 48 91877.78
2.269200 256 49 93509.75
2.269200 256 50 96596.50
2.269200 256 51 100192.13
2.269200 256 52 104362.54
2.269200 256 53 110079.66
2.269200 256 54 114285.99
2.269200 256 55 116699.97
2.269200 256 56 119361.44
2.269200 256 57 120424.67
2.269200 256 58 121848.64
2.269200 256 59 121188.07
2.269200 256 60 120815.66
2.269200 256 61 121862.68
2.269200 256 62 123465.58
2.269200 256 63 125389.02
2.269200 256 64 128628.40
2.269200 256 65 133012.35
2.269200 256 66 134861.60
2.269200 256 67 136429.35
2.269200 256 68 138258.19
2.269200 256 69 140696.96
2.269200 256 70 143830.25
2.269200 256 71 145982.73
2.269200 256 72 148473.22
2.269200 256 73 149360.33
2.269200 256 74 150028.93
2.269200 256 75 150562.48
2.269200 256 76 150337.26
2.269200 256 77 148881.26
2.269200 256 78 150851.78
2.269200 256 79 153175.80
2.269200 256 80 154585.69
2.269200 256 81 157214.67
2.269200 256 82 162044.83
2.269200 256 83 164611.07
2.269200 256 84 166633.43
2.269200 256 85 166669.06
2.269200 256 86 166706.07
2.269200 256 87 166462.72
2.269200 256 88 168248.47
2.269200 256 89 170002.53
2.269200 256 90 169675.42
2.269200 256 91 166549.78
2.269200 256 92 165770.35
2.269200 256 93 167085.85
2.269200 256 94 170910.96
2.269200 256 95 174355.10
2.269200 256 96 175845.72
2.269200 256 97 174214.68
2.269200 256 98 172452.04
2.269200 256 99 167722.18
2.269200 256 100 161849.42
2.269200 256 101 156581.75
2.269200 256 102 154612.44
2.269200 256 103 152621.23
2.269200 256 104 149855.59
2.269200 256 105 145975.95
2.269200 256 106 143337.38
2.269200 256 107 141805.69
2.269200 256 108 140882.13
2.269200 256 109 137099.17
2.269200 256 110 133113.32
2.269200 256 111 129839.89
2.269200 256 112 126225.79
2.269200 256 113 120456.48
2.269200 256 114 117163.43
2.269200 256 115 114528.20
2.269200 256 116 112037.79
2.269200 256 117 109540.20
2.269200 256 118 105904.04
2.269200 256 119 102536.29
2.269200 256 120 100236.49
2.269200 256 121 98500.32
2.269200 256 122 95380.88
2.269200 256 123 92522.76
2.269200 256 124 90035.77
2.269200 256 125 88158.79
2.269200 256 126 86194.25
2.269200 256 127 84796.24
2.269200 256 128 84788.43
2.269200 256 129 84140.42
2.269200 256 130 84463.30
2.269200 256 131 83991.27
2.269200 256 132 82954.86
2.269200 256 133 81924.04
2.269200 256 134 82033.97
2.269200 256 135 83765.51
2.269200 256 136 84986.99
2.269200 256 137 86858.18
2.269200 256 138 87940.76
2.269200 256 139 89396.24
2.269200 256 140 89052.14
2.269200 256 141 87684.40
2.269200 256 142 85636.58
2.269200 256 143 80702.53
2.269200 256 144 75227.18
2.269200 256 145 67190.31
2.269200 256 146 57346.55
2.269200 256 147 52349.25
2.269200 256 148 49492.03
2.269200 256 149 47152.59
2.269200 256 150 47472.92
2.269200 256 151 46243.58
2.269200 256 152 43297.91
2.269200 256 153 39475.33
2.269200 256 154 35664.49
2.269200 256 155 32079.26
2.269200 256 156 29901.95
2.269200 256 157 29888.47
2.269200 256 158 27923.20
2.269200 256 159 25419.11
2.269200 256 160 23811.92
2.269200 256 161 23430.86
2.269200 256 162 23137.65
2.269200 256 163 23867.07
2.269200 256 164 25088.86
2.269200 256 165 24650.23
2.269200 256 166 23697.60
2.269200 256 167 23662.13
2.269200 256 168 24028.04
2.269200 256 169 25964.38
2.269200 256 170 27802.34
2.269200 256 171 29271.92
2.269200 256 172 31215.33
2.269200 256 173 32554.06
2.269200 256 174 31603.90
2.269200 256 175 31845.85
2.269200 256 176 32784.41
2.269200 256 177 33158.37
2.269200 256 178 33154.18
2.269200 256 179 32984.36
2.269200 256 180 34766.49
2.269200 256 181 38504.82
2.269200 256 182 44615.76
2.269200 256 183 49477.42
2.269200 256 184 53244.96
2.269200 256 185 56270.05
2.269200 256 186 58975.06
2.269200 256 187 61167.98
2.269200 256 188 64481.99
2.269200 256 189 69930.90
2.269200 256 190 76671.88
2.269200 256 191 81484.88
2.269200 256 192 87108.97
2.269200 256 193 92145.52
2.269200 256 194 96417.80
2.269200 256 195 100639.52
2.269200 256 196 102943.08
2.269200 256 197 105982.69
2.269200 256 198 108958.74
2.269200 256 199 112512.79
