2.275000 32 0 10142.06
2.275000 32 1 7725.19
2.275000 32 2 6019.14
2.275000 32 3 4718.84
2.275000 32 4 3782.94
2.275000 32 5 3005.92
2.275000 32 6 2464.35
2.275000 32 7 2024.95
2.275000 32 8 1665.35
2.275000 32 9 1365.37
2.275000 32 10 1115.58
2.275000 32 11 866.33
2.275000 32 12 548.84
2.275000 32 13 400.64
2.275000 32 14 303.88
2.275000 32 15 234.85
2.275000 32 16 238.99
2.275000 32 17 362.06
2.275000 32 18 435.28
2.275000 32 19 490.03
2.275000 32 20 581.28
2.275000 32 21 684.84
2.275000 32 22 764.18
2.275000 32 23 655.77
2.275000 32 24 525.74
2.275000 32 25 458.74
2.275000 32 26 462.11
2.275000 32 27 516.28
2.275000 32 28 524.59
2.275000 32 29 493.47
2.275000 32 30 442.55
2.275000 32 31 437.06
2.275000 32 32 461.29
2.275000 32 33 413.02
2.275000 32 34 412.33
2.275000 32 35 386.54
2.275000 32 36 396.99
2.275000 32 37 419.26
2.275000 32 38 421.46
2.275000 32 39 377.62
2.275000 32 40 376.62
2.275000 32 41 350.29
2.275000 32 42 335.21
2.275000 32 43 344.05
2.275000 32 44 382.50
2.275000 32 45 403.65
2.275000 32 46 466.04
2.275000 32 47 515.89
2.275000 32 48 537.90
2.275000 32 49 516.90
2.275000 32 50 468.13
2.275000 32 51 405.52
2.275000 32 52 311.16
2.275000 32 53 307.35
2.275000 32 54 345.05
2.275000 32 55 372.18
2.275000 32 56 360.10
2.275000 32 57 399.21
2.275000 32 58 392.82
2.275000 32 59 359.55
2.275000 32 60 343.57
2.275000 32 61 281.59
2.275000 32 62 255.18
2.275000 32 63 250.95
2.275000 32 64 302.31
2.275000 32 65 383.78
2.275000 32 66 401.76
2.275000 32 67 362.96
2.275000 32 68 316.33
2.275000 32 69 258.14
2.275000 32 70 208.76
2.275000 32 71 230.79
2.275000 32 72 301.38
2.275000 32 73 268.86
2.275000 32 74 243.11
2.275000 32 75 247.67
2.275000 32 76 174.13
2.275000 32 77 143.04
2.275000 32 78 65.76
2.275000 32 79  6.99
2.275000 32 80 -2.77
2.275000 32 81 -7.82
2.275000 32 82 -56.06
2.275000 32 83 -72.89
2.275000 32 84  8.31
2.275000 32 85 122.78
2.275000 32 86 118.63
2.275000 32 87 181.83
2.275000 32 88 174.08
2.275000 32 89 144.95
2.275000 32 90 33.39
2.275000 32 91 -110.28
2.275000 32 92 -189.93
2.275000 32 93 -162.08
2.275000 32 94 -146.73
2.275000 32 95 -172.38
2.275000 32 96 -169.31
2.275000 32 97 -107.81
2.275000 32 98 -133.22
2.275000 32 99 -156.47
2.275000 32 100 -180.23
2.275000 32 101 -195.26
2.275000 32 102 -229.67
2.275000 32 103 -229.12
2.275000 32 104 -210.57
2.275000 32 105 -149.56
2.275000 32 106 -106.89
2.275000 32 107 -76.93
2.275000 32 108 -105.14
2.275000 32 109 -13.07
2.275000 32 110  1.62
2.275000 32 111 40.07
2.275000 32 112 97.35
2.275000 32 113 110.69
2.275000 32 114 197.43
2.275000 32 115 237.65
2.275000 32 116 262.09
2.275000 32 117 264.28
2.275000 32 118 280.51
2.275000 32 119 217.01
2.275000 32 120 169.67
2.275000 32 121 239.84
2.275000 32 122 174.20
2.275000 32 123 116.84
2.275000 32 124 89.94
2.275000 32 125 -6.28
2.275000 32 126 -94.54
2.275000 32 127 -170.06
2.275000 32 128 -221.97
2.275000 32 129 -250.50
2.275000 32 130 -219.61
2.275000 32 131 -93.48
2.275000 32 132 -10.86
2.275000 32 133 -40.09
2.275000 32 134 36.97
2.275000 32 135 152.24
2.275000 32 136 289.01
2.275000 32 137 418.62
2.275000 32 138 525.87
2.275000 32 139 565.69
2.275000 32 140 513.82
2.275000 32 141 470.31
2.275000 32 142 392.16
2.275000 32 143 369.65
2.275000 32 144 338.19
2.275000 32 145 261.13
2.275000 32 146 278.95
2.275000 32 147 265.61
2.275000 32 148 283.85
2.275000 32 149 320.11
2.275000 32 150 308.27
2.275000 32 151 339.13
2.275000 32 152 325.18
2.275000 32 153 354.52
2.275000 32 154 446.22
2.275000 32 155 526.60
2.275000 32 156 586.25
2.275000 32 157 557.46
2.275000 32 158 529.71
2.275000 32 159 478.61
2.275000 32 160 528.09
2.275000 32 161 484.15
2.275000 32 162 403.02
2.275000 32 163 308.32
2.275000 32 164 208.47
2.275000 32 165 184.44
2.275000 32 166 199.10
2.275000 32 167 221.48
2.275000 32 168 324.33
2.275000 32 169 361.35
2.275000 32 170 335.33
2.275000 32 171 262.45
2.275000 32 172 275.35
2.275000 32 173 308.99
2.275000 32 174 411.71
2.275000 32 175 494.45
2.275000 32 176 638.26
2.275000 32 177 786.34
2.275000 32 178 899.25
2.275000 32 179 874.23
2.275000 32 180 907.75
2.275000 32 181 875.74
2.275000 32 182 873.85
2.275000 32 183 907.93
2.275000 32 184 870.12
2.275000 32 185 864.18
2.275000 32 186 788.96
2.275000 32 187 784.66
2.275000 32 188 756.54
2.275000 32 189 726.88
2.275000 32 190 654.44
2.275000 32 191 582.94
2.275000 32 192 556.44
2.275000 32 193 550.73
2.275000 32 194 619.95
2.275000 32 195 639.31
2.275000 32 196 662.50
2.275000 32 197 751.32
2.275000 32 198 856.63
2.275000 32 199 967.36
