3.641000 48 0 62040.70
3.641000 48 1 48655.68
3.641000 48 2 38883.97
3.641000 48 3 31480.72
3.641000 48 4 25766.74
3.641000 48 5 21232.05
3.641000 48 6 17451.72
3.641000 48 7 14457.06
3.641000 48 8 12096.73
3.641000 48 9 10087.06
3.641000 48 10 8432.83
3.641000 48 11 7082.08
3.641000 48 12 6078.53
3.641000 48 13 5212.83
3.641000 48 14 4424.85
3.641000 48 15 3776.00
3.641000 48 16 3259.70
3.641000 48 17 2770.06
3.641000 48 18 2493.46
3.641000 48 19 2148.06
3.641000 48 20 1927.72
3.641000 48 21 1770.09
3.641000 48 22 1623.45
3.641000 48 23 1478.36
3.641000 48 24 1293.74
3.641000 48 25 993.29
3.641000 48 26 834.28
3.641000 48 27 771.59
3.641000 48 28 650.71
3.641000 48 29 500.63
3.641000 48 30 294.55
3.641000 48 31 137.15
3.641000 48 32 63.12
3.641000 48 33 71.94
3.641000 48 34  1.75
3.641000 48 35 -111.13
3.641000 48 36 -167.52
3.641000 48 37 -28.76
3.641000 48 38  3.30
3.641000 48 39 71.45
3.641000 48 40 170.79
3.641000 48 41 273.05
3.641000 48 42 360.49
3.641000 48 43 367.38
3.641000 48 44 325.23
3.641000 48 45 238.82
3.641000 48 46 177.00
3.641000 48 47 245.09
3.641000 48 48 393.24
3.641000 48 49 447.92
3.641000 48 50 492.16
3.641000 48 51 483.52
3.641000 48 52 510.00
3.641000 48 53 412.46
3.641000 48 54 537.81
3.641000 48 55 702.35
3.641000 48 56 757.86
3.641000 48 57 858.43
3.641000 48 58 920.29
3.641000 48 59 875.95
3.641000 48 60 898.92
3.641000 48 61 735.73
3.641000 48 62 654.60
3.641000 48 63 577.16
3.641000 48 64 425.68
3.641000 48 65 327.16
3.641000 48 66 127.27
3.641000 48 67 -31.41
3.641000 48 68 -100.99
3.641000 48 69 -188.44
3.641000 48 70 -81.82
3.641000 48 71 -69.66
3.641000 48 72 -52.75
3.641000 48 73  2.15
3.641000 48 74 68.49
3.641000 48 75 171.59
3.641000 48 76 278.82
3.641000 48 77 394.82
3.641000 48 78 468.90
3.641000 48 79 678.62
3.641000 48 80 834.87
3.641000 48 81 799.87
3.641000 48 82 834.16
3.641000 48 83 844.12
3.641000 48 84 894.49
3.641000 48 85 883.14
3.641000 48 86 970.45
3.641000 48 87 1065.16
3.641000 48 88 1147.02
3.641000 48 89 1097.38
3.641000 48 90 1008.17
3.641000 48 91 1017.54
3.641000 48 92 1072.53
3.641000 48 93 988.00
3.641000 48 94 940.14
3.641000 48 95 744.91
3.641000 48 96 678.45
3.641000 48 97 662.95
3.641000 48 98 608.98
3.641000 48 99 591.23
3.641000 48 100 629.81
3.641000 48 101 613.07
3.641000 48 102 621.47
3.641000 48 103 526.62
3.641000 48 104 348.97
3.641000 48 105 169.92
3.641000 48 106 -62.01
3.641000 48 107 -169.54
3.641000 48 108 -170.63
3.641000 48 109 -221.23
3.641000 48 110 -196.47
3.641000 48 111 -53.56
3.641000 48 112 64.20
3.641000 48 113 75.03
3.641000 48 114 184.62
3.641000 48 115 347.05
3.641000 48 116 521.05
3.641000 48 117 655.12
3.641000 48 118 740.30
3.641000 48 119 858.36
3.641000 48 120 946.60
3.641000 48 121 983.11
3.641000 48 122 904.61
3.641000 48 123 929.28
3.641000 48 124 956.10
3.641000 48 125 900.59
3.641000 48 126 872.23
3.641000 48 127 894.58
3.641000 48 128 946.41
3.641000 48 129 867.09
3.641000 48 130 807.12
3.641000 48 131 803.20
3.641000 48 132 824.06
3.641000 48 133 785.90
3.641000 48 134 869.06
3.641000 48 135 1026.90
3.641000 48 136 983.87
3.641000 48 137 1033.76
3.641000 48 138 1169.58
3.641000 48 139 1214.99
3.641000 48 140 1240.98
3.641000 48 141 1278.13
3.641000 48 142 1269.84
3.641000 48 143 1208.60
3.641000 48 144 1105.01
3.641000 48 145 1090.16
3.641000 48 146 1028.15
3.641000 48 147 897.78
3.641000 48 148 972.47
3.641000 48 149 1012.76
3.641000 48 150 1030.42
3.641000 48 151 1098.94
3.641000 48 152 1153.54
3.641000 48 153 1129.19
3.641000 48 154 1146.28
3.641000 48 155 1140.20
3.641000 48 156 1149.93
3.641000 48 157 1071.72
3.641000 48 158 933.05
3.641000 48 159 741.10
3.641000 48 160 560.71
3.641000 48 161 489.73
3.641000 48 162 504.72
3.641000 48 163 512.66
3.641000 48 164 396.39
3.641000 48 165 240.48
3.641000 48 166 151.06
3.641000 48 167 41.27
3.641000 48 168 31.47
3.641000 48 169 70.17
3.641000 48 170 237.25
3.641000 48 171 233.27
3.641000 48 172 180.77
3.641000 48 173 167.84
3.641000 48 174 311.30
3.641000 48 175 437.72
3.641000 48 176 483.83
3.641000 48 177 399.34
3.641000 48 178 356.47
3.641000 48 179 280.94
3.641000 48 180 174.66
3.641000 48 181 161.53
3.641000 48 182 44.88
3.641000 48 183 93.85
3.641000 48 184 70.96
3.641000 48 185 -9.01
3.641000 48 186 -91.69
3.641000 48 187 -195.97
3.641000 48 188 -298.75
3.641000 48 189 -340.85
3.641000 48 190 -377.63
3.641000 48 191 -335.37
3.641000 48 192 -402.86
3.641000 48 193 -425.22
3.641000 48 194 -530.00
3.641000 48 195 -663.29
3.641000 48 196 -766.27
3.641000 48 197 -826.87
3.641000 48 198 -821.48
3.641000 48 199 -840.29
