3.700000 48 0 30251.74
3.700000 48 1 26052.95
3.700000 48 2 22485.79
3.700000 48 3 19684.35
3.700000 48 4 17216.13
3.700000 48 5 15120.38
3.700000 48 6 13232.22
3.700000 48 7 11762.85
3.700000 48 8 10305.75
3.700000 48 9 9025.40
3.700000 48 10 8014.18
3.700000 48 11 6949.10
3.700000 48 12 5958.67
3.700000 48 13 5118.54
3.700000 48 14 4305.79
3.700000 48 15 3601.29
3.700000 48 16 2914.25
3.700000 48 17 2151.20
3.700000 48 18 1520.32
3.700000 48 19 1150.25
3.700000 48 20 769.37
3.700000 48 21 459.64
3.700000 48 22 125.96
3.700000 48 23 -133.73
3.700000 48 24 -279.60
3.700000 48 25 -490.67
3.700000 48 26 -605.57
3.700000 48 27 -661.56
3.700000 48 28 -813.00
3.700000 48 29 -1007.88
3.700000 48 30 -1281.09
3.700000 48 31 -1468.03
3.700000 48 32 -1686.41
3.700000 48 33 -1847.56
3.700000 48 34 -1879.20
3.700000 48 35 -1927.66
3.700000 48 36 -1935.49
3.700000 48 37 -1853.50
3.700000 48 38 -1725.85
3.700000 48 39 -1738.43
3.700000 48 40 -1602.49
3.700000 48 41 -1424.83
3.700000 48 42 -1302.36
3.700000 48 43 -1203.69
3.700000 48 44 -1133.68
3.700000 48 45 -1129.28
3.700000 48 46 -1044.10
3.700000 48 47 -1021.03
3.700000 48 48 -909.36
3.700000 48 49 -889.71
3.700000 48 50 -623.95
3.700000 48 51 -340.80
3.700000 48 52 -230.01
3.700000 48 53 -46.75
3.700000 48 54  3.75
3.700000 48 55 19.72
3.700000 48 56 140.53
3.700000 48 57 100.96
3.700000 48 58 93.40
3.700000 48 59 134.19
3.700000 48 60 144.99
3.700000 48 61 162.89
3.700000 48 62 30.14
3.700000 48 63 -130.50
3.700000 48 64 -257.16
3.700000 48 65 -507.32
3.700000 48 66 -735.22
3.700000 48 67 -996.52
3.700000 48 68 -1315.48
3.700000 48 69 -1561.81
3.700000 48 70 -1815.24
3.700000 48 71 -2001.15
3.700000 48 72 -2346.87
3.700000 48 73 -2643.90
3.700000 48 74 -2828.83
3.700000 48 75 -3026.23
3.700000 48 76 -3297.67
3.700000 48 77 -3469.02
3.700000 48 78 -3698.93
3.700000 48 79 -3930.42
3.700000 48 80 -4119.02
3.700000 48 81 -4335.65
3.700000 48 82 -4674.65
3.700000 48 83 -4948.69
3.700000 48 84 -5089.84
3.700000 48 85 -5011.73
3.700000 48 86 -5146.11
3.700000 48 87 -5301.88
3.700000 48 88 -5284.43
3.700000 48 89 -5260.81
3.700000 48 90 -5103.89
3.700000 48 91 -4883.54
3.700000 48 92 -4726.90
3.700000 48 93 -4574.25
3.700000 48 94 -4376.85
3.700000 48 95 -4144.87
3.700000 48 96 -4069.19
3.700000 48 97 -3832.34
3.700000 48 98 -3647.72
3.700000 48 99 -3526.03
3.700000 48 100 -3233.86
3.700000 48 101 -3098.34
3.700000 48 102 -2914.85
3.700000 48 103 -2892.77
3.700000 48 104 -2832.03
3.700000 48 105 -2820.71
3.700000 48 106 -2841.48
3.700000 48 107 -2675.36
3.700000 48 108 -2525.27
3.700000 48 109 -2523.60
3.700000 48 110 -2392.36
3.700000 48 111 -2107.42
3.700000 48 112 -1783.23
3.700000 48 113 -1746.67
3.700000 48 114 -1742.27
3.700000 48 115 -1736.02
3.700000 48 116 -1799.72
3.700000 48 117 -1731.30
3.700000 48 118 -1704.35
3.700000 48 119 -1708.79
3.700000 48 120 -1809.30
3.700000 48 121 -1871.99
3.700000 48 122 -1906.81
3.700000 48 123 -2065.88
3.700000 48 124 -2277.23
3.700000 48 125 -2500.37
3.700000 48 126 -2696.66
3.700000 48 127 -3071.21
3.700000 48 128 -3446.21
3.700000 48 129 -3691.80
3.700000 48 130 -4013.66
3.700000 48 131 -4364.36
3.700000 48 132 -4509.30
3.700000 48 133 -4668.45
3.700000 48 134 -4708.56
3.700000 48 135 -4803.30
3.700000 48 136 -4920.40
3.700000 48 137 -5095.68
3.700000 48 138 -5234.12
3.700000 48 139 -5282.64
3.700000 48 140 -5360.52
3.700000 48 141 -5430.59
3.700000 48 142 -5489.70
3.700000 48 143 -5701.97
3.700000 48 144 -5913.41
3.700000 48 145 -5980.27
3.700000 48 146 -6145.40
3.700000 48 147 -6138.06
3.700000 48 148 -6177.47
3.700000 48 149 -6293.57
3.700000 48 150 -6367.38
3.700000 48 151 -6312.95
3.700000 48 152 -6153.49
3.700000 48 153 -6022.08
3.700000 48 154 -5895.80
3.700000 48 155 -5789.42
3.700000 48 156 -5725.50
3.700000 48 157 -5673.54
3.700000 48 158 -5389.44
3.700000 48 159 -5120.84
3.700000 48 160 -4969.47
3.700000 48 161 -4821.09
3.700000 48 162 -4657.35
3.700000 48 163 -4510.63
3.700000 48 164 -4327.86
3.700000 48 165 -4216.35
3.700000 48 166 -3980.24
3.700000 48 167 -3826.50
3.700000 48 168 -3815.68
3.700000 48 169 -3869.17
3.700000 48 170 -3939.30
3.700000 48 171 -3880.54
3.700000 48 172 -3657.81
3.700000 48 173 -3416.47
3.700000 48 174 -3242.07
3.700000 48 175 -3010.26
3.700000 48 176 -2745.37
3.700000 48 177 -2597.05
3.700000 48 178 -2681.16
3.700000 48 179 -2776.22
3.700000 48 180 -2686.91
3.700000 48 181 -2810.84
3.700000 48 182 -2857.73
3.700000 48 183 -2808.12
3.700000 48 184 -2690.48
3.700000 48 185 -2482.28
3.700000 48 186 -2453.50
3.700000 48 187 -2456.03
3.700000 48 188 -2434.19
3.700000 48 189 -2468.04
3.700000 48 190 -2466.49
3.700000 48 191 -2493.54
3.700000 48 192 -2505.13
3.700000 48 193 -2537.26
3.700000 48 194 -2629.12
3.700000 48 195 -2729.37
3.700000 48 196 -2979.15
3.700000 48 197 -3236.99
3.700000 48 198 -3451.13
3.700000 48 199 -3493.63
