3.641000 16 0 5158.60
3.641000 16 1 3376.02
3.641000 16 2 2298.15
3.641000 16 3 1602.11
3.641000 16 4 1125.13
3.641000 16 5 806.46
3.641000 16 6 577.79
3.641000 16 7 417.01
3.641000 16 8 285.96
3.641000 16 9 202.59
3.641000 16 10 138.49
3.641000 16 11 92.36
3.641000 16 12 69.47
3.641000 16 13 51.28
3.641000 16 14 39.98
3.641000 16 15 35.04
3.641000 16 16 21.85
3.641000 16 17 26.63
3.641000 16 18 20.61
3.641000 16 19 22.06
3.641000 16 20 26.23
3.641000 16 21 29.20
3.641000 16 22 16.70
3.641000 16 23 12.79
3.641000 16 24 25.81
3.641000 16 25 24.45
3.641000 16 26 20.14
3.641000 16 27 15.99
3.641000 16 28 14.57
3.641000 16 29 19.73
3.641000 16 30 18.05
3.641000 16 31 14.03
3.641000 16 32 16.79
3.641000 16 33 29.32
3.641000 16 34 39.37
3.641000 16 35 29.77
3.641000 16 36 15.10
3.641000 16 37  0.56
3.641000 16 38 -1.31
3.641000 16 39  4.44
3.641000 16 40 -9.40
3.641000 16 41 -17.79
3.641000 16 42 -32.03
3.641000 16 43 -31.44
3.641000 16 44 -12.18
3.641000 16 45 -16.14
3.641000 16 46 -12.04
3.641000 16 47 -8.73
3.641000 16 48 -9.79
3.641000 16 49 -7.19
3.641000 16 50 12.80
3.641000 16 51 18.08
3.641000 16 52 14.21
3.641000 16 53 -8.19
3.641000 16 54 -12.99
3.641000 16 55 -24.65
3.641000 16 56 -18.33
3.641000 16 57 -13.97
3.641000 16 58 -21.95
3.641000 16 59 -39.01
3.641000 16 60 -32.89
3.641000 16 61 -38.95
3.641000 16 62 -45.71
3.641000 16 63 -44.66
3.641000 16 64 -44.49
3.641000 16 65 -40.86
3.641000 16 66 -45.68
3.641000 16 67 -37.05
3.641000 16 68 -37.50
3.641000 16 69 -24.62
3.641000 16 70 -12.78
3.641000 16 71 -10.23
3.641000 16 72 -16.32
3.641000 16 73 -17.01
3.641000 16 74 -10.09
3.641000 16 75 -5.10
3.641000 16 76  8.23
3.641000 16 77 14.18
3.641000 16 78  1.14
3.641000 16 79 -5.16
3.641000 16 80 -19.13
3.641000 16 81 -22.26
3.641000 16 82 -16.24
3.641000 16 83 -14.62
3.641000 16 84 -16.55
3.641000 16 85 -19.22
3.641000 16 86 -7.91
3.641000 16 87 -11.50
3.641000 16 88 -3.71
3.641000 16 89 11.88
3.641000 16 90  9.02
3.641000 16 91 16.01
3.641000 16 92 14.76
3.641000 16 93 -2.43
3.641000 16 94  1.53
3.641000 16 95 -10.98
3.641000 16 96 -22.88
3.641000 16 97 -25.33
3.641000 16 98 -26.90
3.641000 16 99 -36.72
3.641000 16 100 -29.28
3.641000 16 101 -27.65
3.641000 16 102 -7.60
3.641000 16 103 -6.36
3.641000 16 104 -15.75
3.641000 16 105 -17.25
3.641000 16 106 -11.95
3.641000 16 107 -17.70
3.641000 16 108 -13.48
3.641000 16 109 -9.47
3.641000 16 110 10.28
3.641000 16 111 11.96
3.641000 16 112  3.62
3.641000 16 113 17.75
3.641000 16 114 13.49
3.641000 16 115  7.23
3.641000 16 116 12.08
3.641000 16 117 22.54
3.641000 16 118 20.01
3.641000 16 119 26.86
3.641000 16 120 22.93
3.641000 16 121  3.09
3.641000 16 122 -25.59
3.641000 16 123 -42.46
3.641000 16 124 -28.36
3.641000 16 125 -20.82
3.641000 16 126 -4.11
3.641000 16 127  1.20
3.641000 16 128 -2.01
3.641000 16 129 -1.95
3.641000 16 130 -3.48
3.641000 16 131 -5.02
3.641000 16 132 -13.36
3.641000 16 133 -24.75
3.641000 16 134 -41.62
3.641000 16 135 -25.74
3.641000 16 136 -8.70
3.641000 16 137  1.96
3.641000 16 138  9.16
3.641000 16 139  7.00
3.641000 16 140 13.33
3.641000 16 141 20.24
3.641000 16 142  8.40
3.641000 16 143 -5.89
3.641000 16 144 -13.31
3.641000 16 145 -3.19
3.641000 16 146 -5.18
3.641000 16 147  6.21
3.641000 16 148 -0.65
3.641000 16 149  0.28
3.641000 16 150 -24.05
3.641000 16 151 -47.22
3.641000 16 152 -45.87
3.641000 16 153 -50.72
3.641000 16 154 -49.56
3.641000 16 155 -61.88
3.641000 16 156 -60.16
3.641000 16 157 -52.72
3.641000 16 158 -52.78
3.641000 16 159 -48.12
3.641000 16 160 -43.08
3.641000 16 161 -44.16
3.641000 16 162 -45.31
3.641000 16 163 -51.22
3.641000 16 164 -49.50
3.641000 16 165 -48.51
3.641000 16 166 -39.43
3.641000 16 167 -32.19
3.641000 16 168 -26.51
3.641000 16 169 -37.34
3.641000 16 170 -28.45
3.641000 16 171 -25.40
3.641000 16 172 -19.40
3.641000 16 173 -14.98
3.641000 16 174 -9.11
3.641000 16 175  4.24
3.641000 16 176 12.57
3.641000 16 177  9.43
3.641000 16 178  5.97
3.641000 16 179  7.97
3.641000 16 180 -11.31
3.641000 16 181 -21.55
3.641000 16 182 -33.65
3.641000 16 183 -41.28
3.641000 16 184 -56.23
3.641000 16 185 -53.21
3.641000 16 186 -69.44
3.641000 16 187 -73.38
3.641000 16 188 -56.63
3.641000 16 189 -62.22
3.641000 16 190 -52.68
3.641000 16 191 -52.50
3.641000 16 192 -59.54
3.641000 16 193 -58.77
3.641000 16 194 -45.00
3.641000 16 195 -39.28
3.641000 16 196 -14.73
3.641000 16 197  0.90
3.641000 16 198 10.79
3.641000 16 199 11.13
