3.580000 32 0 9864.52
3.580000 32 1 6790.85
3.580000 32 2 4826.01
3.580000 32 3 3378.90
3.580000 32 4 2365.24
3.580000 32 5 1756.34
3.580000 32 6 1203.11
3.580000 32 7 846.05
3.580000 32 8 575.77
3.580000 32 9 312.80
3.580000 32 10 156.53
3.580000 32 11 -3.20
3.580000 32 12 -102.84
3.580000 32 13 -144.48
3.580000 32 14 -194.46
3.580000 32 15 -141.42
3.580000 32 16 -106.36
3.580000 32 17 -75.86
3.580000 32 18 -61.85
3.580000 32 19 -114.84
3.580000 32 20 -222.02
3.580000 32 21 -305.86
3.580000 32 22 -334.57
3.580000 32 23 -333.13
3.580000 32 24 -339.34
3.580000 32 25 -277.93
3.580000 32 26 -279.28
3.580000 32 27 -260.53
3.580000 32 28 -316.70
3.580000 32 29 -368.52
3.580000 32 30 -391.76
3.580000 32 31 -385.49
3.580000 32 32 -292.77
3.580000 32 33 -199.47
3.580000 32 34 -192.17
3.580000 32 35 -148.92
3.580000 32 36 -198.11
3.580000 32 37 -196.37
3.580000 32 38 -266.60
3.580000 32 39 -433.06
3.580000 32 40 -480.05
3.580000 32 41 -431.85
3.580000 32 42 -473.30
3.580000 32 43 -442.20
3.580000 32 44 -475.98
3.580000 32 45 -508.35
3.580000 32 46 -556.93
3.580000 32 47 -540.80
3.580000 32 48 -548.00
3.580000 32 49 -511.09
3.580000 32 50 -441.70
3.580000 32 51 -418.54
3.580000 32 52 -384.27
3.580000 32 53 -412.23
3.580000 32 54 -490.90
3.580000 32 55 -438.29
3.580000 32 56 -370.72
3.580000 32 57 -207.71
3.580000 32 58 -125.88
3.580000 32 59 -63.95
3.580000 32 60  8.18
3.580000 32 61 29.40
3.580000 32 62 -43.99
3.580000 32 63 -57.15
3.580000 32 64 -35.99
3.580000 32 65 42.09
3.580000 32 66 106.75
3.580000 32 67 196.74
3.580000 32 68 255.31
3.580000 32 69 339.75
3.580000 32 70 369.77
3.580000 32 71 390.93
3.580000 32 72 404.55
3.580000 32 73 434.04
3.580000 32 74 466.06
3.580000 32 75 480.78
3.580000 32 76 478.27
3.580000 32 77 399.18
3.580000 32 78 346.33
3.580000 32 79 359.06
3.580000 32 80 375.13
3.580000 32 81 318.99
3.580000 32 82 284.23
3.580000 32 83 145.77
3.580000 32 84 148.89
3.580000 32 85 174.56
3.580000 32 86 184.16
3.580000 32 87 251.86
3.580000 32 88 312.74
3.580000 32 89 328.09
3.580000 32 90 397.40
3.580000 32 91 451.00
3.580000 32 92 359.42
3.580000 32 93 174.68
3.580000 32 94 35.90
3.580000 32 95 30.04
3.580000 32 96 -29.93
3.580000 32 97 -79.88
3.580000 32 98 -158.55
3.580000 32 99 -223.51
3.580000 32 100 -233.08
3.580000 32 101 -290.91
3.580000 32 102 -354.19
3.580000 32 103 -241.18
3.580000 32 104 -164.16
3.580000 32 105 -137.78
3.580000 32 106 -107.99
3.580000 32 107 -128.68
3.580000 32 108 -57.42
3.580000 32 109 -39.91
3.580000 32 110 -33.91
3.580000 32 111 61.93
3.580000 32 112 35.43
3.580000 32 113  3.97
3.580000 32 114 45.36
3.580000 32 115 35.94
3.580000 32 116 97.01
3.580000 32 117 77.32
3.580000 32 118 23.09
3.580000 32 119 -44.25
3.580000 32 120 -112.76
3.580000 32 121 -126.19
3.580000 32 122 -112.28
3.580000 32 123 -68.35
3.580000 32 124 37.62
3.580000 32 125 172.20
3.580000 32 126 314.08
3.580000 32 127 334.37
3.580000 32 128 266.10
3.580000 32 129 285.41
3.580000 32 130 366.79
3.580000 32 131 354.00
3.580000 32 132 363.31
3.580000 32 133 309.58
3.580000 32 134 204.10
3.580000 32 135 211.86
3.580000 32 136 236.82
3.580000 32 137 234.04
3.580000 32 138 320.92
3.580000 32 139 366.86
3.580000 32 140 401.36
3.580000 32 141 485.37
3.580000 32 142 512.04
3.580000 32 143 512.22
3.580000 32 144 479.56
3.580000 32 145 422.61
3.580000 32 146 420.84
3.580000 32 147 513.86
3.580000 32 148 506.67
3.580000 32 149 568.93
3.580000 32 150 593.27
3.580000 32 151 527.19
3.580000 32 152 376.11
3.580000 32 153 339.41
3.580000 32 154 346.22
3.580000 32 155 368.70
3.580000 32 156 361.70
3.580000 32 157 362.27
3.580000 32 158 332.35
3.580000 32 159 395.33
3.580000 32 160 435.16
3.580000 32 161 500.67
3.580000 32 162 379.51
3.580000 32 163 372.54
3.580000 32 164 318.52
3.580000 32 165 286.11
3.580000 32 166 331.50
3.580000 32 167 311.77
3.580000 32 168 300.86
3.580000 32 169 227.40
3.580000 32 170 286.96
3.580000 32 171 343.87
3.580000 32 172 363.85
3.580000 32 173 309.55
3.580000 32 174 225.17
3.580000 32 175 290.65
3.580000 32 176 406.90
3.580000 32 177 389.55
3.580000 32 178 452.65
3.580000 32 179 512.69
3.580000 32 180 603.24
3.580000 32 181 671.29
3.580000 32 182 772.86
3.580000 32 183 876.45
3.580000 32 184 895.95
3.580000 32 185 856.00
3.580000 32 186 730.33
3.580000 32 187 733.34
3.580000 32 188 737.61
3.580000 32 189 669.45
3.580000 32 190 570.99
3.580000 32 191 539.89
3.580000 32 192 576.79
3.580000 32 193 549.79
3.580000 32 194 418.87
3.580000 32 195 398.47
3.580000 32 196 410.19
3.580000 32 197 295.37
3.580000 32 198 275.59
3.580000 32 199 255.41
