3.637000 64 0 55753.32
3.637000 64 1 44869.71
3.637000 64 2 36481.57
3.637000 64 3 29646.12
3.637000 64 4 24275.90
3.637000 64 5 19770.48
3.637000 64 6 16094.69
3.637000 64 7 13280.20
3.637000 64 8 10738.65
3.637000 64 9 8499.44
3.637000 64 10 6759.19
3.637000 64 11 5598.69
3.637000 64 12 4198.10
3.637000 64 13 2784.15
3.637000 64 14 1913.43
3.637000 64 15 1267.70
3.637000 64 16 718.73
3.637000 64 17 449.25
3.637000 64 18 250.53
3.637000 64 19 -96.08
3.637000 64 20 -621.04
3.637000 64 21 -1400.47
3.637000 64 22 -2043.36
3.637000 64 23 -2407.05
3.637000 64 24 -3033.46
3.637000 64 25 -3521.65
3.637000 64 26 -4058.17
3.637000 64 27 -4596.54
3.637000 64 28 -4796.92
3.637000 64 29 -4746.72
3.637000 64 30 -4988.45
3.637000 64 31 -5081.83
3.637000 64 32 -5104.21
3.637000 64 33 -5239.81
3.637000 64 34 -5540.62
3.637000 64 35 -5730.29
3.637000 64 36 -5985.25
3.637000 64 37 -6224.26
3.637000 64 38 -6383.40
3.637000 64 39 -6337.65
3.637000 64 40 -6126.77
3.637000 64 41 -5810.56
3.637000 64 42 -5387.83
3.637000 64 43 -5134.87
3.637000 64 44 -5027.48
3.637000 64 45 -4507.18
3.637000 64 46 -3933.69
3.637000 64 47 -3877.99
3.637000 64 48 -3770.31
3.637000 64 49 -3583.30
3.637000 64 50 -3798.15
3.637000 64 51 -3962.12
3.637000 64 52 -4100.20
3.637000 64 53 -4033.20
3.637000 64 54 -4232.88
3.637000 64 55 -4430.46
3.637000 64 56 -4352.09
3.637000 64 57 -4282.39
3.637000 64 58 -4344.04
3.637000 64 59 -4564.35
3.637000 64 60 -4664.42
3.637000 64 61 -4795.95
3.637000 64 62 -4906.57
3.637000 64 63 -5026.21
3.637000 64 64 -5223.73
3.637000 64 65 -5144.96
3.637000 64 66 -5290.06
3.637000 64 67 -5179.28
3.637000 64 68 -4729.74
3.637000 64 69 -4425.67
3.637000 64 70 -4313.34
3.637000 64 71 -4701.21
3.637000 64 72 -4971.16
3.637000 64 73 -5210.25
3.637000 64 74 -5121.29
3.637000 64 75 -4420.95
3.637000 64 76 -4000.97
3.637000 64 77 -3621.64
3.637000 64 78 -3835.66
3.637000 64 79 -4347.48
3.637000 64 80 -4867.76
3.637000 64 81 -5265.44
3.637000 64 82 -5552.85
3.637000 64 83 -5449.66
3.637000 64 84 -5215.80
3.637000 64 85 -4922.31
3.637000 64 86 -4769.01
3.637000 64 87 -5059.37
3.637000 64 88 -4925.20
3.637000 64 89 -4811.58
3.637000 64 90 -4376.01
3.637000 64 91 -3679.07
3.637000 64 92 -3349.43
3.637000 64 93 -2962.37
3.637000 64 94 -2418.00
3.637000 64 95 -2015.05
3.637000 64 96 -1568.96
3.637000 64 97 -1383.08
3.637000 64 98 -1135.44
3.637000 64 99 -916.47
3.637000 64 100 -671.36
3.637000 64 101 -691.85
3.637000 64 102 -538.14
3.637000 64 103 -496.28
3.637000 64 104 -312.97
3.637000 64 105 -343.89
3.637000 64 106 -529.58
3.637000 64 107 -374.80
3.637000 64 108 -386.19
3.637000 64 109 -348.54
3.637000 64 110 -303.22
3.637000 64 111 -427.74
3.637000 64 112 -896.30
3.637000 64 113 -1260.73
3.637000 64 114 -1924.68
3.637000 64 115 -2215.54
3.637000 64 116 -2204.95
3.637000 64 117 -2594.09
3.637000 64 118 -2655.72
3.637000 64 119 -2651.34
3.637000 64 120 -2437.44
3.637000 64 121 -2254.87
3.637000 64 122 -2332.06
3.637000 64 123 -2707.06
3.637000 64 124 -2694.87
3.637000 64 125 -2777.56
3.637000 64 126 -2652.95
3.637000 64 127 -2677.30
3.637000 64 128 -2620.09
3.637000 64 129 -2660.21
3.637000 64 130 -2823.18
3.637000 64 131 -2673.80
3.637000 64 132 -3012.30
3.637000 64 133 -3142.23
3.637000 64 134 -3105.79
3.637000 64 135 -3077.58
3.637000 64 136 -2940.76
3.637000 64 137 -3140.05
3.637000 64 138 -3612.66
3.637000 64 139 -4052.70
3.637000 64 140 -4467.53
3.637000 64 141 -4414.48
3.637000 64 142 -4398.44
3.637000 64 143 -4539.01
3.637000 64 144 -4408.00
3.637000 64 145 -4565.81
3.637000 64 146 -4824.19
3.637000 64 147 -4697.51
3.637000 64 148 -4795.40
3.637000 64 149 -4692.93
3.637000 64 150 -4568.89
3.637000 64 151 -4267.11
3.637000 64 152 -3795.05
3.637000 64 153 -3589.27
3.637000 64 154 -3748.09
3.637000 64 155 -3837.56
3.637000 64 156 -3855.97
3.637000 64 157 -3819.05
3.637000 64 158 -3424.23
3.637000 64 159 -3267.90
3.637000 64 160 -2959.96
3.637000 64 161 -2782.72
3.637000 64 162 -2376.64
3.637000 64 163 -2181.71
3.637000 64 164 -2153.98
3.637000 64 165 -2196.08
3.637000 64 166 -2270.01
3.637000 64 167 -2331.93
3.637000 64 168 -1994.87
3.637000 64 169 -1773.31
3.637000 64 170 -1743.13
3.637000 64 171 -1905.09
3.637000 64 172 -2120.93
3.637000 64 173 -2777.04
3.637000 64 174 -3400.91
3.637000 64 175 -3986.69
3.637000 64 176 -4523.51
3.637000 64 177 -4672.45
3.637000 64 178 -4579.19
3.637000 64 179 -4824.48
3.637000 64 180 -5159.99
3.637000 64 181 -5977.82
3.637000 64 182 -6260.08
3.637000 64 183 -6908.36
3.637000 64 184 -7208.29
3.637000 64 185 -7349.83
3.637000 64 186 -7580.34
3.637000 64 187 -7914.88
3.637000 64 188 -7906.38
3.637000 64 189 -7885.18
3.637000 64 190 -7600.88
3.637000 64 191 -7264.79
3.637000 64 192 -6954.94
3.637000 64 193 -6969.75
3.637000 64 194 -7398.92
3.637000 64 195 -7316.15
3.637000 64 196 -7029.34
3.637000 64 197 -6921.56
3.637000 64 198 -6847.40
3.637000 64 199 -6763.59
