3.643000 64 0 52334.46
3.643000 64 1 42558.35
3.643000 64 2 34960.46
3.643000 64 3 29262.76
3.643000 64 4 24985.29
3.643000 64 5 21155.33
3.643000 64 6 17818.46
3.643000 64 7 15175.35
3.643000 64 8 13215.32
3.643000 64 9 11498.63
3.643000 64 10 10107.24
3.643000 64 11 9048.73
3.643000 64 12 8558.13
3.643000 64 13 8062.05
3.643000 64 14 7576.58
3.643000 64 15 7197.74
3.643000 64 16 6876.77
3.643000 64 17 6667.24
3.643000 64 18 6514.91
3.643000 64 19 6347.39
3.643000 64 20 5936.15
3.643000 64 21 5098.91
3.643000 64 22 4281.40
3.643000 64 23 4177.20
3.643000 64 24 3962.99
3.643000 64 25 3921.83
3.643000 64 26 3314.92
3.643000 64 27 2849.41
3.643000 64 28 2759.51
3.643000 64 29 2854.67
3.643000 64 30 2554.74
3.643000 64 31 2152.85
3.643000 64 32 2380.99
3.643000 64 33 2401.24
3.643000 64 34 2595.89
3.643000 64 35 2638.16
3.643000 64 36 2704.07
3.643000 64 37 2617.41
3.643000 64 38 2371.45
3.643000 64 39 2495.84
3.643000 64 40 2512.38
3.643000 64 41 2766.96
3.643000 64 42 2877.54
3.643000 64 43 3308.21
3.643000 64 44 3505.11
3.643000 64 45 3820.43
3.643000 64 46 3795.22
3.643000 64 47 3880.14
3.643000 64 48 3759.38
3.643000 64 49 3923.49
3.643000 64 50 3555.77
3.643000 64 51 3246.26
3.643000 64 52 3339.95
3.643000 64 53 3314.60
3.643000 64 54 3290.55
3.643000 64 55 3030.70
3.643000 64 56 2791.82
3.643000 64 57 2651.14
3.643000 64 58 2566.02
3.643000 64 59 2452.23
3.643000 64 60 2513.41
3.643000 64 61 2734.20
3.643000 64 62 2778.96
3.643000 64 63 2587.78
3.643000 64 64 2583.13
3.643000 64 65 2903.00
3.643000 64 66 2979.21
3.643000 64 67 2619.67
3.643000 64 68 1900.02
3.643000 64 69 1546.51
3.643000 64 70 1187.38
3.643000 64 71 1100.32
3.643000 64 72 1214.03
3.643000 64 73 1275.41
3.643000 64 74 1000.16
3.643000 64 75 804.12
3.643000 64 76 480.16
3.643000 64 77 504.62
3.643000 64 78 966.81
3.643000 64 79 1417.13
3.643000 64 80 1770.62
3.643000 64 81 1718.38
3.643000 64 82 1703.07
3.643000 64 83 1332.25
3.643000 64 84 1095.46
3.643000 64 85 647.30
3.643000 64 86 239.31
3.643000 64 87 -53.16
3.643000 64 88 -105.38
3.643000 64 89 139.85
3.643000 64 90 273.40
3.643000 64 91 153.55
3.643000 64 92 335.04
3.643000 64 93 733.24
3.643000 64 94 896.14
3.643000 64 95 1122.85
3.643000 64 96 1645.68
3.643000 64 97 2204.81
3.643000 64 98 2368.26
3.643000 64 99 1976.26
3.643000 64 100 1951.98
3.643000 64 101 2019.88
3.643000 64 102 1957.98
3.643000 64 103 1703.27
3.643000 64 104 1080.61
3.643000 64 105 591.20
3.643000 64 106 231.58
3.643000 64 107 109.74
3.643000 64 108 -185.91
3.643000 64 109 -455.09
3.643000 64 110 -940.14
3.643000 64 111 -1541.63
3.643000 64 112 -1898.84
3.643000 64 113 -2003.62
3.643000 64 114 -1931.66
3.643000 64 115 -2116.42
3.643000 64 116 -2374.58
3.643000 64 117 -2138.66
3.643000 64 118 -2030.63
3.643000 64 119 -2008.32
3.643000 64 120 -1628.76
3.643000 64 121 -1172.36
3.643000 64 122 -1066.83
3.643000 64 123 -1006.05
3.643000 64 124 -816.74
3.643000 64 125 -409.66
3.643000 64 126 115.15
3.643000 64 127 493.96
3.643000 64 128 826.11
3.643000 64 129 1130.65
3.643000 64 130 1143.81
3.643000 64 131 1419.92
3.643000 64 132 1461.89
3.643000 64 133 1155.64
3.643000 64 134 1095.34
3.643000 64 135 767.24
3.643000 64 136 327.63
3.643000 64 137 -87.47
3.643000 64 138 -707.16
3.643000 64 139 -1228.18
3.643000 64 140 -1896.48
3.643000 64 141 -2363.23
3.643000 64 142 -2511.96
3.643000 64 143 -2523.43
3.643000 64 144 -2150.91
3.643000 64 145 -1665.89
3.643000 64 146 -1381.29
3.643000 64 147 -1012.96
3.643000 64 148 -725.07
3.643000 64 149 -234.79
3.643000 64 150 82.84
3.643000 64 151 166.44
3.643000 64 152 -15.16
3.643000 64 153 -212.23
3.643000 64 154 -258.21
3.643000 64 155 -442.92
3.643000 64 156 -849.20
3.643000 64 157 -794.76
3.643000 64 158 -646.64
3.643000 64 159 -350.03
3.643000 64 160 -368.23
3.643000 64 161 -229.63
3.643000 64 162 -38.00
3.643000 64 163 268.20
3.643000 64 164 509.27
3.643000 64 165 590.40
3.643000 64 166 623.36
3.643000 64 167 749.21
3.643000 64 168 1416.86
3.643000 64 169 1892.53
3.643000 64 170 2288.20
3.643000 64 171 2307.63
3.643000 64 172 2364.07
3.643000 64 173 2150.49
3.643000 64 174 2312.79
3.643000 64 175 2878.65
3.643000 64 176 3118.57
3.643000 64 177 2917.70
3.643000 64 178 2478.64
3.643000 64 179 2319.03
3.643000 64 180 1615.04
3.643000 64 181 758.08
3.643000 64 182 116.25
3.643000 64 183 -322.91
3.643000 64 184 -546.19
3.643000 64 185 -678.54
3.643000 64 186 -454.28
3.643000 64 187 -330.23
3.643000 64 188 -266.91
3.643000 64 189 -314.34
3.643000 64 190 -541.02
3.643000 64 191 -434.73
3.643000 64 192 -746.09
3.643000 64 193 -791.72
3.643000 64 194 -750.42
3.643000 64 195 -897.23
3.643000 64 196 -1276.18
3.643000 64 197 -1765.48
3.643000 64 198 -2268.14
3.643000 64 199 -2787.84
