2.240000 256 0 585677.31
2.240000 256 1 418068.86
2.240000 256 2 299300.74
2.240000 256 3 223533.63
2.240000 256 4 175699.32
2.240000 256 5 139338.88
2.240000 256 6 120334.43
2.240000 256 7 105897.30
2.240000 256 8 95714.73
2.240000 256 9 93512.15
2.240000 256 10 90949.33
2.240000 256 11 98717.36
2.240000 256 12 92828.17
2.240000 256 13 76473.24
2.240000 256 14 61360.98
2.240000 256 15 65566.55
2.240000 256 16 74273.22
2.240000 256 17 82927.47
2.240000 256 18 76703.59
2.240000 256 19 84847.14
2.240000 256 20 99337.57
2.240000 256 21 112500.43
2.240000 256 22 107720.56
2.240000 256 23 92976.31
2.240000 256 24 89018.15
2.240000 256 25 82439.81
2.240000 256 26 84260.92
2.240000 256 27 88918.44
2.240000 256 28 93161.02
2.240000 256 29 88512.07
2.240000 256 30 94690.95
2.240000 256 31 94517.08
2.240000 256 32 98086.28
2.240000 256 33 107709.19
2.240000 256 34 115761.66
2.240000 256 35 113733.01
2.240000 256 36 110533.20
2.240000 256 37 118370.15
2.240000 256 38 128363.69
2.240000 256 39 140204.50
2.240000 256 40 151741.93
2.240000 256 41 159600.92
2.240000 256 42 173018.34
2.240000 256 43 196890.67
2.240000 256 44 213743.46
2.240000 256 45 209380.76
2.240000 256 46 205306.70
2.240000 256 47 203528.57
2.240000 256 48 193732.30
2.240000 256 49 188747.62
2.240000 256 50 188505.20
2.240000 256 51 181528.92
2.240000 256 52 171707.27
2.240000 256 53 173172.69
2.240000 256 54 164998.54
2.240000 256 55 156114.80
2.240000 256 56 143730.13
2.240000 256 57 126993.80
2.240000 256 58 109904.39
2.240000 256 59 96655.76
2.240000 256 60 81970.70
2.240000 256 61 71248.38
2.240000 256 62 69015.16
2.240000 256 63 77424.81
2.240000 256 64 91404.37
2.240000 256 65 109661.98
2.240000 256 66 122696.14
2.240000 256 67 133912.27
2.240000 256 68 147732.99
2.240000 256 69 157519.31
2.240000 256 70 157648.20
2.240000 256 71 162272.91
2.240000 256 72 167808.67
2.240000 256 73 176740.83
2.240000 256 74 184388.26
2.240000 256 75 193132.92
2.240000 256 76 202397.52
2.240000 256 77 218947.02
2.240000 256 78 234201.56
2.240000 256 79 246920.16
2.240000 256 80 254782.23
2.240000 256 81 251145.48
2.240000 256 82 241343.85
2.240000 256 83 237979.30
2.240000 256 84 238653.91
2.240000 256 85 231514.82
2.240000 256 86 225873.78
2.240000 256 87 217184.86
2.240000 256 88 209993.82
2.240000 256 89 190845.53
2.240000 256 90 175695.55
2.240000 256 91 161823.87
2.240000 256 92 145086.65
2.240000 256 93 144985.14
2.240000 256 94 166550.81
2.240000 256 95 169197.28
2.240000 256 96 173385.82
2.240000 256 97 177435.57
2.240000 256 98 177107.13
2.240000 256 99 186312.35
2.240000 256 100 198255.36
2.240000 256 101 202274.47
2.240000 256 102 208521.76
2.240000 256 103 211288.63
2.240000 256 104 218771.94
2.240000 256 105 225805.56
2.240000 256 106 233393.27
2.240000 256 107 236731.43
2.240000 256 108 257824.18
2.240000 256 109 266155.98
2.240000 256 110 276948.90
2.240000 256 111 269886.27
2.240000 256 112 262319.03
2.240000 256 113 267567.55
2.240000 256 114 266510.28
2.240000 256 115 255365.66
2.240000 256 116 259943.49
2.240000 256 117 256085.06
2.240000 256 118 274592.99
2.240000 256 119 291269.90
2.240000 256 120 319592.57
2.240000 256 121 348714.54
2.240000 256 122 379992.86
2.240000 256 123 394368.54
2.240000 256 124 406882.77
2.240000 256 125 400328.18
2.240000 256 126 395432.69
2.240000 256 127 386077.52
2.240000 256 128 385759.76
2.240000 256 129 376873.45
2.240000 256 130 362165.25
2.240000 256 131 344544.25
2.240000 256 132 345958.28
2.240000 256 133 348279.07
2.240000 256 134 348670.34
2.240000 256 135 356976.73
2.240000 256 136 358940.16
2.240000 256 137 359554.54
2.240000 256 138 347791.67
2.240000 256 139 339098.60
2.240000 256 140 343810.98
2.240000 256 141 342761.65
2.240000 256 142 327572.25
2.240000 256 143 324431.36
2.240000 256 144 334234.29
2.240000 256 145 345099.15
2.240000 256 146 353020.99
2.240000 256 147 341912.25
2.240000 256 148 336008.81
2.240000 256 149 350582.01
2.240000 256 150 349172.47
2.240000 256 151 345075.07
2.240000 256 152 339051.01
2.240000 256 153 326479.94
2.240000 256 154 306317.45
2.240000 256 155 302961.13
2.240000 256 156 309418.56
2.240000 256 157 312929.86
2.240000 256 158 312661.80
2.240000 256 159 309651.06
2.240000 256 160 301078.09
2.240000 256 161 302433.87
2.240000 256 162 321362.03
2.240000 256 163 321572.89
2.240000 256 164 322900.62
2.240000 256 165 327472.93
2.240000 256 166 312526.85
2.240000 256 167 293980.51
2.240000 256 168 298326.06
2.240000 256 169 308519.98
2.240000 256 170 299340.75
2.240000 256 171 287223.99
2.240000 256 172 278303.58
2.240000 256 173 276561.99
2.240000 256 174 267255.35
2.240000 256 175 269401.29
2.240000 256 176 272358.31
2.240000 256 177 272303.96
2.240000 256 178 276134.14
2.240000 256 179 280241.99
2.240000 256 180 266847.91
2.240000 256 181 257322.41
2.240000 256 182 258283.45
2.240000 256 183 258288.47
2.240000 256 184 253924.09
2.240000 256 185 244050.63
2.240000 256 186 236904.62
2.240000 256 187 226795.88
2.240000 256 188 219149.36
2.240000 256 189 222981.00
2.240000 256 190 218292.42
2.240000 256 191 207919.65
2.240000 256 192 195225.80
2.240000 256 193 168480.03
2.240000 256 194 148948.64
2.240000 256 195 146357.95
2.240000 256 196 149468.89
2.240000 256 197 150503.63
2.240000 256 198 155280.04
2.240000 256 199 159068.21
