3.720000 16 0 5529.21
3.720000 16 1 3857.54
3.720000 16 2 2767.76
3.720000 16 3 2011.82
3.720000 16 4 1485.51
3.720000 16 5 1094.61
3.720000 16 6 823.27
3.720000 16 7 620.12
3.720000 16 8 468.19
3.720000 16 9 351.89
3.720000 16 10 275.23
3.720000 16 11 211.96
3.720000 16 12 176.44
3.720000 16 13 144.41
3.720000 16 14 129.21
3.720000 16 15 109.00
3.720000 16 16 81.12
3.720000 16 17 64.65
3.720000 16 18 40.11
3.720000 16 19 36.41
3.720000 16 20 34.50
3.720000 16 21 37.29
3.720000 16 22 41.62
3.720000 16 23 31.50
3.720000 16 24  5.52
3.720000 16 25 -9.95
3.720000 16 26 -5.24
3.720000 16 27 -11.11
3.720000 16 28 -8.92
3.720000 16 29  9.78
3.720000 16 30 22.94
3.720000 16 31 30.98
3.720000 16 32 34.96
3.720000 16 33 30.66
3.720000 16 34 19.75
3.720000 16 35 -2.25
3.720000 16 36 -30.68
3.720000 16 37 -41.70
3.720000 16 38 -54.65
3.720000 16 39 -66.21
3.720000 16 40 -56.18
3.720000 16 41 -53.49
3.720000 16 42 -28.55
3.720000 16 43 -3.81
3.720000 16 44  2.75
3.720000 16 45  5.23
3.720000 16 46 -0.93
3.720000 16 47 -4.70
3.720000 16 48 -10.77
3.720000 16 49  7.00
3.720000 16 50 13.27
3.720000 16 51 25.49
3.720000 16 52 26.14
3.720000 16 53 18.32
3.720000 16 54 18.87
3.720000 16 55 24.86
3.720000 16 56 35.74
3.720000 16 57 42.65
3.720000 16 58 50.68
3.720000 16 59 54.86
3.720000 16 60 60.27
3.720000 16 61 66.68
3.720000 16 62 68.61
3.720000 16 63 66.42
3.720000 16 64 62.92
3.720000 16 65 61.68
3.720000 16 66 59.21
3.720000 16 67 41.54
3.720000 16 68 32.15
3.720000 16 69 33.44
3.720000 16 70 26.31
3.720000 16 71 16.69
3.720000 16 72  1.22
3.720000 16 73  5.92
3.720000 16 74  8.39
3.720000 16 75  8.73
3.720000 16 76  7.73
3.720000 16 77  4.87
3.720000 16 78 -1.52
3.720000 16 79  4.07
3.720000 16 80 18.33
3.720000 16 81 10.44
3.720000 16 82  4.20
3.720000 16 83  8.08
3.720000 16 84 -5.16
3.720000 16 85 -15.07
3.720000 16 86 -29.00
3.720000 16 87 -43.03
3.720000 16 88 -37.37
3.720000 16 89 -30.80
3.720000 16 90 -21.03
3.720000 16 91 -18.63
3.720000 16 92 -9.07
3.720000 16 93 -5.92
3.720000 16 94 -6.92
3.720000 16 95 -12.17
3.720000 16 96 -0.83
3.720000 16 97  0.73
3.720000 16 98  7.06
3.720000 16 99 -0.54
3.720000 16 100 -0.62
3.720000 16 101  0.37
3.720000 16 102 -9.13
3.720000 16 103 -2.08
3.720000 16 104 10.70
3.720000 16 105 13.43
3.720000 16 106 20.59
3.720000 16 107 27.31
3.720000 16 108 33.06
3.720000 16 109 27.27
3.720000 16 110 21.18
3.720000 16 111 11.33
3.720000 16 112  3.66
3.720000 16 113  0.04
3.720000 16 114  2.52
3.720000 16 115 -3.60
3.720000 16 116 -5.31
3.720000 16 117 10.11
3.720000 16 118 16.70
3.720000 16 119 31.61
3.720000 16 120 35.40
3.720000 16 121 37.50
3.720000 16 122 33.58
3.720000 16 123 23.86
3.720000 16 124 20.74
3.720000 16 125  8.82
3.720000 16 126  0.03
3.720000 16 127 -0.18
3.720000 16 128  2.33
3.720000 16 129  7.40
3.720000 16 130  2.62
3.720000 16 131 -9.10
3.720000 16 132 -15.44
3.720000 16 133 -4.81
3.720000 16 134 -1.88
3.720000 16 135  2.65
3.720000 16 136  4.85
3.720000 16 137 -0.16
3.720000 16 138  1.99
3.720000 16 139 -12.88
3.720000 16 140 -20.46
3.720000 16 141 -24.58
3.720000 16 142 -34.03
3.720000 16 143 -31.83
3.720000 16 144 -33.02
3.720000 16 145 -59.70
3.720000 16 146 -85.80
3.720000 16 147 -106.30
3.720000 16 148 -100.32
3.720000 16 149 -94.40
3.720000 16 150 -84.26
3.720000 16 151 -83.29
3.720000 16 152 -73.51
3.720000 16 153 -72.42
3.720000 16 154 -67.11
3.720000 16 155 -46.91
3.720000 16 156 -21.45
3.720000 16 157 -2.71
3.720000 16 158 18.98
3.720000 16 159 18.38
3.720000 16 160 23.56
3.720000 16 161 25.41
3.720000 16 162 18.22
3.720000 16 163  1.23
3.720000 16 164 -11.05
3.720000 16 165 -18.14
3.720000 16 166 -18.73
3.720000 16 167 -5.38
3.720000 16 168 -6.19
3.720000 16 169 -13.56
3.720000 16 170 -31.38
3.720000 16 171 -40.62
3.720000 16 172 -50.35
3.720000 16 173 -65.44
3.720000 16 174 -65.96
3.720000 16 175 -64.89
3.720000 16 176 -71.69
3.720000 16 177 -82.26
3.720000 16 178 -58.89
3.720000 16 179 -54.08
3.720000 16 180 -43.61
3.720000 16 181 -48.14
3.720000 16 182 -52.81
3.720000 16 183 -51.73
3.720000 16 184 -51.06
3.720000 16 185 -47.18
3.720000 16 186 -34.50
3.720000 16 187 -17.67
3.720000 16 188 -17.44
3.720000 16 189 -16.57
3.720000 16 190 -23.15
3.720000 16 191 -9.23
3.720000 16 192 -28.28
3.720000 16 193 -34.04
3.720000 16 194 -19.57
3.720000 16 195 -15.43
3.720000 16 196 -15.50
3.720000 16 197 -26.99
3.720000 16 198 -28.74
3.720000 16 199 -37.48
