3.540000 16 0 1914.80
3.540000 16 1 1097.84
3.540000 16 2 661.34
3.540000 16 3 403.54
3.540000 16 4 240.60
3.540000 16 5 160.15
3.540000 16 6 119.77
3.540000 16 7 60.40
3.540000 16 8 36.91
3.540000 16 9 49.19
3.540000 16 10 55.43
3.540000 16 11 55.96
3.540000 16 12 56.07
3.540000 16 13 35.76
3.540000 16 14 53.84
3.540000 16 15 44.20
3.540000 16 16 50.01
3.540000 16 17 41.02
3.540000 16 18 42.25
3.540000 16 19 46.74
3.540000 16 20 53.32
3.540000 16 21 71.51
3.540000 16 22 90.35
3.540000 16 23 87.34
3.540000 16 24 111.09
3.540000 16 25 120.93
3.540000 16 26 104.48
3.540000 16 27 88.93
3.540000 16 28 97.94
3.540000 16 29 113.50
3.540000 16 30 99.80
3.540000 16 31 81.97
3.540000 16 32 53.87
3.540000 16 33 46.12
3.540000 16 34 48.15
3.540000 16 35 50.66
3.540000 16 36 62.28
3.540000 16 37 93.75
3.540000 16 38 120.97
3.540000 16 39 122.94
3.540000 16 40 113.04
3.540000 16 41 109.64
3.540000 16 42 92.21
3.540000 16 43 74.62
3.540000 16 44 52.40
3.540000 16 45 53.37
3.540000 16 46 56.97
3.540000 16 47 63.37
3.540000 16 48 58.54
3.540000 16 49 52.69
3.540000 16 50 48.73
3.540000 16 51 45.40
3.540000 16 52 28.99
3.540000 16 53 44.00
3.540000 16 54 67.21
3.540000 16 55 72.38
3.540000 16 56 81.12
3.540000 16 57 102.85
3.540000 16 58 126.59
3.540000 16 59 150.42
3.540000 16 60 148.04
3.540000 16 61 152.98
3.540000 16 62 141.67
3.540000 16 63 126.06
3.540000 16 64 136.74
3.540000 16 65 114.41
3.540000 16 66 86.39
3.540000 16 67 75.49
3.540000 16 68 67.71
3.540000 16 69 58.23
3.540000 16 70 84.32
3.540000 16 71 77.24
3.540000 16 72 74.46
3.540000 16 73 66.66
3.540000 16 74 76.82
3.540000 16 75 77.58
3.540000 16 76 88.40
3.540000 16 77 93.44
3.540000 16 78 114.06
3.540000 16 79 109.68
3.540000 16 80 89.86
3.540000 16 81 85.59
3.540000 16 82 85.34
3.540000 16 83 72.38
3.540000 16 84 52.62
3.540000 16 85 87.50
3.540000 16 86 101.31
3.540000 16 87 100.90
3.540000 16 88 98.73
3.540000 16 89 102.63
3.540000 16 90 103.03
3.540000 16 91 82.57
3.540000 16 92 60.50
3.540000 16 93 63.16
3.540000 16 94 68.98
3.540000 16 95 100.84
3.540000 16 96 99.42
3.540000 16 97 116.64
3.540000 16 98 87.94
3.540000 16 99 88.71
3.540000 16 100 79.24
3.540000 16 101 80.98
3.540000 16 102 58.54
3.540000 16 103 80.14
3.540000 16 104 101.27
3.540000 16 105 112.83
3.540000 16 106 107.91
3.540000 16 107 111.71
3.540000 16 108 109.55
3.540000 16 109 85.29
3.540000 16 110 74.35
3.540000 16 111 82.96
3.540000 16 112 85.96
3.540000 16 113 78.45
3.540000 16 114 66.46
3.540000 16 115 80.50
3.540000 16 116 73.78
3.540000 16 117 56.66
3.540000 16 118 46.71
3.540000 16 119 46.64
3.540000 16 120 17.04
3.540000 16 121 25.81
3.540000 16 122 28.33
3.540000 16 123 22.68
3.540000 16 124 64.93
3.540000 16 125 90.45
3.540000 16 126 74.63
3.540000 16 127 74.64
3.540000 16 128 75.65
3.540000 16 129 62.29
3.540000 16 130 34.53
3.540000 16 131 22.91
3.540000 16 132 22.04
3.540000 16 133 13.87
3.540000 16 134 16.47
3.540000 16 135 -1.51
3.540000 16 136 14.05
3.540000 16 137 43.62
3.540000 16 138 42.64
3.540000 16 139 52.49
3.540000 16 140 52.49
3.540000 16 141 34.65
3.540000 16 142 23.67
3.540000 16 143 19.57
3.540000 16 144 12.59
3.540000 16 145 19.43
3.540000 16 146 18.54
3.540000 16 147  7.82
3.540000 16 148  8.12
3.540000 16 149 34.57
3.540000 16 150 44.77
3.540000 16 151 26.59
3.540000 16 152  6.86
3.540000 16 153  4.96
3.540000 16 154 -17.41
3.540000 16 155 -3.98
3.540000 16 156 12.95
3.540000 16 157 -8.72
3.540000 16 158 -1.66
3.540000 16 159  8.49
3.540000 16 160 14.82
3.540000 16 161 23.66
3.540000 16 162 56.38
3.540000 16 163 87.83
3.540000 16 164 89.03
3.540000 16 165 98.03
3.540000 16 166 87.33
3.540000 16 167 84.01
3.540000 16 168 96.18
3.540000 16 169 103.25
3.540000 16 170 103.45
3.540000 16 171 77.47
3.540000 16 172 73.87
3.540000 16 173 58.21
3.540000 16 174 50.65
3.540000 16 175 44.80
3.540000 16 176 46.55
3.540000 16 177 33.24
3.540000 16 178 26.33
3.540000 16 179 35.84
3.540000 16 180 12.41
3.540000 16 181 13.33
3.540000 16 182 32.39
3.540000 16 183 49.98
3.540000 16 184 44.52
3.540000 16 185 35.00
3.540000 16 186 37.17
3.540000 16 187 52.92
3.540000 16 188 66.89
3.540000 16 189 69.84
3.540000 16 190 72.51
3.540000 16 191 58.12
3.540000 16 192 40.56
3.540000 16 193 40.31
3.540000 16 194 18.90
3.540000 16 195 -3.20
3.540000 16 196 29.74
3.540000 16 197 35.84
3.540000 16 198 49.28
3.540000 16 199 37.52
