3.440000 64 0 55803.26
3.440000 64 1 28601.01
3.440000 64 2 15016.46
3.440000 64 3 8134.71
3.440000 64 4 4541.60
3.440000 64 5 2519.27
3.440000 64 6 1133.96
3.440000 64 7 537.48
3.440000 64 8 200.26
3.440000 64 9 168.41
3.440000 64 10 139.02
3.440000 64 11 165.31
3.440000 64 12 184.32
3.440000 64 13 357.52
3.440000 64 14 391.06
3.440000 64 15 384.55
3.440000 64 16 334.39
3.440000 64 17 277.97
3.440000 64 18 224.19
3.440000 64 19 33.82
3.440000 64 20 -29.03
3.440000 64 21 225.11
3.440000 64 22 295.98
3.440000 64 23 279.25
3.440000 64 24 206.81
3.440000 64 25 303.45
3.440000 64 26 292.24
3.440000 64 27  6.49
3.440000 64 28 -188.54
3.440000 64 29 -285.78
3.440000 64 30 -194.82
3.440000 64 31 -2.06
3.440000 64 32 -71.91
3.440000 64 33 -236.87
3.440000 64 34 -324.90
3.440000 64 35 -382.20
3.440000 64 36 -333.47
3.440000 64 37 -173.09
3.440000 64 38 -52.81
3.440000 64 39 -97.09
3.440000 64 40 -299.87
3.440000 64 41 -372.33
3.440000 64 42 -378.20
3.440000 64 43 -159.31
3.440000 64 44 -46.63
3.440000 64 45 -100.49
3.440000 64 46 -84.74
3.440000 64 47 -462.43
3.440000 64 48 -296.33
3.440000 64 49 -265.10
3.440000 64 50 -399.49
3.440000 64 51 -234.20
3.440000 64 52 -82.23
3.440000 64 53 26.73
3.440000 64 54 57.79
3.440000 64 55 98.27
3.440000 64 56 104.23
3.440000 64 57 139.45
3.440000 64 58 256.75
3.440000 64 59 373.18
3.440000 64 60 499.98
3.440000 64 61 181.01
3.440000 64 62 53.00
3.440000 64 63 -28.13
3.440000 64 64 68.29
3.440000 64 65 109.83
3.440000 64 66 191.52
3.440000 64 67 312.62
3.440000 64 68 175.82
3.440000 64 69 144.64
3.440000 64 70 374.67
3.440000 64 71 443.29
3.440000 64 72 287.53
3.440000 64 73 17.12
3.440000 64 74 84.29
3.440000 64 75 290.89
3.440000 64 76 172.89
3.440000 64 77 52.69
3.440000 64 78 -95.52
3.440000 64 79 -24.74
3.440000 64 80 133.51
3.440000 64 81 244.24
3.440000 64 82 136.31
3.440000 64 83 38.65
3.440000 64 84 -23.98
3.440000 64 85 -21.45
3.440000 64 86 170.43
3.440000 64 87 208.26
3.440000 64 88 347.84
3.440000 64 89 328.68
3.440000 64 90 278.99
3.440000 64 91 241.13
3.440000 64 92 261.68
3.440000 64 93 178.42
3.440000 64 94 233.89
3.440000 64 95 112.08
3.440000 64 96 256.84
3.440000 64 97 447.23
3.440000 64 98 425.89
3.440000 64 99 504.09
3.440000 64 100 522.19
3.440000 64 101 480.20
3.440000 64 102 642.83
3.440000 64 103 557.55
3.440000 64 104 367.09
3.440000 64 105 365.55
3.440000 64 106 446.02
3.440000 64 107 680.15
3.440000 64 108 917.63
3.440000 64 109 1102.90
3.440000 64 110 1007.81
3.440000 64 111 1027.73
3.440000 64 112 1011.61
3.440000 64 113 1004.50
3.440000 64 114 719.54
3.440000 64 115 828.17
3.440000 64 116 849.03
3.440000 64 117 919.60
3.440000 64 118 1172.16
3.440000 64 119 1282.86
3.440000 64 120 1214.10
3.440000 64 121 1298.71
3.440000 64 122 1160.53
3.440000 64 123 954.17
3.440000 64 124 776.98
3.440000 64 125 709.28
3.440000 64 126 670.18
3.440000 64 127 799.07
3.440000 64 128 536.07
3.440000 64 129 419.74
3.440000 64 130 506.22
3.440000 64 131 711.19
3.440000 64 132 694.48
3.440000 64 133 914.48
3.440000 64 134 956.40
3.440000 64 135 1075.37
3.440000 64 136 1181.43
3.440000 64 137 1105.78
3.440000 64 138 959.57
3.440000 64 139 859.98
3.440000 64 140 811.26
3.440000 64 141 848.13
3.440000 64 142 742.36
3.440000 64 143 701.48
3.440000 64 144 679.71
3.440000 64 145 618.42
3.440000 64 146 689.71
3.440000 64 147 753.49
3.440000 64 148 906.69
3.440000 64 149 818.79
3.440000 64 150 670.25
3.440000 64 151 574.15
3.440000 64 152 510.27
3.440000 64 153 361.40
3.440000 64 154 497.73
3.440000 64 155 642.91
3.440000 64 156 551.42
3.440000 64 157 411.97
3.440000 64 158 440.13
3.440000 64 159 353.41
3.440000 64 160 261.62
3.440000 64 161 393.68
3.440000 64 162 461.76
3.440000 64 163 529.39
3.440000 64 164 657.96
3.440000 64 165 536.39
3.440000 64 166 491.72
3.440000 64 167 457.04
3.440000 64 168 238.06
3.440000 64 169 239.25
3.440000 64 170 142.56
3.440000 64 171 321.11
3.440000 64 172 205.33
3.440000 64 173 64.07
3.440000 64 174 148.20
3.440000 64 175 70.14
3.440000 64 176  2.50
3.440000 64 177 -12.12
3.440000 64 178 13.29
3.440000 64 179  1.37
3.440000 64 180 91.05
3.440000 64 181 263.31
3.440000 64 182 347.26
3.440000 64 183 191.35
3.440000 64 184 36.71
3.440000 64 185 115.94
3.440000 64 186 208.73
3.440000 64 187 115.81
3.440000 64 188 186.93
3.440000 64 189 128.17
3.440000 64 190 145.48
3.440000 64 191 67.95
3.440000 64 192 -56.97
3.440000 64 193 10.32
3.440000 64 194 125.23
3.440000 64 195 374.21
3.440000 64 196 339.18
3.440000 64 197 350.05
3.440000 64 198 362.05
3.440000 64 199 200.36
