3.643000 16 0 5231.92
3.643000 16 1 3464.64
3.643000 16 2 2376.69
3.643000 16 3 1661.42
3.643000 16 4 1188.45
3.643000 16 5 846.00
3.643000 16 6 619.64
3.643000 16 7 441.54
3.643000 16 8 323.17
3.643000 16 9 219.32
3.643000 16 10 147.62
3.643000 16 11 115.44
3.643000 16 12 93.74
3.643000 16 13 83.08
3.643000 16 14 63.90
3.643000 16 15 56.60
3.643000 16 16 44.42
3.643000 16 17 35.27
3.643000 16 18 24.92
3.643000 16 19 24.02
3.643000 16 20 34.88
3.643000 16 21 38.00
3.643000 16 22 35.43
3.643000 16 23 18.86
3.643000 16 24 19.74
3.643000 16 25  6.92
3.643000 16 26 -1.55
3.643000 16 27 10.83
3.643000 16 28 20.26
3.643000 16 29 11.93
3.643000 16 30 -1.87
3.643000 16 31 -15.32
3.643000 16 32 -17.57
3.643000 16 33 -10.06
3.643000 16 34  4.45
3.643000 16 35  4.93
3.643000 16 36 11.44
3.643000 16 37 11.90
3.643000 16 38 -11.84
3.643000 16 39 -24.66
3.643000 16 40 -31.31
3.643000 16 41 -33.52
3.643000 16 42 -20.07
3.643000 16 43 -11.44
3.643000 16 44 -14.79
3.643000 16 45 -19.07
3.643000 16 46 -27.15
3.643000 16 47 -27.20
3.643000 16 48 -5.70
3.643000 16 49  2.60
3.643000 16 50 -2.20
3.643000 16 51 -16.38
3.643000 16 52 -27.26
3.643000 16 53 -12.12
3.643000 16 54 -10.84
3.643000 16 55  8.08
3.643000 16 56 18.70
3.643000 16 57 23.20
3.643000 16 58 21.37
3.643000 16 59 26.67
3.643000 16 60 31.79
3.643000 16 61 18.78
3.643000 16 62 19.80
3.643000 16 63  1.69
3.643000 16 64 -5.22
3.643000 16 65 -18.15
3.643000 16 66 -25.39
3.643000 16 67 -23.80
3.643000 16 68 -16.01
3.643000 16 69 -12.22
3.643000 16 70 -13.69
3.643000 16 71 -4.29
3.643000 16 72 -4.33
3.643000 16 73  1.19
3.643000 16 74  4.45
3.643000 16 75 12.95
3.643000 16 76 42.97
3.643000 16 77 62.83
3.643000 16 78 54.53
3.643000 16 79 60.03
3.643000 16 80 53.91
3.643000 16 81 63.34
3.643000 16 82 45.52
3.643000 16 83 40.24
3.643000 16 84 46.21
3.643000 16 85 54.21
3.643000 16 86 51.05
3.643000 16 87 40.34
3.643000 16 88 32.31
3.643000 16 89 38.95
3.643000 16 90 47.29
3.643000 16 91 60.38
3.643000 16 92 62.83
3.643000 16 93 44.68
3.643000 16 94 37.00
3.643000 16 95 31.79
3.643000 16 96 40.70
3.643000 16 97 57.06
3.643000 16 98 79.94
3.643000 16 99 84.02
3.643000 16 100 77.49
3.643000 16 101 60.21
3.643000 16 102 48.12
3.643000 16 103 41.03
3.643000 16 104 37.51
3.643000 16 105 29.33
3.643000 16 106  8.49
3.643000 16 107 11.59
3.643000 16 108 17.88
3.643000 16 109 12.89
3.643000 16 110 17.03
3.643000 16 111 24.34
3.643000 16 112 36.77
3.643000 16 113 49.43
3.643000 16 114 60.36
3.643000 16 115 65.22
3.643000 16 116 64.03
3.643000 16 117 53.04
3.643000 16 118 58.73
3.643000 16 119 55.89
3.643000 16 120 51.60
3.643000 16 121 34.44
3.643000 16 122 17.60
3.643000 16 123 10.60
3.643000 16 124 -6.37
3.643000 16 125 -13.20
3.643000 16 126 -2.28
3.643000 16 127  6.80
3.643000 16 128 10.26
3.643000 16 129 20.18
3.643000 16 130 26.56
3.643000 16 131 22.02
3.643000 16 132 18.95
3.643000 16 133 39.78
3.643000 16 134 44.95
3.643000 16 135 37.53
3.643000 16 136 29.78
3.643000 16 137 37.38
3.643000 16 138 40.30
3.643000 16 139 43.33
3.643000 16 140 39.78
3.643000 16 141 23.82
3.643000 16 142  7.41
3.643000 16 143 -6.34
3.643000 16 144 -4.91
3.643000 16 145 -6.33
3.643000 16 146  4.06
3.643000 16 147  7.29
3.643000 16 148  2.51
3.643000 16 149  5.22
3.643000 16 150  6.87
3.643000 16 151  4.30
3.643000 16 152  6.37
3.643000 16 153 -4.74
3.643000 16 154 -1.98
3.643000 16 155 -8.29
3.643000 16 156 -4.94
3.643000 16 157 -7.26
3.643000 16 158 -4.88
3.643000 16 159 -16.47
3.643000 16 160 -18.52
3.643000 16 161 -16.46
3.643000 16 162 -8.43
3.643000 16 163 -14.97
3.643000 16 164 -6.38
3.643000 16 165 15.49
3.643000 16 166 26.43
3.643000 16 167 36.22
3.643000 16 168 52.68
3.643000 16 169 43.73
3.643000 16 170 47.61
3.643000 16 171 48.33
3.643000 16 172 45.58
3.643000 16 173 45.51
3.643000 16 174 53.00
3.643000 16 175 47.91
3.643000 16 176 49.46
3.643000 16 177 40.52
3.643000 16 178  9.47
3.643000 16 179 -2.76
3.643000 16 180 -16.95
3.643000 16 181 -21.55
3.643000 16 182 -33.18
3.643000 16 183 -30.77
3.643000 16 184 -29.35
3.643000 16 185 -24.26
3.643000 16 186 -15.72
3.643000 16 187 -20.38
3.643000 16 188 -17.21
3.643000 16 189 -20.18
3.643000 16 190 -36.36
3.643000 16 191 -38.66
3.643000 16 192 -40.07
3.643000 16 193 -30.77
3.643000 16 194 -12.79
3.643000 16 195 -6.82
3.643000 16 196 -0.40
3.643000 16 197 -4.85
3.643000 16 198 -28.75
3.643000 16 199 -30.46
