3.420000 32 0 5977.97
3.420000 32 1 2970.12
3.420000 32 2 1484.83
3.420000 32 3 706.52
3.420000 32 4 309.39
3.420000 32 5 156.83
3.420000 32 6 25.21
3.420000 32 7 -19.15
3.420000 32 8 -115.95
3.420000 32 9 -56.47
3.420000 32 10 -60.29
3.420000 32 11 -147.75
3.420000 32 12 -70.51
3.420000 32 13 18.06
3.420000 32 14 29.62
3.420000 32 15 92.02
3.420000 32 16 85.85
3.420000 32 17 85.47
3.420000 32 18 122.85
3.420000 32 19 176.13
3.420000 32 20 122.47
3.420000 32 21 54.49
3.420000 32 22 67.13
3.420000 32 23 68.57
3.420000 32 24 12.88
3.420000 32 25 -80.41
3.420000 32 26 -31.64
3.420000 32 27 24.53
3.420000 32 28 194.52
3.420000 32 29 251.75
3.420000 32 30 235.75
3.420000 32 31 207.24
3.420000 32 32 218.21
3.420000 32 33 267.85
3.420000 32 34 264.76
3.420000 32 35 220.17
3.420000 32 36 224.45
3.420000 32 37 170.19
3.420000 32 38 118.88
3.420000 32 39 181.92
3.420000 32 40 125.68
3.420000 32 41 134.20
3.420000 32 42 219.67
3.420000 32 43 234.35
3.420000 32 44 296.86
3.420000 32 45 311.74
3.420000 32 46 262.58
3.420000 32 47 287.91
3.420000 32 48 207.67
3.420000 32 49 108.40
3.420000 32 50 98.17
3.420000 32 51 109.33
3.420000 32 52 111.69
3.420000 32 53 161.11
3.420000 32 54 158.82
3.420000 32 55 201.49
3.420000 32 56 310.65
3.420000 32 57 308.56
3.420000 32 58 312.78
3.420000 32 59 271.92
3.420000 32 60 243.15
3.420000 32 61 307.33
3.420000 32 62 333.72
3.420000 32 63 386.96
3.420000 32 64 386.20
3.420000 32 65 351.47
3.420000 32 66 331.75
3.420000 32 67 413.63
3.420000 32 68 450.23
3.420000 32 69 533.24
3.420000 32 70 552.46
3.420000 32 71 439.36
3.420000 32 72 407.83
3.420000 32 73 396.90
3.420000 32 74 344.94
3.420000 32 75 290.85
3.420000 32 76 258.00
3.420000 32 77 297.53
3.420000 32 78 246.47
3.420000 32 79 211.57
3.420000 32 80 159.40
3.420000 32 81 170.39
3.420000 32 82 174.93
3.420000 32 83 241.54
3.420000 32 84 278.42
3.420000 32 85 283.96
3.420000 32 86 319.63
3.420000 32 87 282.84
3.420000 32 88 265.78
3.420000 32 89 346.89
3.420000 32 90 340.88
3.420000 32 91 288.24
3.420000 32 92 236.66
3.420000 32 93 190.84
3.420000 32 94 222.82
3.420000 32 95 232.58
3.420000 32 96 238.55
3.420000 32 97 227.51
3.420000 32 98 279.87
3.420000 32 99 293.87
3.420000 32 100 283.28
3.420000 32 101 212.04
3.420000 32 102 164.13
3.420000 32 103 172.01
3.420000 32 104 183.50
3.420000 32 105 227.58
3.420000 32 106 238.48
3.420000 32 107 262.05
3.420000 32 108 271.84
3.420000 32 109 191.88
3.420000 32 110 194.54
3.420000 32 111 199.50
3.420000 32 112 120.18
3.420000 32 113 32.52
3.420000 32 114 27.12
3.420000 32 115 43.89
3.420000 32 116 27.38
3.420000 32 117 -67.61
3.420000 32 118  3.66
3.420000 32 119 118.04
3.420000 32 120 119.53
3.420000 32 121 83.19
3.420000 32 122 33.08
3.420000 32 123 -21.64
3.420000 32 124 -52.25
3.420000 32 125 125.83
3.420000 32 126 47.07
3.420000 32 127 -60.76
3.420000 32 128 -41.80
3.420000 32 129 -27.73
3.420000 32 130 -71.74
3.420000 32 131 -58.99
3.420000 32 132 -8.04
3.420000 32 133 -46.46
3.420000 32 134 -8.02
3.420000 32 135 -15.97
3.420000 32 136 23.72
3.420000 32 137 -33.05
3.420000 32 138 14.04
3.420000 32 139 -5.89
3.420000 32 140 -47.40
3.420000 32 141  9.78
3.420000 32 142 -9.88
3.420000 32 143 26.11
3.420000 32 144  0.22
3.420000 32 145 -109.54
3.420000 32 146 -165.75
3.420000 32 147 -162.08
3.420000 32 148 -214.77
3.420000 32 149 -205.90
3.420000 32 150 -189.77
3.420000 32 151 -186.06
3.420000 32 152 -208.67
3.420000 32 153 -178.49
3.420000 32 154 -135.15
3.420000 32 155 -73.45
3.420000 32 156 -136.04
3.420000 32 157 -141.36
3.420000 32 158 -108.44
3.420000 32 159 -3.31
3.420000 32 160 38.98
3.420000 32 161 50.68
3.420000 32 162 14.81
3.420000 32 163 12.76
3.420000 32 164  4.04
3.420000 32 165 -61.07
3.420000 32 166 -79.09
3.420000 32 167 -91.25
3.420000 32 168 -133.64
3.420000 32 169 -104.98
3.420000 32 170 -208.25
3.420000 32 171 -132.22
3.420000 32 172 -119.29
3.420000 32 173 -116.25
3.420000 32 174 -118.35
3.420000 32 175 -131.51
3.420000 32 176 -216.14
3.420000 32 177 -174.00
3.420000 32 178 -63.25
3.420000 32 179 72.13
3.420000 32 180 115.62
3.420000 32 181 191.61
3.420000 32 182 207.52
3.420000 32 183 179.58
3.420000 32 184 210.55
3.420000 32 185 220.97
3.420000 32 186 284.24
3.420000 32 187 272.42
3.420000 32 188 289.74
3.420000 32 189 260.91
3.420000 32 190 247.15
3.420000 32 191 196.61
3.420000 32 192 179.98
3.420000 32 193 116.14
3.420000 32 194 31.35
3.420000 32 195 77.52
3.420000 32 196 97.70
3.420000 32 197 166.12
3.420000 32 198 137.62
3.420000 32 199 185.18
