2.275000 64 0 45331.92
2.275000 64 1 36888.13
2.275000 64 2 30350.08
2.275000 64 3 25397.22
2.275000 64 4 21342.09
2.275000 64 5 18046.67
2.275000 64 6 14942.70
2.275000 64 7 12395.82
2.275000 64 8 10214.68
2.275000 64 9 8490.38
2.275000 64 10 7181.18
2.275000 64 11 5857.99
2.275000 64 12 4815.91
2.275000 64 13 3741.19
2.275000 64 14 2503.99
2.275000 64 15 1653.32
2.275000 64 16 1198.24
2.275000 64 17 781.97
2.275000 64 18 196.38
2.275000 64 19 -491.25
2.275000 64 20 -1042.74
2.275000 64 21 -1109.54
2.275000 64 22 -1323.84
2.275000 64 23 -1583.81
2.275000 64 24 -1787.21
2.275000 64 25 -1563.02
2.275000 64 26 -1297.92
2.275000 64 27 -959.59
2.275000 64 28 -477.50
2.275000 64 29 163.66
2.275000 64 30 598.03
2.275000 64 31 626.46
2.275000 64 32 717.33
2.275000 64 33 1005.54
2.275000 64 34 1223.09
2.275000 64 35 1032.43
2.275000 64 36 883.40
2.275000 64 37 914.83
2.275000 64 38 1130.66
2.275000 64 39 1181.78
2.275000 64 40 1343.57
2.275000 64 41 1552.22
2.275000 64 42 1716.56
2.275000 64 43 1712.01
2.275000 64 44 1823.35
2.275000 64 45 1802.97
2.275000 64 46 1820.01
2.275000 64 47 1710.21
2.275000 64 48 1518.99
2.275000 64 49 1385.52
2.275000 64 50 1526.18
2.275000 64 51 1849.05
2.275000 64 52 1916.04
2.275000 64 53 2099.05
2.275000 64 54 2289.71
2.275000 64 55 1971.18
2.275000 64 56 1893.33
2.275000 64 57 1978.16
2.275000 64 58 1904.30
2.275000 64 59 1831.42
2.275000 64 60 1800.62
2.275000 64 61 1836.06
2.275000 64 62 1822.65
2.275000 64 63 1829.12
2.275000 64 64 1895.48
2.275000 64 65 1591.54
2.275000 64 66 1406.23
2.275000 64 67 1172.27
2.275000 64 68 1091.51
2.275000 64 69 856.62
2.275000 64 70 556.38
2.275000 64 71 218.89
2.275000 64 72 -52.60
2.275000 64 73 -655.96
2.275000 64 74 -1045.39
2.275000 64 75 -1203.15
2.275000 64 76 -1307.09
2.275000 64 77 -1611.27
2.275000 64 78 -1703.91
2.275000 64 79 -2020.00
2.275000 64 80 -2329.44
2.275000 64 81 -2472.48
2.275000 64 82 -2434.30
2.275000 64 83 -2379.76
2.275000 64 84 -2538.26
2.275000 64 85 -2679.21
2.275000 64 86 -2494.76
2.275000 64 87 -2296.73
2.275000 64 88 -2339.34
2.275000 64 89 -2202.84
2.275000 64 90 -1959.85
2.275000 64 91 -1546.07
2.275000 64 92 -1175.64
2.275000 64 93 -864.56
2.275000 64 94 -403.02
2.275000 64 95 137.20
2.275000 64 96 504.00
2.275000 64 97 1085.48
2.275000 64 98 1409.14
2.275000 64 99 1705.78
2.275000 64 100 2011.67
2.275000 64 101 1996.30
2.275000 64 102 2145.57
2.275000 64 103 2183.36
2.275000 64 104 2101.51
2.275000 64 105 2008.31
2.275000 64 106 2077.84
2.275000 64 107 2118.18
2.275000 64 108 2007.95
2.275000 64 109 1933.87
2.275000 64 110 1767.19
2.275000 64 111 1628.69
2.275000 64 112 1686.86
2.275000 64 113 1459.60
2.275000 64 114 993.63
2.275000 64 115 508.04
2.275000 64 116 237.42
2.275000 64 117 58.06
2.275000 64 118 -220.98
2.275000 64 119 -420.26
2.275000 64 120 -878.05
2.275000 64 121 -1227.74
2.275000 64 122 -1740.40
2.275000 64 123 -2157.69
2.275000 64 124 -2636.16
2.275000 64 125 -3355.21
2.275000 64 126 -4013.67
2.275000 64 127 -4493.81
2.275000 64 128 -5064.30
2.275000 64 129 -5381.30
2.275000 64 130 -5691.88
2.275000 64 131 -6040.87
2.275000 64 132 -6443.92
2.275000 64 133 -6637.53
2.275000 64 134 -6702.24
2.275000 64 135 -6752.80
2.275000 64 136 -6607.15
2.275000 64 137 -6487.53
2.275000 64 138 -6146.57
2.275000 64 139 -6243.24
2.275000 64 140 -6027.56
2.275000 64 141 -5875.22
2.275000 64 142 -5423.58
2.275000 64 143 -5027.40
2.275000 64 144 -4775.93
2.275000 64 145 -4510.54
2.275000 64 146 -4306.68
2.275000 64 147 -4303.00
2.275000 64 148 -4088.64
2.275000 64 149 -3911.42
2.275000 64 150 -3593.79
2.275000 64 151 -3196.69
2.275000 64 152 -2998.33
2.275000 64 153 -2828.48
2.275000 64 154 -2487.83
2.275000 64 155 -2297.65
2.275000 64 156 -2311.65
2.275000 64 157 -2355.12
2.275000 64 158 -2769.05
2.275000 64 159 -3037.46
2.275000 64 160 -3369.31
2.275000 64 161 -3743.90
2.275000 64 162 -3914.81
2.275000 64 163 -3897.73
2.275000 64 164 -3880.09
2.275000 64 165 -3815.13
2.275000 64 166 -3545.60
2.275000 64 167 -3251.69
2.275000 64 168 -3082.94
2.275000 64 169 -3013.75
2.275000 64 170 -2978.36
2.275000 64 171 -2963.10
2.275000 64 172 -2894.95
2.275000 64 173 -2982.98
2.275000 64 174 -3446.34
2.275000 64 175 -3752.22
2.275000 64 176 -3962.85
2.275000 64 177 -4071.72
2.275000 64 178 -4002.23
2.275000 64 179 -3994.29
2.275000 64 180 -4207.04
2.275000 64 181 -4171.60
2.275000 64 182 -3968.88
2.275000 64 183 -4092.36
2.275000 64 184 -4075.56
2.275000 64 185 -4074.44
2.275000 64 186 -4274.88
2.275000 64 187 -4636.68
2.275000 64 188 -4933.10
2.275000 64 189 -5079.89
2.275000 64 190 -5644.34
2.275000 64 191 -5885.21
2.275000 64 192 -5912.95
2.275000 64 193 -6053.37
2.275000 64 194 -5854.35
2.275000 64 195 -5522.11
2.275000 64 196 -5274.38
2.275000 64 197 -5128.30
2.275000 64 198 -4728.29
2.275000 64 199 -4496.24
