3.637000 96 0 287194.17
3.637000 96 1 239605.73
3.637000 96 2 202394.30
3.637000 96 3 172362.67
3.637000 96 4 148266.87
3.637000 96 5 128241.31
3.637000 96 6 111376.91
3.637000 96 7 96736.07
3.637000 96 8 84427.48
3.637000 96 9 73334.13
3.637000 96 10 64183.66
3.637000 96 11 56470.17
3.637000 96 12 49804.01
3.637000 96 13 43938.55
3.637000 96 14 39088.46
3.637000 96 15 34916.64
3.637000 96 16 31258.51
3.637000 96 17 27605.23
3.637000 96 18 24289.97
3.637000 96 19 20962.42
3.637000 96 20 18290.61
3.637000 96 21 16628.62
3.637000 96 22 15094.94
3.637000 96 23 14000.77
3.637000 96 24 12719.97
3.637000 96 25 11693.62
3.637000 96 26 10701.25
3.637000 96 27 10416.43
3.637000 96 28 9858.65
3.637000 96 29 9042.50
3.637000 96 30 8092.80
3.637000 96 31 7056.35
3.637000 96 32 5979.65
3.637000 96 33 4940.58
3.637000 96 34 4708.99
3.637000 96 35 4720.73
3.637000 96 36 4563.99
3.637000 96 37 4330.42
3.637000 96 38 4017.67
3.637000 96 39 4062.77
3.637000 96 40 4125.62
3.637000 96 41 4283.41
3.637000 96 42 4350.34
3.637000 96 43 4276.69
3.637000 96 44 4195.83
3.637000 96 45 4575.00
3.637000 96 46 4904.55
3.637000 96 47 4971.82
3.637000 96 48 4518.08
3.637000 96 49 4634.62
3.637000 96 50 4935.27
3.637000 96 51 5291.33
3.637000 96 52 5250.13
3.637000 96 53 5426.60
3.637000 96 54 5394.26
3.637000 96 55 5442.92
3.637000 96 56 5218.58
3.637000 96 57 5075.01
3.637000 96 58 4952.39
3.637000 96 59 4397.52
3.637000 96 60 3852.46
3.637000 96 61 2941.41
3.637000 96 62 3050.05
3.637000 96 63 3012.73
3.637000 96 64 2907.73
3.637000 96 65 2154.99
3.637000 96 66 2180.23
3.637000 96 67 2308.60
3.637000 96 68 1997.17
3.637000 96 69 1230.61
3.637000 96 70 583.78
3.637000 96 71 241.21
3.637000 96 72 604.92
3.637000 96 73 595.13
3.637000 96 74 326.25
3.637000 96 75 56.62
3.637000 96 76 -112.22
3.637000 96 77 -520.29
3.637000 96 78 -605.15
3.637000 96 79 -726.01
3.637000 96 80 -688.64
3.637000 96 81 -861.25
3.637000 96 82 -1190.70
3.637000 96 83 -1812.39
3.637000 96 84 -2098.31
3.637000 96 85 -2242.65
3.637000 96 86 -2054.03
3.637000 96 87 -2119.12
3.637000 96 88 -1838.62
3.637000 96 89 -1332.44
3.637000 96 90 -603.39
3.637000 96 91 -53.84
3.637000 96 92 161.62
3.637000 96 93 560.58
3.637000 96 94 1117.61
3.637000 96 95 1276.19
3.637000 96 96 1518.02
3.637000 96 97 1710.26
3.637000 96 98 1526.60
3.637000 96 99 1234.45
3.637000 96 100 1153.25
3.637000 96 101 899.24
3.637000 96 102 926.74
3.637000 96 103 778.37
3.637000 96 104 18.93
3.637000 96 105 -193.12
3.637000 96 106 -36.76
3.637000 96 107 -231.59
3.637000 96 108 -408.50
3.637000 96 109 -817.10
3.637000 96 110 -1282.15
3.637000 96 111 -1643.98
3.637000 96 112 -1753.81
3.637000 96 113 -2023.00
3.637000 96 114 -2630.24
3.637000 96 115 -2447.07
3.637000 96 116 -2352.40
3.637000 96 117 -1878.76
3.637000 96 118 -1483.68
3.637000 96 119 -1548.51
3.637000 96 120 -1451.92
3.637000 96 121 -1137.72
3.637000 96 122 -917.35
3.637000 96 123 -718.48
3.637000 96 124 -58.58
3.637000 96 125 627.30
3.637000 96 126 918.99
3.637000 96 127 843.84
3.637000 96 128 1200.13
3.637000 96 129 1639.99
3.637000 96 130 1818.96
3.637000 96 131 1905.94
3.637000 96 132 1063.81
3.637000 96 133 381.44
3.637000 96 134 294.74
3.637000 96 135 617.03
3.637000 96 136 778.09
3.637000 96 137 552.02
3.637000 96 138 482.00
3.637000 96 139 415.00
3.637000 96 140 353.32
3.637000 96 141 284.94
3.637000 96 142 180.36
3.637000 96 143 291.15
3.637000 96 144 495.85
3.637000 96 145 721.76
3.637000 96 146 919.73
3.637000 96 147 826.23
3.637000 96 148 1063.00
3.637000 96 149 1297.48
3.637000 96 150 1307.48
3.637000 96 151 1954.60
3.637000 96 152 2241.90
3.637000 96 153 2471.94
3.637000 96 154 2322.41
3.637000 96 155 1993.08
3.637000 96 156 1566.36
3.637000 96 157 1548.44
3.637000 96 158 1598.80
3.637000 96 159 1657.38
3.637000 96 160 1753.17
3.637000 96 161 2241.73
3.637000 96 162 2247.45
3.637000 96 163 1925.59
3.637000 96 164 1415.37
3.637000 96 165 1308.61
3.637000 96 166 1117.05
3.637000 96 167 1459.46
3.637000 96 168 1745.21
3.637000 96 169 1748.67
3.637000 96 170 1760.94
3.637000 96 171 1517.88
3.637000 96 172 1285.43
3.637000 96 173 1056.11
3.637000 96 174 1467.50
3.637000 96 175 1809.56
3.637000 96 176 2402.79
3.637000 96 177 3057.20
3.637000 96 178 3039.94
3.637000 96 179 3245.61
3.637000 96 180 3374.03
3.637000 96 181 3233.19
3.637000 96 182 3000.63
3.637000 96 183 3447.92
3.637000 96 184 3819.18
3.637000 96 185 4090.64
3.637000 96 186 4435.25
3.637000 96 187 4812.72
3.637000 96 188 5018.87
3.637000 96 189 5482.35
3.637000 96 190 5811.74
3.637000 96 191 6122.83
3.637000 96 192 6413.10
3.637000 96 193 7207.35
3.637000 96 194 7753.19
3.637000 96 195 8026.49
3.637000 96 196 8025.35
3.637000 96 197 7690.49
3.637000 96 198 7856.77
3.637000 96 199 7917.94
