3.460000 128 0 236677.23
3.460000 128 1 126773.20
3.460000 128 2 69575.18
3.460000 128 3 38794.45
3.460000 128 4 21539.71
3.460000 128 5 11658.35
3.460000 128 6 6352.20
3.460000 128 7 3662.24
3.460000 128 8 2488.33
3.460000 128 9 1392.25
3.460000 128 10 -245.62
3.460000 128 11 -150.39
3.460000 128 12 -62.52
3.460000 128 13 -260.33
3.460000 128 14 -323.61
3.460000 128 15 -426.92
3.460000 128 16 873.12
3.460000 128 17 753.52
3.460000 128 18 69.32
3.460000 128 19 187.13
3.460000 128 20 275.73
3.460000 128 21 -705.85
3.460000 128 22 -176.00
3.460000 128 23 819.99
3.460000 128 24 1194.50
3.460000 128 25 1469.08
3.460000 128 26 1555.33
3.460000 128 27 962.14
3.460000 128 28 751.24
3.460000 128 29 2140.95
3.460000 128 30 1124.68
3.460000 128 31 551.91
3.460000 128 32 -626.11
3.460000 128 33 -253.25
3.460000 128 34 706.89
3.460000 128 35 602.01
3.460000 128 36 978.62
3.460000 128 37 1835.65
3.460000 128 38 2736.81
3.460000 128 39 3035.76
3.460000 128 40 3568.63
3.460000 128 41 3345.52
3.460000 128 42 3046.47
3.460000 128 43 2759.61
3.460000 128 44 2030.45
3.460000 128 45 2556.61
3.460000 128 46 2628.33
3.460000 128 47 3384.22
3.460000 128 48 3098.84
3.460000 128 49 2323.65
3.460000 128 50 2035.00
3.460000 128 51 3441.82
3.460000 128 52 4294.67
3.460000 128 53 4449.21
3.460000 128 54 5182.02
3.460000 128 55 4860.92
3.460000 128 56 5161.36
3.460000 128 57 5334.38
3.460000 128 58 5740.68
3.460000 128 59 6512.40
3.460000 128 60 5405.70
3.460000 128 61 4994.48
3.460000 128 62 4694.48
3.460000 128 63 5131.63
3.460000 128 64 4814.52
3.460000 128 65 4757.81
3.460000 128 66 5600.51
3.460000 128 67 6041.15
3.460000 128 68 6707.86
3.460000 128 69 7148.70
3.460000 128 70 7950.44
3.460000 128 71 7821.20
3.460000 128 72 7544.33
3.460000 128 73 6873.67
3.460000 128 74 5962.67
3.460000 128 75 5241.71
3.460000 128 76 5313.31
3.460000 128 77 5139.27
3.460000 128 78 3516.40
3.460000 128 79 3686.29
3.460000 128 80 4311.41
3.460000 128 81 5447.62
3.460000 128 82 4844.06
3.460000 128 83 5102.23
3.460000 128 84 4592.61
3.460000 128 85 3625.79
3.460000 128 86 3450.35
3.460000 128 87 2955.41
3.460000 128 88 2990.93
3.460000 128 89 4329.41
3.460000 128 90 5032.92
3.460000 128 91 6182.38
3.460000 128 92 5535.75
3.460000 128 93 5173.72
3.460000 128 94 4685.55
3.460000 128 95 5157.92
3.460000 128 96 4742.41
3.460000 128 97 4269.95
3.460000 128 98 4412.98
3.460000 128 99 4637.61
3.460000 128 100 4930.14
3.460000 128 101 4761.38
3.460000 128 102 3866.20
3.460000 128 103 4164.36
3.460000 128 104 4804.66
3.460000 128 105 5564.49
3.460000 128 106 5600.76
3.460000 128 107 5386.01
3.460000 128 108 5745.60
3.460000 128 109 5401.98
3.460000 128 110 5373.88
3.460000 128 111 4690.20
3.460000 128 112 4319.72
3.460000 128 113 4112.31
3.460000 128 114 3952.53
3.460000 128 115 5014.93
3.460000 128 116 5919.54
3.460000 128 117 6345.60
3.460000 128 118 6050.01
3.460000 128 119 7156.59
3.460000 128 120 8806.59
3.460000 128 121 9806.93
3.460000 128 122 9714.76
3.460000 128 123 8821.09
3.460000 128 124 8390.37
3.460000 128 125 7298.17
3.460000 128 126 6272.32
3.460000 128 127 6292.82
3.460000 128 128 7504.24
3.460000 128 129 9153.62
3.460000 128 130 9166.17
3.460000 128 131 8718.34
3.460000 128 132 8431.54
3.460000 128 133 7790.20
3.460000 128 134 8330.91
3.460000 128 135 9140.99
3.460000 128 136 10662.73
3.460000 128 137 11410.90
3.460000 128 138 11459.51
3.460000 128 139 11266.01
3.460000 128 140 11022.40
3.460000 128 141 11776.93
3.460000 128 142 12023.87
3.460000 128 143 11947.82
3.460000 128 144 11591.34
3.460000 128 145 11326.28
3.460000 128 146 11207.21
3.460000 128 147 12133.84
3.460000 128 148 12272.51
3.460000 128 149 11764.73
3.460000 128 150 12398.10
3.460000 128 151 12995.46
3.460000 128 152 13194.81
3.460000 128 153 13691.37
3.460000 128 154 13684.86
3.460000 128 155 13422.40
3.460000 128 156 13502.21
3.460000 128 157 14205.56
3.460000 128 158 14858.12
3.460000 128 159 15648.55
3.460000 128 160 15813.18
3.460000 128 161 17475.79
3.460000 128 162 18046.72
3.460000 128 163 19018.38
3.460000 128 164 18770.38
3.460000 128 165 19244.65
3.460000 128 166 19433.47
3.460000 128 167 18704.08
3.460000 128 168 17912.32
3.460000 128 169 18075.59
3.460000 128 170 18778.54
3.460000 128 171 18503.11
3.460000 128 172 18805.53
3.460000 128 173 19352.46
3.460000 128 174 18566.19
3.460000 128 175 18383.07
3.460000 128 176 18856.05
3.460000 128 177 20134.80
3.460000 128 178 20900.40
3.460000 128 179 22120.32
3.460000 128 180 21924.67
3.460000 128 181 22351.30
3.460000 128 182 22078.87
3.460000 128 183 22178.21
3.460000 128 184 22784.90
3.460000 128 185 22663.73
3.460000 128 186 22626.24
3.460000 128 187 22540.31
3.460000 128 188 22648.47
3.460000 128 189 21324.45
3.460000 128 190 20125.58
3.460000 128 191 19861.53
3.460000 128 192 19935.05
3.460000 128 193 20328.86
3.460000 128 194 20267.29
3.460000 128 195 19842.93
3.460000 128 196 19404.43
3.460000 128 197 19488.81
3.460000 128 198 19557.02
3.460000 128 199 19190.08
