3.600000 96 0 105065.00
3.600000 96 1 78471.49
3.600000 96 2 59985.90
3.600000 96 3 46251.41
3.600000 96 4 36208.75
3.600000 96 5 28058.74
3.600000 96 6 21838.78
3.600000 96 7 16996.51
3.600000 96 8 12545.23
3.600000 96 9 9410.83
3.600000 96 10 6502.33
3.600000 96 11 4167.16
3.600000 96 12 2987.29
3.600000 96 13 2533.97
3.600000 96 14 2870.96
3.600000 96 15 3462.38
3.600000 96 16 3839.15
3.600000 96 17 4306.79
3.600000 96 18 4872.12
3.600000 96 19 5468.08
3.600000 96 20 5251.53
3.600000 96 21 4893.45
3.600000 96 22 3530.41
3.600000 96 23 2532.62
3.600000 96 24 1483.13
3.600000 96 25 1278.01
3.600000 96 26 18.10
3.600000 96 27 574.88
3.600000 96 28 76.08
3.600000 96 29 -815.54
3.600000 96 30 -1640.28
3.600000 96 31 -1332.19
3.600000 96 32 -636.08
3.600000 96 33 -492.77
3.600000 96 34 -1740.21
3.600000 96 35 -3047.27
3.600000 96 36 -3431.60
3.600000 96 37 -2919.74
3.600000 96 38 -1811.87
3.600000 96 39 -1415.82
3.600000 96 40 -1736.70
3.600000 96 41 -2176.34
3.600000 96 42 -1935.45
3.600000 96 43 -1408.73
3.600000 96 44 -819.38
3.600000 96 45 -510.83
3.600000 96 46 569.57
3.600000 96 47 795.80
3.600000 96 48 447.13
3.600000 96 49 -198.24
3.600000 96 50 -429.49
3.600000 96 51 -1100.59
3.600000 96 52 -2084.49
3.600000 96 53 -3209.81
3.600000 96 54 -3446.86
3.600000 96 55 -4004.88
3.600000 96 56 -4005.17
3.600000 96 57 -4425.46
3.600000 96 58 -4038.76
3.600000 96 59 -4218.34
3.600000 96 60 -3234.71
3.600000 96 61 -2840.88
3.600000 96 62 -2836.43
3.600000 96 63 -5142.49
3.600000 96 64 -6756.38
3.600000 96 65 -7601.72
3.600000 96 66 -7476.84
3.600000 96 67 -7302.27
3.600000 96 68 -7177.81
3.600000 96 69 -6545.00
3.600000 96 70 -6379.65
3.600000 96 71 -6463.11
3.600000 96 72 -6483.91
3.600000 96 73 -5312.25
3.600000 96 74 -4075.07
3.600000 96 75 -5228.55
3.600000 96 76 -6990.24
3.600000 96 77 -8779.47
3.600000 96 78 -9479.40
3.600000 96 79 -9749.18
3.600000 96 80 -10030.21
3.600000 96 81 -10624.54
3.600000 96 82 -11303.67
3.600000 96 83 -11254.10
3.600000 96 84 -11653.91
3.600000 96 85 -11450.37
3.600000 96 86 -11095.96
3.600000 96 87 -10391.48
3.600000 96 88 -10084.83
3.600000 96 89 -9519.99
3.600000 96 90 -9959.81
3.600000 96 91 -9309.98
3.600000 96 92 -8174.95
3.600000 96 93 -7575.61
3.600000 96 94 -6609.86
3.600000 96 95 -7403.63
3.600000 96 96 -8499.40
3.600000 96 97 -9361.44
3.600000 96 98 -10190.57
3.600000 96 99 -10859.64
3.600000 96 100 -11384.08
3.600000 96 101 -12469.98
3.600000 96 102 -13623.76
3.600000 96 103 -14422.67
3.600000 96 104 -15172.20
3.600000 96 105 -15662.18
3.600000 96 106 -16130.33
3.600000 96 107 -16158.70
3.600000 96 108 -16130.43
3.600000 96 109 -16358.01
3.600000 96 110 -16776.18
3.600000 96 111 -17580.27
3.600000 96 112 -17893.96
3.600000 96 113 -17322.51
3.600000 96 114 -17104.52
3.600000 96 115 -17715.78
3.600000 96 116 -18033.90
3.600000 96 117 -18148.55
3.600000 96 118 -17079.87
3.600000 96 119 -15751.30
3.600000 96 120 -14779.03
3.600000 96 121 -14854.87
3.600000 96 122 -15128.71
3.600000 96 123 -15113.95
3.600000 96 124 -16439.17
3.600000 96 125 -16263.70
3.600000 96 126 -15976.05
3.600000 96 127 -15490.73
3.600000 96 128 -15432.60
3.600000 96 129 -16191.50
3.600000 96 130 -16819.18
3.600000 96 131 -16870.14
3.600000 96 132 -17070.83
3.600000 96 133 -18369.68
3.600000 96 134 -19596.00
3.600000 96 135 -20754.19
3.600000 96 136 -21190.37
3.600000 96 137 -21255.69
3.600000 96 138 -22742.31
3.600000 96 139 -24578.57
3.600000 96 140 -24651.63
3.600000 96 141 -25260.13
3.600000 96 142 -25226.26
3.600000 96 143 -24029.26
3.600000 96 144 -23837.72
3.600000 96 145 -23273.66
3.600000 96 146 -23337.28
3.600000 96 147 -22244.83
3.600000 96 148 -21679.13
3.600000 96 149 -21285.90
3.600000 96 150 -20623.06
3.600000 96 151 -19893.69
3.600000 96 152 -19425.98
3.600000 96 153 -19266.62
3.600000 96 154 -19034.77
3.600000 96 155 -19850.08
3.600000 96 156 -19446.24
3.600000 96 157 -19626.43
3.600000 96 158 -18054.28
3.600000 96 159 -18238.24
3.600000 96 160 -18034.11
3.600000 96 161 -19184.41
3.600000 96 162 -19662.69
3.600000 96 163 -19892.69
3.600000 96 164 -20095.08
3.600000 96 165 -20406.23
3.600000 96 166 -20174.90
3.600000 96 167 -20328.60
3.600000 96 168 -22267.88
3.600000 96 169 -23238.44
3.600000 96 170 -24027.42
3.600000 96 171 -24305.81
3.600000 96 172 -23686.38
3.600000 96 173 -23827.13
3.600000 96 174 -24123.54
3.600000 96 175 -24183.13
3.600000 96 176 -23479.03
3.600000 96 177 -23061.02
3.600000 96 178 -22856.63
3.600000 96 179 -23154.78
3.600000 96 180 -21965.05
3.600000 96 181 -22284.74
3.600000 96 182 -22910.22
3.600000 96 183 -22651.71
3.600000 96 184 -22466.84
3.600000 96 185 -21844.97
3.600000 96 186 -22055.59
3.600000 96 187 -22579.62
3.600000 96 188 -22447.36
3.600000 96 189 -22942.38
3.600000 96 190 -24393.03
3.600000 96 191 -23858.77
3.600000 96 192 -22863.80
3.600000 96 193 -21910.48
3.600000 96 194 -21666.86
3.600000 96 195 -20901.32
3.600000 96 196 -21263.35
3.600000 96 197 -20293.98
3.600000 96 198 -19981.43
3.600000 96 199 -19356.00
