2.200000 16 0 1609.29
2.200000 16 1 918.90
2.200000 16 2 555.24
2.200000 16 3 343.70
2.200000 16 4 226.73
2.200000 16 5 137.18
2.200000 16 6 77.83
2.200000 16 7 47.88
2.200000 16 8 33.62
2.200000 16 9  8.29
2.200000 16 10 -5.97
2.200000 16 11 -3.64
2.200000 16 12  9.47
2.200000 16 13  2.54
2.200000 16 14 -10.18
2.200000 16 15 -5.92
2.200000 16 16  4.62
2.200000 16 17  1.41
2.200000 16 18 -5.87
2.200000 16 19 -0.88
2.200000 16 20 -22.08
2.200000 16 21 -24.91
2.200000 16 22 -11.40
2.200000 16 23  2.53
2.200000 16 24 -14.49
2.200000 16 25 -23.57
2.200000 16 26 -14.38
2.200000 16 27 -8.62
2.200000 16 28 -4.54
2.200000 16 29 -1.82
2.200000 16 30 -9.61
2.200000 16 31 -5.72
2.200000 16 32  1.84
2.200000 16 33  3.74
2.200000 16 34 -0.15
2.200000 16 35 18.57
2.200000 16 36  8.77
2.200000 16 37 -13.05
2.200000 16 38 -12.54
2.200000 16 39 -20.61
2.200000 16 40 -13.43
2.200000 16 41 -13.94
2.200000 16 42  1.67
2.200000 16 43  6.70
2.200000 16 44 -8.50
2.200000 16 45 -13.33
2.200000 16 46 -22.51
2.200000 16 47 -27.70
2.200000 16 48 -40.76
2.200000 16 49 -35.90
2.200000 16 50 -46.07
2.200000 16 51 -53.12
2.200000 16 52 -74.69
2.200000 16 53 -68.25
2.200000 16 54 -53.12
2.200000 16 55 -37.65
2.200000 16 56 -28.67
2.200000 16 57 -17.02
2.200000 16 58 -8.15
2.200000 16 59 -11.86
2.200000 16 60 -26.34
2.200000 16 61 -17.14
2.200000 16 62 -26.22
2.200000 16 63 -27.00
2.200000 16 64 -17.69
2.200000 16 65 -20.98
2.200000 16 66 -14.27
2.200000 16 67 -37.70
2.200000 16 68 -41.73
2.200000 16 69 -32.60
2.200000 16 70 -26.67
2.200000 16 71 -33.76
2.200000 16 72 -16.54
2.200000 16 73 -17.76
2.200000 16 74 -35.62
2.200000 16 75 -54.65
2.200000 16 76 -59.72
2.200000 16 77 -72.11
2.200000 16 78 -69.81
2.200000 16 79 -71.20
2.200000 16 80 -46.47
2.200000 16 81 -21.43
2.200000 16 82 -23.49
2.200000 16 83 -36.38
2.200000 16 84 -57.11
2.200000 16 85 -55.21
2.200000 16 86 -44.61
2.200000 16 87 -33.85
2.200000 16 88 -10.36
2.200000 16 89 13.10
2.200000 16 90 16.47
2.200000 16 91 16.29
2.200000 16 92 20.16
2.200000 16 93 16.26
2.200000 16 94 10.64
2.200000 16 95 -7.68
2.200000 16 96 -6.47
2.200000 16 97  0.38
2.200000 16 98 -4.65
2.200000 16 99 -3.93
2.200000 16 100 10.94
2.200000 16 101 16.80
2.200000 16 102 18.05
2.200000 16 103 20.34
2.200000 16 104 40.69
2.200000 16 105 41.10
2.200000 16 106 40.56
2.200000 16 107 41.99
2.200000 16 108 32.10
2.200000 16 109  8.90
2.200000 16 110 11.90
2.200000 16 111 14.40
2.200000 16 112 -2.11
2.200000 16 113 -28.93
2.200000 16 114 -44.91
2.200000 16 115 -30.79
2.200000 16 116 -9.70
2.200000 16 117 -11.60
2.200000 16 118 -10.61
2.200000 16 119 10.70
2.200000 16 120 12.57
2.200000 16 121  3.79
2.200000 16 122 -22.92
2.200000 16 123 -21.77
2.200000 16 124 -11.55
2.200000 16 125 -19.63
2.200000 16 126 -7.59
2.200000 16 127  3.77
2.200000 16 128 11.00
2.200000 16 129  7.19
2.200000 16 130  2.46
2.200000 16 131 -3.20
2.200000 16 132 -9.18
2.200000 16 133  1.39
2.200000 16 134 -3.11
2.200000 16 135 -2.58
2.200000 16 136 -1.27
2.200000 16 137 -4.04
2.200000 16 138 -2.44
2.200000 16 139 -3.99
2.200000 16 140 -4.50
2.200000 16 141 -20.39
2.200000 16 142 -26.24
2.200000 16 143 11.20
2.200000 16 144 31.28
2.200000 16 145 55.71
2.200000 16 146 52.75
2.200000 16 147 46.66
2.200000 16 148 43.76
2.200000 16 149 41.87
2.200000 16 150 45.09
2.200000 16 151 38.10
2.200000 16 152 28.40
2.200000 16 153 37.70
2.200000 16 154 29.64
2.200000 16 155 33.45
2.200000 16 156 37.66
2.200000 16 157 23.66
2.200000 16 158 15.43
2.200000 16 159 20.40
2.200000 16 160 17.90
2.200000 16 161 17.06
2.200000 16 162 22.99
2.200000 16 163 44.79
2.200000 16 164 39.10
2.200000 16 165 33.91
2.200000 16 166 20.49
2.200000 16 167 13.33
2.200000 16 168 22.75
2.200000 16 169 21.53
2.200000 16 170 13.45
2.200000 16 171 18.66
2.200000 16 172 17.09
2.200000 16 173 22.02
2.200000 16 174 25.27
2.200000 16 175 31.88
2.200000 16 176 37.12
2.200000 16 177 33.14
2.200000 16 178 27.78
2.200000 16 179 35.86
2.200000 16 180 33.26
2.200000 16 181 16.04
2.200000 16 182  7.66
2.200000 16 183  1.34
2.200000 16 184 16.78
2.200000 16 185 35.70
2.200000 16 186 45.31
2.200000 16 187 31.40
2.200000 16 188 25.98
2.200000 16 189 13.10
2.200000 16 190 20.65
2.200000 16 191 22.36
2.200000 16 192 10.70
2.200000 16 193 15.66
2.200000 16 194 19.80
2.200000 16 195 -9.46
2.200000 16 196  9.04
2.200000 16 197  1.02
2.200000 16 198  1.39
2.200000 16 199 -11.04
