3.500000 64 0 30302.98
3.500000 64 1 18083.15
3.500000 64 2 11363.83
3.500000 64 3 7618.68
3.500000 64 4 5368.94
3.500000 64 5 3963.41
3.500000 64 6 3150.35
3.500000 64 7 2360.69
3.500000 64 8 1503.30
3.500000 64 9 1049.72
3.500000 64 10 495.28
3.500000 64 11 -16.03
3.500000 64 12 -263.83
3.500000 64 13 -324.50
3.500000 64 14 -297.07
3.500000 64 15 -386.52
3.500000 64 16 -932.43
3.500000 64 17 -661.25
3.500000 64 18 -354.74
3.500000 64 19 294.70
3.500000 64 20 418.35
3.500000 64 21 417.64
3.500000 64 22 232.14
3.500000 64 23 161.80
3.500000 64 24 509.81
3.500000 64 25 725.73
3.500000 64 26 663.25
3.500000 64 27 812.24
3.500000 64 28 567.29
3.500000 64 29 510.99
3.500000 64 30 319.92
3.500000 64 31 303.09
3.500000 64 32 108.11
3.500000 64 33 -156.69
3.500000 64 34 -277.30
3.500000 64 35 -468.15
3.500000 64 36 -341.28
3.500000 64 37 -660.72
3.500000 64 38 -877.41
3.500000 64 39 -630.38
3.500000 64 40 -656.25
3.500000 64 41 -729.18
3.500000 64 42 -783.29
3.500000 64 43 -1146.38
3.500000 64 44 -1435.77
3.500000 64 45 -1621.31
3.500000 64 46 -1415.04
3.500000 64 47 -1031.60
3.500000 64 48 -909.21
3.500000 64 49 -536.60
3.500000 64 50 -401.92
3.500000 64 51 -482.31
3.500000 64 52 -605.89
3.500000 64 53 -902.47
3.500000 64 54 -955.62
3.500000 64 55 -940.20
3.500000 64 56 -1012.72
3.500000 64 57 -1010.98
3.500000 64 58 -1388.49
3.500000 64 59 -1741.87
3.500000 64 60 -1567.69
3.500000 64 61 -1412.86
3.500000 64 62 -1463.35
3.500000 64 63 -1807.69
3.500000 64 64 -1484.71
3.500000 64 65 -1189.23
3.500000 64 66 -1000.42
3.500000 64 67 -802.98
3.500000 64 68 -757.32
3.500000 64 69 -427.82
3.500000 64 70 -176.03
3.500000 64 71 23.18
3.500000 64 72 -20.81
3.500000 64 73 357.53
3.500000 64 74 615.76
3.500000 64 75 862.34
3.500000 64 76 977.00
3.500000 64 77 973.85
3.500000 64 78 876.80
3.500000 64 79 815.29
3.500000 64 80 477.79
3.500000 64 81 336.86
3.500000 64 82 618.70
3.500000 64 83 706.86
3.500000 64 84 789.63
3.500000 64 85 1107.33
3.500000 64 86 1311.88
3.500000 64 87 1440.12
3.500000 64 88 1093.74
3.500000 64 89 807.07
3.500000 64 90 588.83
3.500000 64 91 378.46
3.500000 64 92 450.87
3.500000 64 93 265.57
3.500000 64 94 -83.83
3.500000 64 95 -359.20
3.500000 64 96 -340.33
3.500000 64 97 -34.22
3.500000 64 98 -25.78
3.500000 64 99 -130.57
3.500000 64 100 -568.93
3.500000 64 101 -653.84
3.500000 64 102 -986.85
3.500000 64 103 -1046.97
3.500000 64 104 -1307.16
3.500000 64 105 -1299.03
3.500000 64 106 -1385.49
3.500000 64 107 -1541.05
3.500000 64 108 -1838.77
3.500000 64 109 -2128.42
3.500000 64 110 -2081.70
3.500000 64 111 -2174.88
3.500000 64 112 -1986.64
3.500000 64 113 -1679.63
3.500000 64 114 -1372.60
3.500000 64 115 -1223.19
3.500000 64 116 -798.34
3.500000 64 117 -1053.21
3.500000 64 118 -1094.19
3.500000 64 119 -795.51
3.500000 64 120 -1044.46
3.500000 64 121 -1077.90
3.500000 64 122 -702.32
3.500000 64 123 -383.62
3.500000 64 124 -634.66
3.500000 64 125 -936.22
3.500000 64 126 -1448.73
3.500000 64 127 -1408.24
3.500000 64 128 -1144.09
3.500000 64 129 -1372.51
3.500000 64 130 -1918.75
3.500000 64 131 -2397.36
3.500000 64 132 -2848.94
3.500000 64 133 -3018.42
3.500000 64 134 -2829.49
3.500000 64 135 -3111.00
3.500000 64 136 -2890.17
3.500000 64 137 -2673.84
3.500000 64 138 -2393.14
3.500000 64 139 -2206.53
3.500000 64 140 -2660.93
3.500000 64 141 -2294.91
3.500000 64 142 -1986.56
3.500000 64 143 -1781.42
3.500000 64 144 -1634.91
3.500000 64 145 -1743.35
3.500000 64 146 -1666.09
3.500000 64 147 -1837.32
3.500000 64 148 -2165.06
3.500000 64 149 -2635.95
3.500000 64 150 -2246.46
3.500000 64 151 -2027.55
3.500000 64 152 -1450.99
3.500000 64 153 -1455.23
3.500000 64 154 -1518.39
3.500000 64 155 -1777.05
3.500000 64 156 -2125.51
3.500000 64 157 -2504.78
3.500000 64 158 -2558.80
3.500000 64 159 -2389.17
3.500000 64 160 -2408.45
3.500000 64 161 -2275.81
3.500000 64 162 -1854.44
3.500000 64 163 -1236.92
3.500000 64 164 -643.24
3.500000 64 165 469.76
3.500000 64 166 1177.23
3.500000 64 167 1334.49
3.500000 64 168 2131.68
3.500000 64 169 2430.17
3.500000 64 170 2466.01
3.500000 64 171 2499.08
3.500000 64 172 2757.57
3.500000 64 173 3120.70
3.500000 64 174 3306.19
3.500000 64 175 3351.35
3.500000 64 176 3290.24
3.500000 64 177 3466.19
3.500000 64 178 3569.61
3.500000 64 179 3363.98
3.500000 64 180 3179.36
3.500000 64 181 2888.66
3.500000 64 182 2654.58
3.500000 64 183 3064.10
3.500000 64 184 3020.62
3.500000 64 185 2989.72
3.500000 64 186 2644.34
3.500000 64 187 2427.52
3.500000 64 188 2123.66
3.500000 64 189 1870.84
3.500000 64 190 2078.56
3.500000 64 191 1924.41
3.500000 64 192 1870.69
3.500000 64 193 2059.72
3.500000 64 194 2260.28
3.500000 64 195 2113.62
3.500000 64 196 2505.30
3.500000 64 197 2743.09
3.500000 64 198 2683.27
3.500000 64 199 2586.32
