2.220000 16 0 1660.80
2.220000 16 1 976.35
2.220000 16 2 607.17
2.220000 16 3 403.15
2.220000 16 4 269.88
2.220000 16 5 150.48
2.220000 16 6 92.97
2.220000 16 7 72.60
2.220000 16 8 64.99
2.220000 16 9 52.79
2.220000 16 10 47.83
2.220000 16 11 43.35
2.220000 16 12 29.20
2.220000 16 13 20.72
2.220000 16 14 16.52
2.220000 16 15 24.24
2.220000 16 16  8.32
2.220000 16 17 16.94
2.220000 16 18 -9.23
2.220000 16 19 -32.76
2.220000 16 20 -36.11
2.220000 16 21 -26.70
2.220000 16 22 -32.44
2.220000 16 23 -41.92
2.220000 16 24 -27.36
2.220000 16 25 -45.28
2.220000 16 26 -58.37
2.220000 16 27 -65.63
2.220000 16 28 -52.47
2.220000 16 29 -67.51
2.220000 16 30 -90.12
2.220000 16 31 -97.97
2.220000 16 32 -89.98
2.220000 16 33 -83.49
2.220000 16 34 -81.82
2.220000 16 35 -73.93
2.220000 16 36 -61.91
2.220000 16 37 -56.76
2.220000 16 38 -48.59
2.220000 16 39 -60.53
2.220000 16 40 -62.06
2.220000 16 41 -49.71
2.220000 16 42 -37.84
2.220000 16 43 -12.64
2.220000 16 44 -4.11
2.220000 16 45  3.72
2.220000 16 46 16.74
2.220000 16 47 13.86
2.220000 16 48 -2.53
2.220000 16 49 -23.60
2.220000 16 50 -20.74
2.220000 16 51  2.70
2.220000 16 52  5.33
2.220000 16 53  9.46
2.220000 16 54  9.91
2.220000 16 55  8.44
2.220000 16 56 12.26
2.220000 16 57 31.65
2.220000 16 58 57.18
2.220000 16 59 69.81
2.220000 16 60 65.62
2.220000 16 61 76.11
2.220000 16 62 71.10
2.220000 16 63 78.66
2.220000 16 64 72.54
2.220000 16 65 66.10
2.220000 16 66 61.41
2.220000 16 67 52.21
2.220000 16 68 40.28
2.220000 16 69 32.76
2.220000 16 70 36.09
2.220000 16 71 30.65
2.220000 16 72 45.77
2.220000 16 73 54.28
2.220000 16 74 72.38
2.220000 16 75 86.82
2.220000 16 76 76.75
2.220000 16 77 64.42
2.220000 16 78 49.10
2.220000 16 79 49.82
2.220000 16 80 36.62
2.220000 16 81 30.52
2.220000 16 82 27.81
2.220000 16 83 45.68
2.220000 16 84 43.85
2.220000 16 85 45.74
2.220000 16 86 30.72
2.220000 16 87 33.38
2.220000 16 88 12.71
2.220000 16 89 16.56
2.220000 16 90 15.63
2.220000 16 91  7.72
2.220000 16 92 13.85
2.220000 16 93 35.19
2.220000 16 94 49.35
2.220000 16 95 47.04
2.220000 16 96 60.65
2.220000 16 97 48.33
2.220000 16 98 44.86
2.220000 16 99 35.12
2.220000 16 100 42.22
2.220000 16 101 55.44
2.220000 16 102 39.99
2.220000 16 103 37.75
2.220000 16 104 66.15
2.220000 16 105 55.78
2.220000 16 106 39.77
2.220000 16 107 31.93
2.220000 16 108 19.29
2.220000 16 109 18.97
2.220000 16 110 -6.91
2.220000 16 111 -10.99
2.220000 16 112 -13.00
2.220000 16 113 -12.19
2.220000 16 114 -16.81
2.220000 16 115 -18.73
2.220000 16 116 -28.80
2.220000 16 117 -36.67
2.220000 16 118 -18.76
2.220000 16 119 -2.37
2.220000 16 120 -5.79
2.220000 16 121 -2.17
2.220000 16 122 -18.43
2.220000 16 123 -25.48
2.220000 16 124 -14.11
2.220000 16 125 -5.83
2.220000 16 126 -12.61
2.220000 16 127 -1.73
2.220000 16 128 12.18
2.220000 16 129 19.26
2.220000 16 130 32.50
2.220000 16 131 39.96
2.220000 16 132 39.75
2.220000 16 133 43.82
2.220000 16 134 38.45
2.220000 16 135 51.85
2.220000 16 136 44.17
2.220000 16 137 21.10
2.220000 16 138 22.86
2.220000 16 139 28.19
2.220000 16 140 38.74
2.220000 16 141 39.85
2.220000 16 142 37.06
2.220000 16 143 28.88
2.220000 16 144 31.25
2.220000 16 145 30.54
2.220000 16 146 22.25
2.220000 16 147 26.14
2.220000 16 148 36.74
2.220000 16 149 42.13
2.220000 16 150 49.96
2.220000 16 151 37.86
2.220000 16 152 34.97
2.220000 16 153 24.26
2.220000 16 154  9.14
2.220000 16 155 -4.79
2.220000 16 156 -13.86
2.220000 16 157 -10.89
2.220000 16 158  1.27
2.220000 16 159 10.69
2.220000 16 160 18.30
2.220000 16 161 27.96
2.220000 16 162 20.71
2.220000 16 163 -2.93
2.220000 16 164 -11.97
2.220000 16 165  6.37
2.220000 16 166  5.19
2.220000 16 167  0.34
2.220000 16 168 26.18
2.220000 16 169 41.03
2.220000 16 170 45.33
2.220000 16 171 59.28
2.220000 16 172 50.73
2.220000 16 173 44.24
2.220000 16 174 40.89
2.220000 16 175 13.75
2.220000 16 176 -22.16
2.220000 16 177 -32.01
2.220000 16 178 -34.71
2.220000 16 179 -29.52
2.220000 16 180 -35.57
2.220000 16 181 -24.15
2.220000 16 182 -28.03
2.220000 16 183 -21.79
2.220000 16 184 -34.98
2.220000 16 185 -17.90
2.220000 16 186 -10.75
2.220000 16 187  1.91
2.220000 16 188  9.10
2.220000 16 189  5.63
2.220000 16 190 12.29
2.220000 16 191 19.07
2.220000 16 192 17.83
2.220000 16 193 19.47
2.220000 16 194 33.60
2.220000 16 195 34.54
2.220000 16 196 30.42
2.220000 16 197 39.77
2.220000 16 198 49.59
2.220000 16 199 55.90
