3.740000 64 0 38241.11
3.740000 64 1 34539.33
3.740000 64 2 31528.93
3.740000 64 3 28620.55
3.740000 64 4 26094.93
3.740000 64 5 23872.85
3.740000 64 6 21916.02
3.740000 64 7 20075.54
3.740000 64 8 18385.95
3.740000 64 9 16859.46
3.740000 64 10 15408.33
3.740000 64 11 14009.63
3.740000 64 12 12793.79
3.740000 64 13 11768.38
3.740000 64 14 10855.62
3.740000 64 15 10050.01
3.740000 64 16 9319.37
3.740000 64 17 8579.28
3.740000 64 18 7905.83
3.740000 64 19 7321.20
3.740000 64 20 6749.20
3.740000 64 21 6000.69
3.740000 64 22 5212.65
3.740000 64 23 4573.04
3.740000 64 24 4066.67
3.740000 64 25 3511.53
3.740000 64 26 3128.96
3.740000 64 27 2707.73
3.740000 64 28 2271.68
3.740000 64 29 1909.25
3.740000 64 30 1639.57
3.740000 64 31 1162.53
3.740000 64 32 736.74
3.740000 64 33 201.87
3.740000 64 34 -298.97
3.740000 64 35 -723.90
3.740000 64 36 -1139.69
3.740000 64 37 -1512.99
3.740000 64 38 -1853.68
3.740000 64 39 -2185.45
3.740000 64 40 -2549.36
3.740000 64 41 -3006.12
3.740000 64 42 -3389.48
3.740000 64 43 -3885.81
3.740000 64 44 -4213.22
3.740000 64 45 -4685.39
3.740000 64 46 -4961.62
3.740000 64 47 -5235.44
3.740000 64 48 -5508.91
3.740000 64 49 -5861.55
3.740000 64 50 -6168.67
3.740000 64 51 -6456.64
3.740000 64 52 -6836.88
3.740000 64 53 -7123.09
3.740000 64 54 -7408.15
3.740000 64 55 -7552.10
3.740000 64 56 -7808.26
3.740000 64 57 -8116.61
3.740000 64 58 -8350.90
3.740000 64 59 -8673.58
3.740000 64 60 -9036.88
3.740000 64 61 -9334.05
3.740000 64 62 -9513.39
3.740000 64 63 -9661.50
3.740000 64 64 -9696.72
3.740000 64 65 -9808.09
3.740000 64 66 -9945.65
3.740000 64 67 -10058.46
3.740000 64 68 -10067.08
3.740000 64 69 -10030.10
3.740000 64 70 -9978.99
3.740000 64 71 -9923.47
3.740000 64 72 -9750.87
3.740000 64 73 -9602.17
3.740000 64 74 -9169.04
3.740000 64 75 -8854.05
3.740000 64 76 -8548.19
3.740000 64 77 -8212.90
3.740000 64 78 -8038.76
3.740000 64 79 -7952.74
3.740000 64 80 -7917.47
3.740000 64 81 -7895.99
3.740000 64 82 -7924.36
3.740000 64 83 -7883.14
3.740000 64 84 -7821.56
3.740000 64 85 -7862.42
3.740000 64 86 -7936.37
3.740000 64 87 -8032.74
3.740000 64 88 -8041.52
3.740000 64 89 -7938.31
3.740000 64 90 -7703.73
3.740000 64 91 -7491.48
3.740000 64 92 -7257.24
3.740000 64 93 -7122.01
3.740000 64 94 -6795.69
3.740000 64 95 -6482.48
3.740000 64 96 -6186.80
3.740000 64 97 -5860.67
3.740000 64 98 -5607.99
3.740000 64 99 -5379.90
3.740000 64 100 -5130.42
3.740000 64 101 -4846.55
3.740000 64 102 -4565.12
3.740000 64 103 -4537.09
3.740000 64 104 -4533.76
3.740000 64 105 -4545.84
3.740000 64 106 -4580.79
3.740000 64 107 -4588.67
3.740000 64 108 -4545.12
3.740000 64 109 -4520.64
3.740000 64 110 -4331.99
3.740000 64 111 -4292.16
3.740000 64 112 -4175.23
3.740000 64 113 -3982.86
3.740000 64 114 -3762.48
3.740000 64 115 -3677.87
3.740000 64 116 -3510.69
3.740000 64 117 -3554.69
3.740000 64 118 -3450.60
3.740000 64 119 -3434.50
3.740000 64 120 -3478.47
3.740000 64 121 -3482.80
3.740000 64 122 -3586.04
3.740000 64 123 -3593.40
3.740000 64 124 -3652.50
3.740000 64 125 -3738.36
3.740000 64 126 -3840.50
3.740000 64 127 -3709.40
3.740000 64 128 -3616.95
3.740000 64 129 -3520.13
3.740000 64 130 -3371.66
3.740000 64 131 -3225.31
3.740000 64 132 -3060.70
3.740000 64 133 -2889.02
3.740000 64 134 -2708.45
3.740000 64 135 -2623.81
3.740000 64 136 -2547.36
3.740000 64 137 -2377.60
3.740000 64 138 -2284.99
3.740000 64 139 -1967.52
3.740000 64 140 -1660.37
3.740000 64 141 -1488.59
3.740000 64 142 -1537.28
3.740000 64 143 -1698.08
3.740000 64 144 -1912.27
3.740000 64 145 -2133.76
3.740000 64 146 -2368.71
3.740000 64 147 -2408.62
3.740000 64 148 -2283.58
3.740000 64 149 -2192.87
3.740000 64 150 -2066.92
3.740000 64 151 -1888.66
3.740000 64 152 -1598.08
3.740000 64 153 -1373.15
3.740000 64 154 -1082.81
3.740000 64 155 -847.71
3.740000 64 156 -630.80
3.740000 64 157 -467.46
3.740000 64 158 -268.14
3.740000 64 159 -150.00
3.740000 64 160 -49.20
3.740000 64 161 -77.75
3.740000 64 162 -165.66
3.740000 64 163 -96.15
3.740000 64 164 142.93
3.740000 64 165 353.97
3.740000 64 166 435.70
3.740000 64 167 544.49
3.740000 64 168 560.25
3.740000 64 169 650.63
3.740000 64 170 877.50
3.740000 64 171 1041.46
3.740000 64 172 1209.90
3.740000 64 173 1267.37
3.740000 64 174 1616.05
3.740000 64 175 1729.44
3.740000 64 176 1852.37
3.740000 64 177 1860.82
3.740000 64 178 1854.28
3.740000 64 179 1726.22
3.740000 64 180 1526.89
3.740000 64 181 1261.80
3.740000 64 182 1172.47
3.740000 64 183 922.85
3.740000 64 184 715.67
3.740000 64 185 490.53
3.740000 64 186 333.83
3.740000 64 187 154.17
3.740000 64 188 141.28
3.740000 64 189 237.13
3.740000 64 190 225.56
3.740000 64 191 -4.46
3.740000 64 192 -37.14
3.740000 64 193 151.84
3.740000 64 194 304.21
3.740000 64 195 480.57
3.740000 64 196 790.79
3.740000 64 197 1136.83
3.740000 64 198 1350.88
3.740000 64 199 1473.76
