3.560000 24 0 4812.95
3.560000 24 1 2980.02
3.560000 24 2 1936.07
3.560000 24 3 1251.71
3.560000 24 4 822.19
3.560000 24 5 585.12
3.560000 24 6 449.21
3.560000 24 7 296.30
3.560000 24 8 213.56
3.560000 24 9 104.97
3.560000 24 10 43.04
3.560000 24 11 28.60
3.560000 24 12 -23.17
3.560000 24 13 -87.47
3.560000 24 14 -123.05
3.560000 24 15 -118.91
3.560000 24 16 -141.48
3.560000 24 17 -126.18
3.560000 24 18 -124.88
3.560000 24 19 -86.05
3.560000 24 20 -49.91
3.560000 24 21 -65.49
3.560000 24 22 -79.62
3.560000 24 23 -109.03
3.560000 24 24 -104.61
3.560000 24 25 -84.38
3.560000 24 26 -73.47
3.560000 24 27 -126.10
3.560000 24 28 -147.51
3.560000 24 29 -138.70
3.560000 24 30 -147.89
3.560000 24 31 -177.49
3.560000 24 32 -241.64
3.560000 24 33 -251.52
3.560000 24 34 -281.94
3.560000 24 35 -296.50
3.560000 24 36 -307.98
3.560000 24 37 -285.88
3.560000 24 38 -342.71
3.560000 24 39 -327.43
3.560000 24 40 -359.83
3.560000 24 41 -362.62
3.560000 24 42 -374.42
3.560000 24 43 -396.40
3.560000 24 44 -372.62
3.560000 24 45 -354.70
3.560000 24 46 -367.37
3.560000 24 47 -352.11
3.560000 24 48 -357.53
3.560000 24 49 -351.90
3.560000 24 50 -339.22
3.560000 24 51 -272.18
3.560000 24 52 -240.44
3.560000 24 53 -202.33
3.560000 24 54 -183.61
3.560000 24 55 -162.31
3.560000 24 56 -220.02
3.560000 24 57 -218.26
3.560000 24 58 -199.37
3.560000 24 59 -122.61
3.560000 24 60 -90.38
3.560000 24 61 -83.32
3.560000 24 62 -61.32
3.560000 24 63 -98.72
3.560000 24 64 -162.73
3.560000 24 65 -220.74
3.560000 24 66 -210.84
3.560000 24 67 -185.80
3.560000 24 68 -182.51
3.560000 24 69 -192.97
3.560000 24 70 -208.19
3.560000 24 71 -223.36
3.560000 24 72 -198.43
3.560000 24 73 -135.94
3.560000 24 74 -124.18
3.560000 24 75 -127.58
3.560000 24 76 -130.60
3.560000 24 77 -127.85
3.560000 24 78 -96.45
3.560000 24 79 -118.10
3.560000 24 80 -157.58
3.560000 24 81 -189.20
3.560000 24 82 -252.57
3.560000 24 83 -202.98
3.560000 24 84 -135.08
3.560000 24 85 -111.58
3.560000 24 86 -96.10
3.560000 24 87 -120.96
3.560000 24 88 -120.29
3.560000 24 89 -183.88
3.560000 24 90 -218.07
3.560000 24 91 -222.11
3.560000 24 92 -151.30
3.560000 24 93 -104.57
3.560000 24 94 -80.84
3.560000 24 95 -127.01
3.560000 24 96 -175.81
3.560000 24 97 -183.73
3.560000 24 98 -212.92
3.560000 24 99 -212.64
3.560000 24 100 -224.87
3.560000 24 101 -268.22
3.560000 24 102 -244.51
3.560000 24 103 -268.44
3.560000 24 104 -240.20
3.560000 24 105 -161.81
3.560000 24 106 -95.19
3.560000 24 107 -83.57
3.560000 24 108 -81.49
3.560000 24 109 -78.20
3.560000 24 110 -73.54
3.560000 24 111 -56.41
3.560000 24 112 -23.19
3.560000 24 113 -11.32
3.560000 24 114 25.15
3.560000 24 115 33.74
3.560000 24 116 -16.61
3.560000 24 117 -29.04
3.560000 24 118 -56.58
3.560000 24 119 -106.44
3.560000 24 120 -99.44
3.560000 24 121 -127.39
3.560000 24 122 -168.14
3.560000 24 123 -129.91
3.560000 24 124 -135.90
3.560000 24 125 -134.14
3.560000 24 126 -151.76
3.560000 24 127 -125.15
3.560000 24 128 -179.98
3.560000 24 129 -187.63
3.560000 24 130 -180.80
3.560000 24 131 -122.22
3.560000 24 132 -130.48
3.560000 24 133 -135.65
3.560000 24 134 -155.64
3.560000 24 135 -171.10
3.560000 24 136 -154.65
3.560000 24 137 -126.19
3.560000 24 138 -88.04
3.560000 24 139 -51.27
3.560000 24 140 -48.89
3.560000 24 141 -85.95
3.560000 24 142 -152.06
3.560000 24 143 -157.25
3.560000 24 144 -110.61
3.560000 24 145 -60.82
3.560000 24 146  8.29
3.560000 24 147 -9.12
3.560000 24 148 -36.77
3.560000 24 149 -51.70
3.560000 24 150 -16.50
3.560000 24 151 48.28
3.560000 24 152 63.80
3.560000 24 153 52.03
3.560000 24 154 86.51
3.560000 24 155 89.40
3.560000 24 156 36.36
3.560000 24 157 47.70
3.560000 24 158 19.54
3.560000 24 159 54.99
3.560000 24 160 109.45
3.560000 24 161 83.59
3.560000 24 162 93.59
3.560000 24 163 45.04
3.560000 24 164 36.28
3.560000 24 165 64.33
3.560000 24 166 153.30
3.560000 24 167 170.32
3.560000 24 168 204.98
3.560000 24 169 230.16
3.560000 24 170 236.27
3.560000 24 171 220.11
3.560000 24 172 237.55
3.560000 24 173 240.27
3.560000 24 174 198.21
3.560000 24 175 237.69
3.560000 24 176 249.87
3.560000 24 177 235.25
3.560000 24 178 210.69
3.560000 24 179 237.22
3.560000 24 180 228.15
3.560000 24 181 235.08
3.560000 24 182 222.45
3.560000 24 183 232.09
3.560000 24 184 269.03
3.560000 24 185 270.97
3.560000 24 186 223.23
3.560000 24 187 168.29
3.560000 24 188 167.86
3.560000 24 189 103.70
3.560000 24 190 80.52
3.560000 24 191 65.48
3.560000 24 192 34.39
3.560000 24 193 44.60
3.560000 24 194 126.88
3.560000 24 195 164.58
3.560000 24 196 157.65
3.560000 24 197 183.02
3.560000 24 198 176.52
3.560000 24 199 183.71
