3.400000 16 0 3128.15
3.400000 16 1 1503.74
3.400000 16 2 759.30
3.400000 16 3 396.71
3.400000 16 4 214.94
3.400000 16 5 117.56
3.400000 16 6 78.27
3.400000 16 7 53.65
3.400000 16 8 40.24
3.400000 16 9 31.52
3.400000 16 10 24.23
3.400000 16 11  9.39
3.400000 16 12  5.90
3.400000 16 13  1.92
3.400000 16 14 -0.53
3.400000 16 15  2.70
3.400000 16 16  3.49
3.400000 16 17  4.43
3.400000 16 18 -0.83
3.400000 16 19  5.99
3.400000 16 20  7.45
3.400000 16 21 12.19
3.400000 16 22 15.07
3.400000 16 23 11.23
3.400000 16 24 12.38
3.400000 16 25 10.32
3.400000 16 26 12.91
3.400000 16 27 13.66
3.400000 16 28 -1.24
3.400000 16 29 -18.51
3.400000 16 30 -15.81
3.400000 16 31  7.94
3.400000 16 32 17.84
3.400000 16 33 26.60
3.400000 16 34 24.06
3.400000 16 35 12.21
3.400000 16 36  2.46
3.400000 16 37 -13.87
3.400000 16 38 -13.89
3.400000 16 39  5.41
3.400000 16 40 11.85
3.400000 16 41  6.41
3.400000 16 42  2.94
3.400000 16 43 -3.04
3.400000 16 44  3.89
3.400000 16 45 -3.14
3.400000 16 46 -3.37
3.400000 16 47  3.09
3.400000 16 48 11.27
3.400000 16 49 29.68
3.400000 16 50 26.33
3.400000 16 51 17.92
3.400000 16 52  2.99
3.400000 16 53 -2.27
3.400000 16 54 -6.09
3.400000 16 55 -5.83
3.400000 16 56 -7.33
3.400000 16 57 -11.70
3.400000 16 58 -6.21
3.400000 16 59 -6.06
3.400000 16 60 -20.53
3.400000 16 61 -16.04
3.400000 16 62 -20.72
3.400000 16 63 -11.95
3.400000 16 64 -9.84
3.400000 16 65 -9.46
3.400000 16 66  3.73
3.400000 16 67  6.67
3.400000 16 68 -9.96
3.400000 16 69 -23.62
3.400000 16 70 -29.60
3.400000 16 71 -20.95
3.400000 16 72 -26.23
3.400000 16 73 -32.08
3.400000 16 74 -25.07
3.400000 16 75 -16.31
3.400000 16 76 -13.24
3.400000 16 77 -11.26
3.400000 16 78 -1.40
3.400000 16 79  2.75
3.400000 16 80 19.19
3.400000 16 81 22.34
3.400000 16 82 23.84
3.400000 16 83 33.71
3.400000 16 84 41.72
3.400000 16 85 31.32
3.400000 16 86 39.24
3.400000 16 87 35.78
3.400000 16 88 29.74
3.400000 16 89 31.48
3.400000 16 90 19.59
3.400000 16 91  1.41
3.400000 16 92 -2.65
3.400000 16 93  7.92
3.400000 16 94 20.11
3.400000 16 95  8.31
3.400000 16 96 10.24
3.400000 16 97 21.14
3.400000 16 98 19.59
3.400000 16 99 14.43
3.400000 16 100 21.75
3.400000 16 101  5.20
3.400000 16 102 10.58
3.400000 16 103 16.50
3.400000 16 104 27.79
3.400000 16 105 29.51
3.400000 16 106 29.51
3.400000 16 107 22.51
3.400000 16 108 18.24
3.400000 16 109  9.94
3.400000 16 110  6.92
3.400000 16 111  6.53
3.400000 16 112  9.10
3.400000 16 113  0.29
3.400000 16 114  8.76
3.400000 16 115 22.24
3.400000 16 116 19.84
3.400000 16 117 26.81
3.400000 16 118  5.38
3.400000 16 119 -2.22
3.400000 16 120 -10.59
3.400000 16 121 -11.32
3.400000 16 122 -4.82
3.400000 16 123 -4.15
3.400000 16 124  9.26
3.400000 16 125 20.07
3.400000 16 126 26.10
3.400000 16 127 15.27
3.400000 16 128 16.43
3.400000 16 129 16.73
3.400000 16 130 -0.82
3.400000 16 131 -2.21
3.400000 16 132  4.92
3.400000 16 133 22.81
3.400000 16 134 28.89
3.400000 16 135 39.56
3.400000 16 136 37.03
3.400000 16 137 34.20
3.400000 16 138 32.03
3.400000 16 139 20.14
3.400000 16 140 17.05
3.400000 16 141 26.59
3.400000 16 142 24.31
3.400000 16 143 25.98
3.400000 16 144 39.56
3.400000 16 145 37.82
3.400000 16 146 27.16
3.400000 16 147 18.43
3.400000 16 148 12.09
3.400000 16 149 15.75
3.400000 16 150 12.46
3.400000 16 151 10.46
3.400000 16 152 13.90
3.400000 16 153  2.63
3.400000 16 154 -1.08
3.400000 16 155  7.66
3.400000 16 156  7.91
3.400000 16 157 18.51
3.400000 16 158 24.91
3.400000 16 159 13.39
3.400000 16 160 14.30
3.400000 16 161 10.89
3.400000 16 162 -2.62
3.400000 16 163 -8.81
3.400000 16 164  9.03
3.400000 16 165  4.00
3.400000 16 166  0.91
3.400000 16 167 -7.89
3.400000 16 168 -3.50
3.400000 16 169 -0.56
3.400000 16 170 17.10
3.400000 16 171 26.77
3.400000 16 172 31.90
3.400000 16 173 28.59
3.400000 16 174 30.40
3.400000 16 175 30.40
3.400000 16 176 40.44
3.400000 16 177 38.19
3.400000 16 178 28.32
3.400000 16 179 20.92
3.400000 16 180 15.41
3.400000 16 181 21.74
3.400000 16 182 32.55
3.400000 16 183 37.91
3.400000 16 184 43.32
3.400000 16 185 22.95
3.400000 16 186 11.56
3.400000 16 187 11.26
3.400000 16 188 10.07
3.400000 16 189 14.51
3.400000 16 190 13.58
3.400000 16 191 11.24
3.400000 16 192  8.64
3.400000 16 193 17.56
3.400000 16 194 18.46
3.400000 16 195 10.26
3.400000 16 196 24.37
3.400000 16 197 11.66
3.400000 16 198  1.22
3.400000 16 199 -4.24
