3.652000 48 0 65839.04
3.652000 48 1 53178.86
3.652000 48 2 43587.41
3.652000 48 3 35972.55
3.652000 48 4 29917.67
3.652000 48 5 25020.98
3.652000 48 6 21044.48
3.652000 48 7 17722.16
3.652000 48 8 14905.92
3.652000 48 9 12483.66
3.652000 48 10 10628.45
3.652000 48 11 9031.97
3.652000 48 12 7692.29
3.652000 48 13 6603.56
3.652000 48 14 5704.31
3.652000 48 15 4956.94
3.652000 48 16 4256.19
3.652000 48 17 3669.68
3.652000 48 18 3079.44
3.652000 48 19 2624.63
3.652000 48 20 2217.38
3.652000 48 21 1760.05
3.652000 48 22 1381.37
3.652000 48 23 1138.63
3.652000 48 24 858.43
3.652000 48 25 639.66
3.652000 48 26 577.77
3.652000 48 27 579.27
3.652000 48 28 469.51
3.652000 48 29 311.67
3.652000 48 30 92.91
3.652000 48 31 -7.35
3.652000 48 32 -36.84
3.652000 48 33 -41.56
3.652000 48 34 13.54
3.652000 48 35 -53.00
3.652000 48 36 -194.39
3.652000 48 37 -315.42
3.652000 48 38 -446.75
3.652000 48 39 -541.18
3.652000 48 40 -590.22
3.652000 48 41 -657.82
3.652000 48 42 -691.55
3.652000 48 43 -696.15
3.652000 48 44 -546.64
3.652000 48 45 -341.31
3.652000 48 46 -123.22
3.652000 48 47 133.77
3.652000 48 48 312.37
3.652000 48 49 513.30
3.652000 48 50 750.85
3.652000 48 51 850.57
3.652000 48 52 885.25
3.652000 48 53 888.51
3.652000 48 54 895.47
3.652000 48 55 889.07
3.652000 48 56 1014.73
3.652000 48 57 1058.22
3.652000 48 58 900.08
3.652000 48 59 772.10
3.652000 48 60 609.79
3.652000 48 61 480.55
3.652000 48 62 387.37
3.652000 48 63 169.18
3.652000 48 64 51.45
3.652000 48 65 80.13
3.652000 48 66 65.74
3.652000 48 67 181.61
3.652000 48 68 356.32
3.652000 48 69 386.06
3.652000 48 70 433.26
3.652000 48 71 443.99
3.652000 48 72 431.73
3.652000 48 73 411.67
3.652000 48 74 484.17
3.652000 48 75 490.40
3.652000 48 76 528.34
3.652000 48 77 426.46
3.652000 48 78 272.55
3.652000 48 79 183.72
3.652000 48 80 80.52
3.652000 48 81 61.82
3.652000 48 82 67.25
3.652000 48 83 -41.62
3.652000 48 84 -151.13
3.652000 48 85 -319.99
3.652000 48 86 -481.19
3.652000 48 87 -560.09
3.652000 48 88 -604.08
3.652000 48 89 -551.32
3.652000 48 90 -468.69
3.652000 48 91 -470.18
3.652000 48 92 -473.46
3.652000 48 93 -524.08
3.652000 48 94 -502.52
3.652000 48 95 -553.45
3.652000 48 96 -631.81
3.652000 48 97 -656.03
3.652000 48 98 -642.47
3.652000 48 99 -637.50
3.652000 48 100 -512.46
3.652000 48 101 -525.59
3.652000 48 102 -462.02
3.652000 48 103 -436.53
3.652000 48 104 -321.93
3.652000 48 105 -218.13
3.652000 48 106 -260.07
3.652000 48 107 -476.24
3.652000 48 108 -575.76
3.652000 48 109 -638.93
3.652000 48 110 -701.31
3.652000 48 111 -747.11
3.652000 48 112 -813.31
3.652000 48 113 -742.55
3.652000 48 114 -784.21
3.652000 48 115 -885.97
3.652000 48 116 -886.86
3.652000 48 117 -941.13
3.652000 48 118 -1053.63
3.652000 48 119 -1061.85
3.652000 48 120 -1111.13
3.652000 48 121 -1060.34
3.652000 48 122 -1118.72
3.652000 48 123 -1069.27
3.652000 48 124 -1000.93
3.652000 48 125 -862.25
3.652000 48 126 -725.76
3.652000 48 127 -708.59
3.652000 48 128 -748.89
3.652000 48 129 -647.45
3.652000 48 130 -573.65
3.652000 48 131 -513.15
3.652000 48 132 -435.42
3.652000 48 133 -398.53
3.652000 48 134 -495.64
3.652000 48 135 -603.69
3.652000 48 136 -734.23
3.652000 48 137 -809.92
3.652000 48 138 -882.76
3.652000 48 139 -860.54
3.652000 48 140 -866.78
3.652000 48 141 -910.48
3.652000 48 142 -847.30
3.652000 48 143 -807.93
3.652000 48 144 -889.25
3.652000 48 145 -1049.35
3.652000 48 146 -1126.97
3.652000 48 147 -1182.87
3.652000 48 148 -1095.40
3.652000 48 149 -943.83
3.652000 48 150 -851.60
3.652000 48 151 -694.31
3.652000 48 152 -731.72
3.652000 48 153 -787.76
3.652000 48 154 -913.65
3.652000 48 155 -968.56
3.652000 48 156 -865.62
3.652000 48 157 -800.70
3.652000 48 158 -807.20
3.652000 48 159 -751.72
3.652000 48 160 -752.92
3.652000 48 161 -771.55
3.652000 48 162 -780.35
3.652000 48 163 -810.34
3.652000 48 164 -776.23
3.652000 48 165 -685.59
3.652000 48 166 -628.64
3.652000 48 167 -564.97
3.652000 48 168 -633.75
3.652000 48 169 -618.59
3.652000 48 170 -660.89
3.652000 48 171 -647.16
3.652000 48 172 -737.67
3.652000 48 173 -918.19
3.652000 48 174 -1090.55
3.652000 48 175 -1107.28
3.652000 48 176 -1081.13
3.652000 48 177 -1140.63
3.652000 48 178 -1088.56
3.652000 48 179 -1043.04
3.652000 48 180 -985.12
3.652000 48 181 -995.22
3.652000 48 182 -947.63
3.652000 48 183 -929.94
3.652000 48 184 -931.75
3.652000 48 185 -869.78
3.652000 48 186 -877.69
3.652000 48 187 -870.90
3.652000 48 188 -935.30
3.652000 48 189 -942.42
3.652000 48 190 -1000.82
3.652000 48 191 -1029.09
3.652000 48 192 -1121.52
3.652000 48 193 -1136.10
3.652000 48 194 -1158.78
3.652000 48 195 -1106.67
3.652000 48 196 -1161.42
3.652000 48 197 -1249.65
3.652000 48 198 -1301.36
3.652000 48 199 -1213.95
