3.440000 32 0 6248.20
3.440000 32 1 3252.56
3.440000 32 2 1690.96
3.440000 32 3 980.33
3.440000 32 4 500.60
3.440000 32 5 297.19
3.440000 32 6 123.10
3.440000 32 7 -48.00
3.440000 32 8 -146.27
3.440000 32 9 -139.19
3.440000 32 10 -85.25
3.440000 32 11 -100.07
3.440000 32 12 -81.61
3.440000 32 13 -141.30
3.440000 32 14 -200.32
3.440000 32 15 -281.18
3.440000 32 16 -242.15
3.440000 32 17 -188.21
3.440000 32 18 -134.80
3.440000 32 19 -3.04
3.440000 32 20 55.54
3.440000 32 21 15.64
3.440000 32 22 43.20
3.440000 32 23 10.72
3.440000 32 24 -14.40
3.440000 32 25 -33.40
3.440000 32 26 -109.92
3.440000 32 27 -121.96
3.440000 32 28 -138.32
3.440000 32 29 -87.16
3.440000 32 30 -148.37
3.440000 32 31 -146.49
3.440000 32 32 -192.52
3.440000 32 33 -169.55
3.440000 32 34 -113.13
3.440000 32 35 -105.66
3.440000 32 36 -103.22
3.440000 32 37 -151.72
3.440000 32 38 -46.86
3.440000 32 39 -37.57
3.440000 32 40  6.93
3.440000 32 41 -13.67
3.440000 32 42 -54.94
3.440000 32 43 14.55
3.440000 32 44  2.92
3.440000 32 45 51.42
3.440000 32 46 157.82
3.440000 32 47 150.12
3.440000 32 48 130.98
3.440000 32 49 102.95
3.440000 32 50 155.36
3.440000 32 51 206.08
3.440000 32 52 243.48
3.440000 32 53 275.89
3.440000 32 54 178.01
3.440000 32 55 150.80
3.440000 32 56 171.85
3.440000 32 57 129.46
3.440000 32 58 123.33
3.440000 32 59 179.34
3.440000 32 60 208.95
3.440000 32 61 214.77
3.440000 32 62 236.31
3.440000 32 63 170.36
3.440000 32 64 299.08
3.440000 32 65 376.08
3.440000 32 66 327.37
3.440000 32 67 227.94
3.440000 32 68 269.13
3.440000 32 69 271.12
3.440000 32 70 266.63
3.440000 32 71 233.25
3.440000 32 72 211.86
3.440000 32 73 227.94
3.440000 32 74 143.25
3.440000 32 75 86.60
3.440000 32 76 114.25
3.440000 32 77  4.35
3.440000 32 78 -38.63
3.440000 32 79 -14.43
3.440000 32 80 -73.66
3.440000 32 81 -182.79
3.440000 32 82 -125.71
3.440000 32 83 -90.22
3.440000 32 84 24.90
3.440000 32 85 -22.65
3.440000 32 86 -103.25
3.440000 32 87 -81.94
3.440000 32 88 -4.53
3.440000 32 89 23.00
3.440000 32 90 -33.13
3.440000 32 91 -99.66
3.440000 32 92 -109.41
3.440000 32 93 -97.72
3.440000 32 94 -40.16
3.440000 32 95 82.83
3.440000 32 96 187.24
3.440000 32 97 191.83
3.440000 32 98 165.20
3.440000 32 99 113.07
3.440000 32 100 20.19
3.440000 32 101 59.80
3.440000 32 102 73.17
3.440000 32 103 70.05
3.440000 32 104 -14.34
3.440000 32 105 -52.64
3.440000 32 106  5.38
3.440000 32 107 -5.75
3.440000 32 108  5.46
3.440000 32 109 -18.12
3.440000 32 110 -102.03
3.440000 32 111 -24.28
3.440000 32 112 13.72
3.440000 32 113 -66.61
3.440000 32 114 26.65
3.440000 32 115 73.44
3.440000 32 116 78.77
3.440000 32 117 124.17
3.440000 32 118 110.14
3.440000 32 119 111.71
3.440000 32 120 132.43
3.440000 32 121 219.41
3.440000 32 122 231.01
3.440000 32 123 224.06
3.440000 32 124 145.87
3.440000 32 125 194.33
3.440000 32 126 211.61
3.440000 32 127 187.53
3.440000 32 128 102.56
3.440000 32 129 -12.36
3.440000 32 130 27.97
3.440000 32 131 16.09
3.440000 32 132 20.40
3.440000 32 133 -32.18
3.440000 32 134 -1.62
3.440000 32 135 35.16
3.440000 32 136 86.81
3.440000 32 137 86.39
3.440000 32 138 54.69
3.440000 32 139 60.55
3.440000 32 140 70.92
3.440000 32 141 144.62
3.440000 32 142 92.44
3.440000 32 143 14.61
3.440000 32 144 17.38
3.440000 32 145 45.85
3.440000 32 146 30.90
3.440000 32 147 87.44
3.440000 32 148 99.36
3.440000 32 149 122.52
3.440000 32 150 69.64
3.440000 32 151 68.75
3.440000 32 152 167.31
3.440000 32 153 191.52
3.440000 32 154 144.53
3.440000 32 155 86.59
3.440000 32 156 66.83
3.440000 32 157 49.42
3.440000 32 158 46.42
3.440000 32 159 57.15
3.440000 32 160  7.17
3.440000 32 161 88.75
3.440000 32 162 103.12
3.440000 32 163 129.35
3.440000 32 164 161.13
3.440000 32 165 128.84
3.440000 32 166 117.93
3.440000 32 167 67.34
3.440000 32 168 37.79
3.440000 32 169 85.20
3.440000 32 170 29.48
3.440000 32 171 84.36
3.440000 32 172 123.24
3.440000 32 173 68.81
3.440000 32 174 31.56
3.440000 32 175 -6.75
3.440000 32 176 -76.24
3.440000 32 177 -42.02
3.440000 32 178 -10.27
3.440000 32 179 68.38
3.440000 32 180 180.43
3.440000 32 181 201.52
3.440000 32 182 153.16
3.440000 32 183 127.00
3.440000 32 184 166.26
3.440000 32 185 171.83
3.440000 32 186 124.75
3.440000 32 187 -29.42
3.440000 32 188 -47.83
3.440000 32 189 -103.70
3.440000 32 190 -9.77
3.440000 32 191 112.77
3.440000 32 192 154.54
3.440000 32 193 85.45
3.440000 32 194 38.05
3.440000 32 195 75.02
3.440000 32 196 102.08
3.440000 32 197 163.63
3.440000 32 198 141.74
3.440000 32 199 87.57
