3.610000 128 0 195496.22
3.610000 128 1 149925.05
3.610000 128 2 118294.78
3.610000 128 3 93757.88
3.610000 128 4 75680.47
3.610000 128 5 60912.24
3.610000 128 6 45669.39
3.610000 128 7 33843.49
3.610000 128 8 24370.50
3.610000 128 9 15225.90
3.610000 128 10 8694.54
3.610000 128 11 5517.79
3.610000 128 12 3373.79
3.610000 128 13 -108.59
3.610000 128 14 -4377.50
3.610000 128 15 -6745.62
3.610000 128 16 -9119.10
3.610000 128 17 -10049.00
3.610000 128 18 -10838.88
3.610000 128 19 -13618.36
3.610000 128 20 -16398.93
3.610000 128 21 -18019.00
3.610000 128 22 -18943.77
3.610000 128 23 -18631.16
3.610000 128 24 -16828.09
3.610000 128 25 -17008.77
3.610000 128 26 -17997.17
3.610000 128 27 -20621.78
3.610000 128 28 -22593.74
3.610000 128 29 -23566.60
3.610000 128 30 -25533.91
3.610000 128 31 -28257.32
3.610000 128 32 -30879.29
3.610000 128 33 -28927.83
3.610000 128 34 -23816.61
3.610000 128 35 -20699.59
3.610000 128 36 -17360.70
3.610000 128 37 -14271.84
3.610000 128 38 -11675.75
3.610000 128 39 -11101.57
3.610000 128 40 -9367.17
3.610000 128 41 -9193.88
3.610000 128 42 -10000.21
3.610000 128 43 -13287.17
3.610000 128 44 -16809.38
3.610000 128 45 -17787.27
3.610000 128 46 -17311.53
3.610000 128 47 -18036.72
3.610000 128 48 -18268.82
3.610000 128 49 -19486.78
3.610000 128 50 -20812.84
3.610000 128 51 -21996.97
3.610000 128 52 -22242.62
3.610000 128 53 -22367.12
3.610000 128 54 -22646.41
3.610000 128 55 -23495.90
3.610000 128 56 -23672.87
3.610000 128 57 -24208.39
3.610000 128 58 -23617.60
3.610000 128 59 -22265.31
3.610000 128 60 -20990.83
3.610000 128 61 -19117.39
3.610000 128 62 -14577.70
3.610000 128 63 -13354.93
3.610000 128 64 -11010.41
3.610000 128 65 -11862.61
3.610000 128 66 -11741.36
3.610000 128 67 -13810.39
3.610000 128 68 -15127.16
3.610000 128 69 -14440.06
3.610000 128 70 -12395.51
3.610000 128 71 -11514.37
3.610000 128 72 -10716.93
3.610000 128 73 -10639.33
3.610000 128 74 -11114.85
3.610000 128 75 -11706.21
3.610000 128 76 -11650.36
3.610000 128 77 -8759.90
3.610000 128 78 -7920.29
3.610000 128 79 -7933.70
3.610000 128 80 -8158.26
3.610000 128 81 -9171.59
3.610000 128 82 -9716.33
3.610000 128 83 -11026.66
3.610000 128 84 -10581.01
3.610000 128 85 -12637.51
3.610000 128 86 -13512.42
3.610000 128 87 -13058.41
3.610000 128 88 -10569.91
3.610000 128 89 -12359.86
3.610000 128 90 -13372.18
3.610000 128 91 -13460.65
3.610000 128 92 -14618.85
3.610000 128 93 -15621.08
3.610000 128 94 -16329.34
3.610000 128 95 -16802.02
3.610000 128 96 -15824.19
3.610000 128 97 -15161.92
3.610000 128 98 -17658.26
3.610000 128 99 -19505.50
3.610000 128 100 -21324.20
3.610000 128 101 -22650.38
3.610000 128 102 -24967.68
3.610000 128 103 -27063.21
3.610000 128 104 -29331.80
3.610000 128 105 -32062.31
3.610000 128 106 -35036.49
3.610000 128 107 -37713.78
3.610000 128 108 -39866.47
3.610000 128 109 -42457.81
3.610000 128 110 -43396.05
3.610000 128 111 -43452.10
3.610000 128 112 -42773.03
3.610000 128 113 -42005.45
3.610000 128 114 -41560.14
3.610000 128 115 -39758.64
3.610000 128 116 -37629.66
3.610000 128 117 -37802.71
3.610000 128 118 -38828.56
3.610000 128 119 -40252.32
3.610000 128 120 -40058.63
3.610000 128 121 -40139.40
3.610000 128 122 -38615.18
3.610000 128 123 -39027.96
3.610000 128 124 -39776.48
3.610000 128 125 -40261.78
3.610000 128 126 -39851.53
3.610000 128 127 -40039.90
3.610000 128 128 -41183.79
3.610000 128 129 -40891.14
3.610000 128 130 -40283.60
3.610000 128 131 -40614.00
3.610000 128 132 -41704.11
3.610000 128 133 -42333.88
3.610000 128 134 -42046.77
3.610000 128 135 -41076.79
3.610000 128 136 -41117.88
3.610000 128 137 -42415.53
3.610000 128 138 -42391.24
3.610000 128 139 -42281.25
3.610000 128 140 -42209.74
3.610000 128 141 -43480.71
3.610000 128 142 -44183.12
3.610000 128 143 -45827.06
3.610000 128 144 -45911.41
3.610000 128 145 -46548.60
3.610000 128 146 -45700.20
3.610000 128 147 -45074.81
3.610000 128 148 -47108.05
3.610000 128 149 -48505.93
3.610000 128 150 -47668.76
3.610000 128 151 -45837.43
3.610000 128 152 -44046.41
3.610000 128 153 -44108.51
3.610000 128 154 -45239.82
3.610000 128 155 -44063.08
3.610000 128 156 -43540.91
3.610000 128 157 -42032.92
3.610000 128 158 -43143.31
3.610000 128 159 -46358.20
3.610000 128 160 -49478.10
3.610000 128 161 -52838.73
3.610000 128 162 -55824.17
3.610000 128 163 -56844.71
3.610000 128 164 -57696.64
3.610000 128 165 -58712.70
3.610000 128 166 -59606.20
3.610000 128 167 -61504.65
3.610000 128 168 -63454.01
3.610000 128 169 -65968.21
3.610000 128 170 -65552.22
3.610000 128 171 -66121.15
3.610000 128 172 -65956.50
3.610000 128 173 -67562.95
3.610000 128 174 -68594.83
3.610000 128 175 -69639.24
3.610000 128 176 -68633.79
3.610000 128 177 -66930.84
3.610000 128 178 -67294.59
3.610000 128 179 -65532.79
3.610000 128 180 -65599.84
3.610000 128 181 -66187.29
3.610000 128 182 -64907.25
3.610000 128 183 -65174.13
3.610000 128 184 -66056.51
3.610000 128 185 -66819.60
3.610000 128 186 -68166.81
3.610000 128 187 -69657.09
3.610000 128 188 -69631.33
3.610000 128 189 -67238.66
3.610000 128 190 -64520.37
3.610000 128 191 -61761.81
3.610000 128 192 -57487.78
3.610000 128 193 -54823.96
3.610000 128 194 -54099.16
3.610000 128 195 -56346.93
3.610000 128 196 -58210.84
3.610000 128 197 -60423.47
3.610000 128 198 -62590.58
3.610000 128 199 -64498.00
