2.235000 64 0 37004.31
2.235000 64 1 26283.63
2.235000 64 2 19285.80
2.235000 64 3 14297.41
2.235000 64 4 10576.50
2.235000 64 5 7910.64
2.235000 64 6 5864.84
2.235000 64 7 4337.74
2.235000 64 8 3054.79
2.235000 64 9 2202.15
2.235000 64 10 1649.42
2.235000 64 11 1203.99
2.235000 64 12 719.32
2.235000 64 13 289.23
2.235000 64 14 -105.44
2.235000 64 15 -240.03
2.235000 64 16 -47.28
2.235000 64 17 -360.54
2.235000 64 18 -786.91
2.235000 64 19 -958.32
2.235000 64 20 -1052.43
2.235000 64 21 -1017.49
2.235000 64 22 -981.90
2.235000 64 23 -1284.22
2.235000 64 24 -1667.55
2.235000 64 25 -1748.23
2.235000 64 26 -1686.46
2.235000 64 27 -1541.31
2.235000 64 28 -1813.27
2.235000 64 29 -2005.63
2.235000 64 30 -2051.68
2.235000 64 31 -2063.37
2.235000 64 32 -2141.51
2.235000 64 33 -2389.41
2.235000 64 34 -2516.67
2.235000 64 35 -2486.55
2.235000 64 36 -2831.58
2.235000 64 37 -3334.51
2.235000 64 38 -3831.50
2.235000 64 39 -4374.94
2.235000 64 40 -4934.88
2.235000 64 41 -5445.46
2.235000 64 42 -5637.64
2.235000 64 43 -5958.12
2.235000 64 44 -6299.34
2.235000 64 45 -6624.85
2.235000 64 46 -6695.51
2.235000 64 47 -6624.17
2.235000 64 48 -6832.71
2.235000 64 49 -6798.73
2.235000 64 50 -6758.25
2.235000 64 51 -6409.46
2.235000 64 52 -6382.75
2.235000 64 53 -6180.00
2.235000 64 54 -6022.06
2.235000 64 55 -5802.04
2.235000 64 56 -5586.21
2.235000 64 57 -5446.92
2.235000 64 58 -5187.88
2.235000 64 59 -5233.04
2.235000 64 60 -5167.60
2.235000 64 61 -5831.80
2.235000 64 62 -6183.50
2.235000 64 63 -6623.31
2.235000 64 64 -6923.20
2.235000 64 65 -6558.65
2.235000 64 66 -6595.77
2.235000 64 67 -6908.84
2.235000 64 68 -7293.72
2.235000 64 69 -7629.16
2.235000 64 70 -7985.72
2.235000 64 71 -8293.99
2.235000 64 72 -8481.75
2.235000 64 73 -8511.16
2.235000 64 74 -8500.94
2.235000 64 75 -8145.73
2.235000 64 76 -8001.67
2.235000 64 77 -8134.83
2.235000 64 78 -7920.74
2.235000 64 79 -8199.37
2.235000 64 80 -8335.44
2.235000 64 81 -8498.29
2.235000 64 82 -8679.89
2.235000 64 83 -8871.99
2.235000 64 84 -9158.47
2.235000 64 85 -9243.88
2.235000 64 86 -9106.81
2.235000 64 87 -8768.68
2.235000 64 88 -8711.02
2.235000 64 89 -8492.06
2.235000 64 90 -8552.45
2.235000 64 91 -8401.59
2.235000 64 92 -8549.66
2.235000 64 93 -8640.05
2.235000 64 94 -8509.88
2.235000 64 95 -8574.64
2.235000 64 96 -8152.71
2.235000 64 97 -7979.05
2.235000 64 98 -8062.19
2.235000 64 99 -8159.05
2.235000 64 100 -8423.61
2.235000 64 101 -8806.26
2.235000 64 102 -9256.53
2.235000 64 103 -9591.37
2.235000 64 104 -9724.35
2.235000 64 105 -9479.94
2.235000 64 106 -9559.80
2.235000 64 107 -9743.20
2.235000 64 108 -9711.06
2.235000 64 109 -9704.29
2.235000 64 110 -10124.03
2.235000 64 111 -10338.54
2.235000 64 112 -10360.12
2.235000 64 113 -10111.27
2.235000 64 114 -10028.21
2.235000 64 115 -9655.10
2.235000 64 116 -9200.97
2.235000 64 117 -8915.77
2.235000 64 118 -8883.73
2.235000 64 119 -9205.44
2.235000 64 120 -9267.88
2.235000 64 121 -9608.02
2.235000 64 122 -9875.25
2.235000 64 123 -9650.44
2.235000 64 124 -9142.21
2.235000 64 125 -8811.10
2.235000 64 126 -8843.20
2.235000 64 127 -8873.57
2.235000 64 128 -8710.34
2.235000 64 129 -9098.76
2.235000 64 130 -9245.41
2.235000 64 131 -9527.00
2.235000 64 132 -9871.64
2.235000 64 133 -10163.26
2.235000 64 134 -10115.57
2.235000 64 135 -10209.48
2.235000 64 136 -10217.15
2.235000 64 137 -10182.89
2.235000 64 138 -10080.86
2.235000 64 139 -9788.41
2.235000 64 140 -9460.90
2.235000 64 141 -9486.98
2.235000 64 142 -9441.63
2.235000 64 143 -9156.42
2.235000 64 144 -9154.42
2.235000 64 145 -8982.41
2.235000 64 146 -8871.20
2.235000 64 147 -8871.89
2.235000 64 148 -9067.73
2.235000 64 149 -9190.56
2.235000 64 150 -8692.02
2.235000 64 151 -8203.06
2.235000 64 152 -8038.62
2.235000 64 153 -8054.68
2.235000 64 154 -8106.95
2.235000 64 155 -8474.51
2.235000 64 156 -8367.67
2.235000 64 157 -8880.91
2.235000 64 158 -8993.10
2.235000 64 159 -8913.71
2.235000 64 160 -8815.30
2.235000 64 161 -8457.77
2.235000 64 162 -8357.20
2.235000 64 163 -8343.74
2.235000 64 164 -8176.95
2.235000 64 165 -7626.06
2.235000 64 166 -7437.81
2.235000 64 167 -7553.67
2.235000 64 168 -7805.71
2.235000 64 169 -7789.83
2.235000 64 170 -7871.43
2.235000 64 171 -7974.19
2.235000 64 172 -8278.12
2.235000 64 173 -8359.94
2.235000 64 174 -8487.32
2.235000 64 175 -8511.82
2.235000 64 176 -8438.37
2.235000 64 177 -8266.75
2.235000 64 178 -8426.27
2.235000 64 179 -8637.05
2.235000 64 180 -8742.70
2.235000 64 181 -8928.64
2.235000 64 182 -8966.95
2.235000 64 183 -8979.28
2.235000 64 184 -8906.43
2.235000 64 185 -8682.07
2.235000 64 186 -8465.59
2.235000 64 187 -8869.42
2.235000 64 188 -9380.32
2.235000 64 189 -9477.17
2.235000 64 190 -9558.30
2.235000 64 191 -9934.04
2.235000 64 192 -9833.91
2.235000 64 193 -9514.92
2.235000 64 194 -9134.62
2.235000 64 195 -8807.07
2.235000 64 196 -8508.60
2.235000 64 197 -8247.80
2.235000 64 198 -7584.47
2.235000 64 199 -7262.24
