3.560000 64 0 82073.00
3.560000 64 1 54435.72
3.560000 64 2 37043.11
3.560000 64 3 25623.11
3.560000 64 4 17890.68
3.560000 64 5 12463.92
3.560000 64 6 8543.32
3.560000 64 7 5736.25
3.560000 64 8 3959.98
3.560000 64 9 2784.69
3.560000 64 10 1881.92
3.560000 64 11 1359.43
3.560000 64 12 794.48
3.560000 64 13 659.99
3.560000 64 14 649.74
3.560000 64 15 653.74
3.560000 64 16 595.42
3.560000 64 17 537.57
3.560000 64 18 403.73
3.560000 64 19 349.76
3.560000 64 20 336.47
3.560000 64 21 46.76
3.560000 64 22 148.55
3.560000 64 23 363.29
3.560000 64 24 457.17
3.560000 64 25 328.95
3.560000 64 26 236.35
3.560000 64 27 110.84
3.560000 64 28 211.82
3.560000 64 29 21.14
3.560000 64 30 52.55
3.560000 64 31 79.75
3.560000 64 32 321.38
3.560000 64 33 413.18
3.560000 64 34 269.37
3.560000 64 35 365.62
3.560000 64 36 287.19
3.560000 64 37 431.97
3.560000 64 38 306.41
3.560000 64 39 -32.31
3.560000 64 40 -12.35
3.560000 64 41 334.37
3.560000 64 42 546.79
3.560000 64 43 451.23
3.560000 64 44 557.19
3.560000 64 45 592.20
3.560000 64 46 534.25
3.560000 64 47 522.94
3.560000 64 48 525.42
3.560000 64 49 615.27
3.560000 64 50 509.86
3.560000 64 51 490.80
3.560000 64 52 666.00
3.560000 64 53 694.06
3.560000 64 54 649.58
3.560000 64 55 900.75
3.560000 64 56 901.77
3.560000 64 57 731.62
3.560000 64 58 619.02
3.560000 64 59 602.94
3.560000 64 60 758.82
3.560000 64 61 722.45
3.560000 64 62 707.23
3.560000 64 63 389.32
3.560000 64 64 110.27
3.560000 64 65 -50.19
3.560000 64 66 -113.19
3.560000 64 67 -18.91
3.560000 64 68 101.62
3.560000 64 69 165.95
3.560000 64 70 436.63
3.560000 64 71 501.42
3.560000 64 72 662.43
3.560000 64 73 681.01
3.560000 64 74 523.46
3.560000 64 75 484.54
3.560000 64 76 434.87
3.560000 64 77 415.18
3.560000 64 78 498.00
3.560000 64 79 766.63
3.560000 64 80 1066.60
3.560000 64 81 1305.51
3.560000 64 82 996.19
3.560000 64 83 835.02
3.560000 64 84 982.06
3.560000 64 85 1099.58
3.560000 64 86 1130.29
3.560000 64 87 1043.97
3.560000 64 88 776.10
3.560000 64 89 202.82
3.560000 64 90 -137.62
3.560000 64 91 -221.53
3.560000 64 92 -315.98
3.560000 64 93 -427.51
3.560000 64 94 -673.38
3.560000 64 95 -606.45
3.560000 64 96 -606.17
3.560000 64 97 -263.25
3.560000 64 98 -84.41
3.560000 64 99 -17.01
3.560000 64 100 93.44
3.560000 64 101 154.33
3.560000 64 102 -192.12
3.560000 64 103 -190.70
3.560000 64 104 -324.81
3.560000 64 105 -273.75
3.560000 64 106 -338.94
3.560000 64 107 -573.93
3.560000 64 108 -706.61
3.560000 64 109 -638.35
3.560000 64 110 -550.56
3.560000 64 111 -376.21
3.560000 64 112 -174.65
3.560000 64 113 -60.44
3.560000 64 114 -135.99
3.560000 64 115  5.28
3.560000 64 116 309.03
3.560000 64 117 831.58
3.560000 64 118 1151.89
3.560000 64 119 1183.58
3.560000 64 120 1254.99
3.560000 64 121 944.07
3.560000 64 122 844.20
3.560000 64 123 883.98
3.560000 64 124 863.91
3.560000 64 125 978.92
3.560000 64 126 981.98
3.560000 64 127 749.48
3.560000 64 128 593.80
3.560000 64 129 689.08
3.560000 64 130 500.98
3.560000 64 131 332.93
3.560000 64 132 282.84
3.560000 64 133 -138.74
3.560000 64 134 -124.05
3.560000 64 135 12.93
3.560000 64 136 186.30
3.560000 64 137 344.46
3.560000 64 138 341.01
3.560000 64 139 581.90
3.560000 64 140 495.81
3.560000 64 141 477.89
3.560000 64 142 382.75
3.560000 64 143 92.20
3.560000 64 144 -369.14
3.560000 64 145 -502.80
3.560000 64 146 -361.77
3.560000 64 147 -162.65
3.560000 64 148 -268.62
3.560000 64 149 -262.64
3.560000 64 150 -327.07
3.560000 64 151 -119.12
3.560000 64 152 291.08
3.560000 64 153 639.59
3.560000 64 154 800.28
3.560000 64 155 752.07
3.560000 64 156 474.97
3.560000 64 157 331.59
3.560000 64 158 -31.86
3.560000 64 159 -74.59
3.560000 64 160 -266.32
3.560000 64 161 -97.87
3.560000 64 162 -342.42
3.560000 64 163 -476.36
3.560000 64 164 -566.64
3.560000 64 165 -479.60
3.560000 64 166 -390.08
3.560000 64 167 -388.69
3.560000 64 168 -393.87
3.560000 64 169 -420.77
3.560000 64 170 -429.70
3.560000 64 171 -512.61
3.560000 64 172 -628.63
3.560000 64 173 -676.95
3.560000 64 174 -747.80
3.560000 64 175 -864.65
3.560000 64 176 -651.23
3.560000 64 177 -540.86
3.560000 64 178 -524.46
3.560000 64 179 -653.64
3.560000 64 180 -862.79
3.560000 64 181 -594.15
3.560000 64 182 -372.33
3.560000 64 183 -475.28
3.560000 64 184 -409.75
3.560000 64 185 -407.38
3.560000 64 186 -349.16
3.560000 64 187 -366.46
3.560000 64 188 -536.56
3.560000 64 189 -671.87
3.560000 64 190 -530.62
3.560000 64 191 -479.85
3.560000 64 192 -686.14
3.560000 64 193 -871.32
3.560000 64 194 -1046.66
3.560000 64 195 -912.27
3.560000 64 196 -597.73
3.560000 64 197 -481.57
3.560000 64 198 -490.99
3.560000 64 199 -466.32
