3.620000 128 0 486938.75
3.620000 128 1 392318.29
3.620000 128 2 320557.79
3.620000 128 3 264775.04
3.620000 128 4 220699.46
3.620000 128 5 183924.73
3.620000 128 6 154907.73
3.620000 128 7 129552.79
3.620000 128 8 108532.00
3.620000 128 9 91320.98
3.620000 128 10 76281.56
3.620000 128 11 64453.32
3.620000 128 12 54799.99
3.620000 128 13 47251.34
3.620000 128 14 40893.47
3.620000 128 15 35576.45
3.620000 128 16 31155.82
3.620000 128 17 27698.89
3.620000 128 18 24060.65
3.620000 128 19 20365.15
3.620000 128 20 17705.12
3.620000 128 21 14737.59
3.620000 128 22 10928.73
3.620000 128 23 7596.55
3.620000 128 24 4031.21
3.620000 128 25 1502.70
3.620000 128 26 -158.05
3.620000 128 27 -1594.43
3.620000 128 28 -1390.56
3.620000 128 29 -1220.76
3.620000 128 30 -980.54
3.620000 128 31 -1193.66
3.620000 128 32 -1846.59
3.620000 128 33 -3652.67
3.620000 128 34 -6038.00
3.620000 128 35 -7501.09
3.620000 128 36 -7789.74
3.620000 128 37 -8159.25
3.620000 128 38 -8709.16
3.620000 128 39 -8697.27
3.620000 128 40 -8690.15
3.620000 128 41 -7876.59
3.620000 128 42 -5834.28
3.620000 128 43 -3330.21
3.620000 128 44 -2164.66
3.620000 128 45 -1762.56
3.620000 128 46 -1663.00
3.620000 128 47 -875.84
3.620000 128 48 -478.20
3.620000 128 49 -770.41
3.620000 128 50 -554.01
3.620000 128 51 -11.02
3.620000 128 52 306.24
3.620000 128 53 385.02
3.620000 128 54 1048.15
3.620000 128 55 1895.01
3.620000 128 56 2362.48
3.620000 128 57 2914.47
3.620000 128 58 4481.34
3.620000 128 59 4966.57
3.620000 128 60 5546.60
3.620000 128 61 5668.94
3.620000 128 62 5117.76
3.620000 128 63 4085.79
3.620000 128 64 4247.49
3.620000 128 65 3668.79
3.620000 128 66 3345.35
3.620000 128 67 2727.53
3.620000 128 68 2658.24
3.620000 128 69 2719.31
3.620000 128 70 1039.39
3.620000 128 71 -82.06
3.620000 128 72 -1068.94
3.620000 128 73 -2511.29
3.620000 128 74 -2606.43
3.620000 128 75 -2163.49
3.620000 128 76 -1420.73
3.620000 128 77 -1405.71
3.620000 128 78 -1836.01
3.620000 128 79 -3202.49
3.620000 128 80 -3870.61
3.620000 128 81 -4612.57
3.620000 128 82 -4130.02
3.620000 128 83 -5187.92
3.620000 128 84 -6015.99
3.620000 128 85 -6043.42
3.620000 128 86 -5058.39
3.620000 128 87 -3551.27
3.620000 128 88 -3012.20
3.620000 128 89 -3414.15
3.620000 128 90 -3320.26
3.620000 128 91 -3527.61
3.620000 128 92 -4022.68
3.620000 128 93 -4818.03
3.620000 128 94 -4650.09
3.620000 128 95 -4882.36
3.620000 128 96 -4530.69
3.620000 128 97 -5061.83
3.620000 128 98 -5399.83
3.620000 128 99 -4839.23
3.620000 128 100 -5032.35
3.620000 128 101 -4790.50
3.620000 128 102 -4348.15
3.620000 128 103 -3562.31
3.620000 128 104 -2857.34
3.620000 128 105 -1848.35
3.620000 128 106 -1608.08
3.620000 128 107 -579.69
3.620000 128 108 -398.74
3.620000 128 109 -591.41
3.620000 128 110 -1195.27
3.620000 128 111 -1670.82
3.620000 128 112 -1493.79
3.620000 128 113 -1239.97
3.620000 128 114 -864.47
3.620000 128 115 -796.33
3.620000 128 116 -439.85
3.620000 128 117 64.13
3.620000 128 118 -742.21
3.620000 128 119 -1346.61
3.620000 128 120 -1404.30
3.620000 128 121 -1581.46
3.620000 128 122 -2086.22
3.620000 128 123 -2152.01
3.620000 128 124 -2195.99
3.620000 128 125 -2021.76
3.620000 128 126 -2948.49
3.620000 128 127 -3896.72
3.620000 128 128 -4818.86
3.620000 128 129 -4250.26
3.620000 128 130 -4200.53
3.620000 128 131 -4870.89
3.620000 128 132 -5107.64
3.620000 128 133 -5614.59
3.620000 128 134 -6313.62
3.620000 128 135 -6058.91
3.620000 128 136 -6787.31
3.620000 128 137 -7178.77
3.620000 128 138 -6567.06
3.620000 128 139 -6551.02
3.620000 128 140 -5849.93
3.620000 128 141 -6122.04
3.620000 128 142 -6131.93
3.620000 128 143 -5931.13
3.620000 128 144 -4958.91
3.620000 128 145 -3637.71
3.620000 128 146 -2671.22
3.620000 128 147 -1665.90
3.620000 128 148 -1046.22
3.620000 128 149 -297.65
3.620000 128 150 -635.31
3.620000 128 151 -798.21
3.620000 128 152 -516.35
3.620000 128 153 -332.45
3.620000 128 154 335.05
3.620000 128 155 921.62
3.620000 128 156 1303.72
3.620000 128 157 1458.18
3.620000 128 158 1524.86
3.620000 128 159 1178.54
3.620000 128 160 1187.33
3.620000 128 161 949.38
3.620000 128 162 650.36
3.620000 128 163 616.74
3.620000 128 164 -219.76
3.620000 128 165 -608.54
3.620000 128 166 -812.05
3.620000 128 167 -891.00
3.620000 128 168 -1417.15
3.620000 128 169 -1461.63
3.620000 128 170 -2246.48
3.620000 128 171 -3154.71
3.620000 128 172 -3350.24
3.620000 128 173 -3063.12
3.620000 128 174 -2956.69
3.620000 128 175 -3696.86
3.620000 128 176 -4296.28
3.620000 128 177 -5386.64
3.620000 128 178 -6703.33
3.620000 128 179 -7226.88
3.620000 128 180 -7853.67
3.620000 128 181 -8322.93
3.620000 128 182 -7940.06
3.620000 128 183 -7541.71
3.620000 128 184 -9149.04
3.620000 128 185 -10476.95
3.620000 128 186 -11266.85
3.620000 128 187 -12638.86
3.620000 128 188 -14116.85
3.620000 128 189 -14551.18
3.620000 128 190 -14819.70
3.620000 128 191 -15314.81
3.620000 128 192 -14746.26
3.620000 128 193 -13990.18
3.620000 128 194 -14006.97
3.620000 128 195 -13616.46
3.620000 128 196 -14001.36
3.620000 128 197 -14490.88
3.620000 128 198 -14379.97
3.620000 128 199 -14951.81
