3.647000 64 0 54769.89
3.647000 64 1 45377.96
3.647000 64 2 37854.27
3.647000 64 3 31847.44
3.647000 64 4 26539.67
3.647000 64 5 22149.02
3.647000 64 6 18339.51
3.647000 64 7 15399.37
3.647000 64 8 12913.24
3.647000 64 9 10926.42
3.647000 64 10 9282.52
3.647000 64 11 7957.02
3.647000 64 12 7130.51
3.647000 64 13 6292.17
3.647000 64 14 5499.44
3.647000 64 15 4737.60
3.647000 64 16 4174.58
3.647000 64 17 3789.45
3.647000 64 18 3424.21
3.647000 64 19 3261.11
3.647000 64 20 3279.98
3.647000 64 21 3449.56
3.647000 64 22 3739.96
3.647000 64 23 3956.21
3.647000 64 24 4064.17
3.647000 64 25 4207.21
3.647000 64 26 4005.60
3.647000 64 27 3451.21
3.647000 64 28 2964.09
3.647000 64 29 2537.83
3.647000 64 30 2290.02
3.647000 64 31 1941.49
3.647000 64 32 1665.85
3.647000 64 33 1114.54
3.647000 64 34 1024.49
3.647000 64 35 701.17
3.647000 64 36 709.38
3.647000 64 37 654.26
3.647000 64 38 599.90
3.647000 64 39 574.94
3.647000 64 40 739.37
3.647000 64 41 879.62
3.647000 64 42 1024.29
3.647000 64 43 1466.50
3.647000 64 44 1949.31
3.647000 64 45 2583.84
3.647000 64 46 3025.61
3.647000 64 47 3070.27
3.647000 64 48 3012.06
3.647000 64 49 2956.18
3.647000 64 50 2655.92
3.647000 64 51 2486.64
3.647000 64 52 2685.56
3.647000 64 53 2768.50
3.647000 64 54 2921.61
3.647000 64 55 3063.66
3.647000 64 56 3014.26
3.647000 64 57 2706.90
3.647000 64 58 2212.64
3.647000 64 59 1800.91
3.647000 64 60 1310.96
3.647000 64 61 1023.14
3.647000 64 62 843.79
3.647000 64 63 500.97
3.647000 64 64 416.25
3.647000 64 65 387.70
3.647000 64 66 644.05
3.647000 64 67 898.95
3.647000 64 68 819.96
3.647000 64 69 991.09
3.647000 64 70 1060.61
3.647000 64 71 1032.27
3.647000 64 72 1316.88
3.647000 64 73 1508.74
3.647000 64 74 1536.43
3.647000 64 75 1974.72
3.647000 64 76 2312.41
3.647000 64 77 2525.57
3.647000 64 78 2892.77
3.647000 64 79 2838.07
3.647000 64 80 2821.49
3.647000 64 81 2666.68
3.647000 64 82 2832.29
3.647000 64 83 2555.32
3.647000 64 84 2041.76
3.647000 64 85 1886.70
3.647000 64 86 1954.83
3.647000 64 87 2285.19
3.647000 64 88 2522.63
3.647000 64 89 2508.79
3.647000 64 90 2766.54
3.647000 64 91 3133.27
3.647000 64 92 2927.06
3.647000 64 93 2771.28
3.647000 64 94 2852.23
3.647000 64 95 3057.02
3.647000 64 96 3261.60
3.647000 64 97 3600.92
3.647000 64 98 3951.58
3.647000 64 99 4483.80
3.647000 64 100 4999.41
3.647000 64 101 4880.45
3.647000 64 102 4680.83
3.647000 64 103 4649.35
3.647000 64 104 5118.82
3.647000 64 105 5315.96
3.647000 64 106 5367.33
3.647000 64 107 5854.13
3.647000 64 108 6387.85
3.647000 64 109 6574.01
3.647000 64 110 6433.07
3.647000 64 111 6614.32
3.647000 64 112 6855.52
3.647000 64 113 6926.92
3.647000 64 114 7065.55
3.647000 64 115 7127.47
3.647000 64 116 7301.05
3.647000 64 117 7151.59
3.647000 64 118 6805.33
3.647000 64 119 6538.86
3.647000 64 120 6457.05
3.647000 64 121 6605.52
3.647000 64 122 6886.82
3.647000 64 123 7527.35
3.647000 64 124 7908.07
3.647000 64 125 8335.63
3.647000 64 126 8595.45
3.647000 64 127 8658.23
3.647000 64 128 8488.93
3.647000 64 129 8543.69
3.647000 64 130 8668.96
3.647000 64 131 8803.88
3.647000 64 132 8693.25
3.647000 64 133 8647.42
3.647000 64 134 8880.20
3.647000 64 135 8901.26
3.647000 64 136 8769.67
3.647000 64 137 8885.71
3.647000 64 138 9078.77
3.647000 64 139 9469.38
3.647000 64 140 9679.09
3.647000 64 141 9950.48
3.647000 64 142 10244.87
3.647000 64 143 10388.82
3.647000 64 144 10845.60
3.647000 64 145 11330.96
3.647000 64 146 11817.58
3.647000 64 147 12400.37
3.647000 64 148 12600.97
3.647000 64 149 13408.47
3.647000 64 150 13931.21
3.647000 64 151 14349.38
3.647000 64 152 14640.83
3.647000 64 153 14710.08
3.647000 64 154 14689.01
3.647000 64 155 14356.07
3.647000 64 156 14056.94
3.647000 64 157 13935.85
3.647000 64 158 14059.31
3.647000 64 159 13948.27
3.647000 64 160 13584.38
3.647000 64 161 13725.00
3.647000 64 162 13388.83
3.647000 64 163 13316.29
3.647000 64 164 13326.82
3.647000 64 165 13257.43
3.647000 64 166 13503.29
3.647000 64 167 13404.82
3.647000 64 168 13373.53
3.647000 64 169 13585.26
3.647000 64 170 13784.86
3.647000 64 171 13696.77
3.647000 64 172 13617.07
3.647000 64 173 13426.24
3.647000 64 174 13270.48
3.647000 64 175 13151.64
3.647000 64 176 13140.17
3.647000 64 177 12886.55
3.647000 64 178 12591.54
3.647000 64 179 12268.48
3.647000 64 180 12065.35
3.647000 64 181 12013.42
3.647000 64 182 11911.59
3.647000 64 183 11479.44
3.647000 64 184 11071.69
3.647000 64 185 10464.16
3.647000 64 186 9792.80
3.647000 64 187 9597.83
3.647000 64 188 9285.58
3.647000 64 189 9298.05
3.647000 64 190 9373.76
3.647000 64 191 9362.76
3.647000 64 192 9379.86
3.647000 64 193 9134.65
3.647000 64 194 8778.57
3.647000 64 195 8292.75
3.647000 64 196 8028.21
3.647000 64 197 8110.97
3.647000 64 198 7835.89
3.647000 64 199 7361.11
