3.647000 48 0 29749.96
3.647000 48 1 24117.15
3.647000 48 2 19838.98
3.647000 48 3 16795.73
3.647000 48 4 14341.83
3.647000 48 5 12372.95
3.647000 48 6 10663.10
3.647000 48 7 9350.08
3.647000 48 8 8125.28
3.647000 48 9 6868.34
3.647000 48 10 5764.25
3.647000 48 11 4944.36
3.647000 48 12 4240.46
3.647000 48 13 3467.51
3.647000 48 14 2827.63
3.647000 48 15 2398.92
3.647000 48 16 2267.18
3.647000 48 17 2118.33
3.647000 48 18 1858.79
3.647000 48 19 1773.04
3.647000 48 20 1744.30
3.647000 48 21 1573.42
3.647000 48 22 1356.62
3.647000 48 23 1194.56
3.647000 48 24 1224.78
3.647000 48 25 1438.68
3.647000 48 26 1626.49
3.647000 48 27 1592.50
3.647000 48 28 1500.64
3.647000 48 29 1195.36
3.647000 48 30 941.58
3.647000 48 31 750.80
3.647000 48 32 749.39
3.647000 48 33 656.45
3.647000 48 34 481.61
3.647000 48 35 292.05
3.647000 48 36 244.51
3.647000 48 37 130.51
3.647000 48 38 318.09
3.647000 48 39 253.61
3.647000 48 40 419.81
3.647000 48 41 502.34
3.647000 48 42 667.02
3.647000 48 43 760.35
3.647000 48 44 740.69
3.647000 48 45 746.99
3.647000 48 46 805.43
3.647000 48 47 735.41
3.647000 48 48 635.29
3.647000 48 49 481.25
3.647000 48 50 287.20
3.647000 48 51 145.02
3.647000 48 52 -32.79
3.647000 48 53 -170.91
3.647000 48 54 -287.51
3.647000 48 55 -321.99
3.647000 48 56 -436.74
3.647000 48 57 -563.90
3.647000 48 58 -587.51
3.647000 48 59 -398.08
3.647000 48 60 -266.05
3.647000 48 61 -234.28
3.647000 48 62 -80.68
3.647000 48 63 132.31
3.647000 48 64 608.55
3.647000 48 65 916.76
3.647000 48 66 941.21
3.647000 48 67 904.99
3.647000 48 68 875.85
3.647000 48 69 803.43
3.647000 48 70 756.19
3.647000 48 71 992.30
3.647000 48 72 1050.01
3.647000 48 73 863.87
3.647000 48 74 588.52
3.647000 48 75 406.50
3.647000 48 76 275.49
3.647000 48 77 130.19
3.647000 48 78 22.97
3.647000 48 79 12.18
3.647000 48 80 25.54
3.647000 48 81  1.81
3.647000 48 82 -36.48
3.647000 48 83 -98.52
3.647000 48 84 -188.75
3.647000 48 85 -230.37
3.647000 48 86 -379.59
3.647000 48 87 -367.43
3.647000 48 88 -273.86
3.647000 48 89 -397.04
3.647000 48 90 -515.04
3.647000 48 91 -680.67
3.647000 48 92 -661.97
3.647000 48 93 -656.61
3.647000 48 94 -711.57
3.647000 48 95 -824.36
3.647000 48 96 -901.23
3.647000 48 97 -821.55
3.647000 48 98 -749.66
3.647000 48 99 -918.49
3.647000 48 100 -986.65
3.647000 48 101 -1126.46
3.647000 48 102 -1127.60
3.647000 48 103 -1189.67
3.647000 48 104 -1028.03
3.647000 48 105 -876.24
3.647000 48 106 -925.11
3.647000 48 107 -906.54
3.647000 48 108 -752.29
3.647000 48 109 -697.05
3.647000 48 110 -645.48
3.647000 48 111 -489.63
3.647000 48 112 -357.05
3.647000 48 113 -294.64
3.647000 48 114 -193.78
3.647000 48 115 -182.68
3.647000 48 116 -335.34
3.647000 48 117 -560.91
3.647000 48 118 -820.46
3.647000 48 119 -980.61
3.647000 48 120 -904.09
3.647000 48 121 -881.36
3.647000 48 122 -953.32
3.647000 48 123 -871.47
3.647000 48 124 -864.94
3.647000 48 125 -820.94
3.647000 48 126 -922.53
3.647000 48 127 -956.00
3.647000 48 128 -997.94
3.647000 48 129 -1226.00
3.647000 48 130 -1321.84
3.647000 48 131 -1309.89
3.647000 48 132 -1393.93
3.647000 48 133 -1557.95
3.647000 48 134 -1775.07
3.647000 48 135 -1975.29
3.647000 48 136 -1959.38
3.647000 48 137 -2159.47
3.647000 48 138 -2323.71
3.647000 48 139 -2376.64
3.647000 48 140 -2323.07
3.647000 48 141 -2339.10
3.647000 48 142 -2176.02
3.647000 48 143 -2170.30
3.647000 48 144 -1934.82
3.647000 48 145 -1869.25
3.647000 48 146 -1855.29
3.647000 48 147 -1943.88
3.647000 48 148 -2012.16
3.647000 48 149 -1792.89
3.647000 48 150 -1642.13
3.647000 48 151 -1637.31
3.647000 48 152 -1575.35
3.647000 48 153 -1454.99
3.647000 48 154 -1586.47
3.647000 48 155 -1886.39
3.647000 48 156 -2024.47
3.647000 48 157 -2140.28
3.647000 48 158 -2206.38
3.647000 48 159 -2364.29
3.647000 48 160 -2320.68
3.647000 48 161 -2242.44
3.647000 48 162 -2125.20
3.647000 48 163 -2299.97
3.647000 48 164 -2412.85
3.647000 48 165 -2411.13
3.647000 48 166 -2468.76
3.647000 48 167 -2577.64
3.647000 48 168 -2668.74
3.647000 48 169 -2629.58
3.647000 48 170 -2654.14
3.647000 48 171 -2364.73
3.647000 48 172 -2218.04
3.647000 48 173 -1963.67
3.647000 48 174 -1792.31
3.647000 48 175 -1914.97
3.647000 48 176 -2046.14
3.647000 48 177 -1973.57
3.647000 48 178 -1909.44
3.647000 48 179 -1885.20
3.647000 48 180 -2076.47
3.647000 48 181 -2358.18
3.647000 48 182 -2360.09
3.647000 48 183 -2512.45
3.647000 48 184 -2587.12
3.647000 48 185 -2657.43
3.647000 48 186 -2718.57
3.647000 48 187 -2785.41
3.647000 48 188 -2806.85
3.647000 48 189 -2877.14
3.647000 48 190 -2752.63
3.647000 48 191 -2642.73
3.647000 48 192 -2671.04
3.647000 48 193 -2531.99
3.647000 48 194 -2379.25
3.647000 48 195 -2277.79
3.647000 48 196 -2353.63
3.647000 48 197 -2398.06
3.647000 48 198 -2121.78
3.647000 48 199 -1999.70
