2.240000 32 0 8938.44
2.240000 32 1 6335.43
2.240000 32 2 4607.93
2.240000 32 3 3438.46
2.240000 32 4 2601.84
2.240000 32 5 2005.13
2.240000 32 6 1504.67
2.240000 32 7 1123.75
2.240000 32 8 843.68
2.240000 32 9 532.05
2.240000 32 10 295.02
2.240000 32 11 180.83
2.240000 32 12 197.76
2.240000 32 13 142.61
2.240000 32 14 95.88
2.240000 32 15 -17.07
2.240000 32 16 -91.63
2.240000 32 17 -123.61
2.240000 32 18 -143.12
2.240000 32 19 -214.27
2.240000 32 20 -179.51
2.240000 32 21 -150.04
2.240000 32 22 -165.48
2.240000 32 23 -197.05
2.240000 32 24 -198.16
2.240000 32 25 -289.25
2.240000 32 26 -245.91
2.240000 32 27 -334.18
2.240000 32 28 -355.15
2.240000 32 29 -357.19
2.240000 32 30 -309.79
2.240000 32 31 -181.58
2.240000 32 32 -80.30
2.240000 32 33 -44.89
2.240000 32 34 -41.35
2.240000 32 35 -102.33
2.240000 32 36 -105.78
2.240000 32 37 -14.50
2.240000 32 38 -24.20
2.240000 32 39 -35.36
2.240000 32 40 -71.54
2.240000 32 41 -167.10
2.240000 32 42 -258.08
2.240000 32 43 -285.63
2.240000 32 44 -248.90
2.240000 32 45 -250.00
2.240000 32 46 -272.18
2.240000 32 47 -270.82
2.240000 32 48 -240.46
2.240000 32 49 -136.41
2.240000 32 50 -104.75
2.240000 32 51 -101.41
2.240000 32 52 -56.51
2.240000 32 53 -41.35
2.240000 32 54 -10.36
2.240000 32 55 37.02
2.240000 32 56  5.43
2.240000 32 57 -104.10
2.240000 32 58 -88.08
2.240000 32 59 -70.32
2.240000 32 60 -52.36
2.240000 32 61 -99.78
2.240000 32 62 -162.43
2.240000 32 63 -199.68
2.240000 32 64 -201.62
2.240000 32 65 -292.86
2.240000 32 66 -381.61
2.240000 32 67 -424.87
2.240000 32 68 -424.14
2.240000 32 69 -510.65
2.240000 32 70 -572.18
2.240000 32 71 -592.66
2.240000 32 72 -587.85
2.240000 32 73 -646.94
2.240000 32 74 -616.93
2.240000 32 75 -541.05
2.240000 32 76 -470.38
2.240000 32 77 -419.79
2.240000 32 78 -472.83
2.240000 32 79 -450.30
2.240000 32 80 -471.38
2.240000 32 81 -577.86
2.240000 32 82 -563.41
2.240000 32 83 -597.84
2.240000 32 84 -604.31
2.240000 32 85 -624.24
2.240000 32 86 -672.01
2.240000 32 87 -722.83
2.240000 32 88 -762.01
2.240000 32 89 -839.55
2.240000 32 90 -816.26
2.240000 32 91 -789.97
2.240000 32 92 -710.78
2.240000 32 93 -625.69
2.240000 32 94 -626.77
2.240000 32 95 -625.55
2.240000 32 96 -614.70
2.240000 32 97 -636.45
2.240000 32 98 -676.93
2.240000 32 99 -591.05
2.240000 32 100 -560.68
2.240000 32 101 -522.84
2.240000 32 102 -473.78
2.240000 32 103 -423.60
2.240000 32 104 -421.07
2.240000 32 105 -449.13
2.240000 32 106 -436.93
2.240000 32 107 -347.01
2.240000 32 108 -247.67
2.240000 32 109 -201.25
2.240000 32 110 -294.81
2.240000 32 111 -378.23
2.240000 32 112 -450.74
2.240000 32 113 -473.26
2.240000 32 114 -471.76
2.240000 32 115 -494.51
2.240000 32 116 -465.65
2.240000 32 117 -512.88
2.240000 32 118 -557.37
2.240000 32 119 -564.92
2.240000 32 120 -526.39
2.240000 32 121 -552.40
2.240000 32 122 -485.13
2.240000 32 123 -461.50
2.240000 32 124 -507.19
2.240000 32 125 -519.84
2.240000 32 126 -610.58
2.240000 32 127 -641.51
2.240000 32 128 -665.94
2.240000 32 129 -680.39
2.240000 32 130 -735.29
2.240000 32 131 -761.16
2.240000 32 132 -763.60
2.240000 32 133 -766.98
2.240000 32 134 -770.15
2.240000 32 135 -789.21
2.240000 32 136 -839.25
2.240000 32 137 -813.15
2.240000 32 138 -905.75
2.240000 32 139 -983.99
2.240000 32 140 -985.77
2.240000 32 141 -979.57
2.240000 32 142 -969.41
2.240000 32 143 -932.52
2.240000 32 144 -967.43
2.240000 32 145 -1004.03
2.240000 32 146 -1042.15
2.240000 32 147 -977.67
2.240000 32 148 -945.79
2.240000 32 149 -887.21
2.240000 32 150 -804.08
2.240000 32 151 -716.28
2.240000 32 152 -729.89
2.240000 32 153 -740.26
2.240000 32 154 -813.57
2.240000 32 155 -828.72
2.240000 32 156 -867.20
2.240000 32 157 -879.98
2.240000 32 158 -849.52
2.240000 32 159 -924.36
2.240000 32 160 -996.18
2.240000 32 161 -1012.51
2.240000 32 162 -1028.81
2.240000 32 163 -926.72
2.240000 32 164 -856.86
2.240000 32 165 -840.61
2.240000 32 166 -825.36
2.240000 32 167 -816.58
2.240000 32 168 -836.49
2.240000 32 169 -829.59
2.240000 32 170 -853.98
2.240000 32 171 -897.71
2.240000 32 172 -919.42
2.240000 32 173 -946.77
2.240000 32 174 -950.57
2.240000 32 175 -908.15
2.240000 32 176 -903.32
2.240000 32 177 -900.32
2.240000 32 178 -969.66
2.240000 32 179 -1012.42
2.240000 32 180 -962.33
2.240000 32 181 -906.52
2.240000 32 182 -878.10
2.240000 32 183 -931.76
2.240000 32 184 -923.05
2.240000 32 185 -945.38
2.240000 32 186 -966.82
2.240000 32 187 -990.61
2.240000 32 188 -1070.12
2.240000 32 189 -1151.54
2.240000 32 190 -1265.00
2.240000 32 191 -1286.89
2.240000 32 192 -1263.73
2.240000 32 193 -1197.41
2.240000 32 194 -1195.70
2.240000 32 195 -1285.66
2.240000 32 196 -1370.36
2.240000 32 197 -1444.54
2.240000 32 198 -1477.03
2.240000 32 199 -1471.90
