2.330000 16 0 2198.90
2.330000 16 1 1559.12
2.330000 16 2 1136.51
2.330000 16 3 835.04
2.330000 16 4 613.24
2.330000 16 5 459.37
2.330000 16 6 326.95
2.330000 16 7 233.51
2.330000 16 8 164.51
2.330000 16 9 116.80
2.330000 16 10 91.50
2.330000 16 11 37.30
2.330000 16 12  7.23
2.330000 16 13 -20.27
2.330000 16 14 -11.67
2.330000 16 15  8.24
2.330000 16 16 -1.97
2.330000 16 17 -12.18
2.330000 16 18 -18.86
2.330000 16 19 -21.56
2.330000 16 20 -44.88
2.330000 16 21 -76.24
2.330000 16 22 -92.24
2.330000 16 23 -88.62
2.330000 16 24 -95.23
2.330000 16 25 -85.27
2.330000 16 26 -77.20
2.330000 16 27 -69.00
2.330000 16 28 -75.03
2.330000 16 29 -76.93
2.330000 16 30 -80.41
2.330000 16 31 -88.76
2.330000 16 32 -109.67
2.330000 16 33 -131.65
2.330000 16 34 -138.38
2.330000 16 35 -142.30
2.330000 16 36 -162.92
2.330000 16 37 -179.49
2.330000 16 38 -190.08
2.330000 16 39 -180.87
2.330000 16 40 -189.43
2.330000 16 41 -189.35
2.330000 16 42 -188.18
2.330000 16 43 -171.19
2.330000 16 44 -139.12
2.330000 16 45 -119.95
2.330000 16 46 -108.76
2.330000 16 47 -104.45
2.330000 16 48 -114.76
2.330000 16 49 -107.74
2.330000 16 50 -99.60
2.330000 16 51 -84.88
2.330000 16 52 -93.27
2.330000 16 53 -109.54
2.330000 16 54 -123.91
2.330000 16 55 -130.23
2.330000 16 56 -121.17
2.330000 16 57 -124.00
2.330000 16 58 -105.01
2.330000 16 59 -86.00
2.330000 16 60 -98.13
2.330000 16 61 -112.18
2.330000 16 62 -126.19
2.330000 16 63 -134.58
2.330000 16 64 -151.68
2.330000 16 65 -161.43
2.330000 16 66 -173.63
2.330000 16 67 -182.63
2.330000 16 68 -186.24
2.330000 16 69 -180.52
2.330000 16 70 -190.41
2.330000 16 71 -188.67
2.330000 16 72 -190.82
2.330000 16 73 -164.23
2.330000 16 74 -139.09
2.330000 16 75 -131.27
2.330000 16 76 -131.21
2.330000 16 77 -115.57
2.330000 16 78 -104.28
2.330000 16 79 -87.17
2.330000 16 80 -75.28
2.330000 16 81 -100.69
2.330000 16 82 -132.22
2.330000 16 83 -154.18
2.330000 16 84 -154.85
2.330000 16 85 -154.39
2.330000 16 86 -157.03
2.330000 16 87 -158.79
2.330000 16 88 -168.77
2.330000 16 89 -174.56
2.330000 16 90 -144.77
2.330000 16 91 -121.42
2.330000 16 92 -117.68
2.330000 16 93 -114.53
2.330000 16 94 -101.94
2.330000 16 95 -90.65
2.330000 16 96 -79.39
2.330000 16 97 -61.43
2.330000 16 98 -81.80
2.330000 16 99 -101.72
2.330000 16 100 -104.44
2.330000 16 101 -125.82
2.330000 16 102 -128.31
2.330000 16 103 -127.04
2.330000 16 104 -118.09
2.330000 16 105 -116.43
2.330000 16 106 -119.77
2.330000 16 107 -115.44
2.330000 16 108 -96.94
2.330000 16 109 -83.86
2.330000 16 110 -86.74
2.330000 16 111 -82.17
2.330000 16 112 -85.15
2.330000 16 113 -81.98
2.330000 16 114 -67.24
2.330000 16 115 -66.33
2.330000 16 116 -85.20
2.330000 16 117 -100.80
2.330000 16 118 -128.71
2.330000 16 119 -130.23
2.330000 16 120 -126.35
2.330000 16 121 -130.06
2.330000 16 122 -110.55
2.330000 16 123 -94.86
2.330000 16 124 -59.76
2.330000 16 125 -38.64
2.330000 16 126 -34.67
2.330000 16 127 -46.77
2.330000 16 128 -64.75
2.330000 16 129 -72.12
2.330000 16 130 -89.93
2.330000 16 131 -97.91
2.330000 16 132 -107.35
2.330000 16 133 -125.59
2.330000 16 134 -149.20
2.330000 16 135 -164.30
2.330000 16 136 -156.24
2.330000 16 137 -152.41
2.330000 16 138 -135.60
2.330000 16 139 -102.26
2.330000 16 140 -79.91
2.330000 16 141 -68.29
2.330000 16 142 -62.83
2.330000 16 143 -69.47
2.330000 16 144 -76.30
2.330000 16 145 -47.17
2.330000 16 146 -46.78
2.330000 16 147 -50.33
2.330000 16 148 -53.61
2.330000 16 149 -72.60
2.330000 16 150 -75.16
2.330000 16 151 -81.57
2.330000 16 152 -92.68
2.330000 16 153 -62.41
2.330000 16 154 -61.09
2.330000 16 155 -36.24
2.330000 16 156 -4.08
2.330000 16 157 -0.75
2.330000 16 158 -21.83
2.330000 16 159 -17.13
2.330000 16 160 -32.47
2.330000 16 161 -30.21
2.330000 16 162 -34.29
2.330000 16 163 -34.80
2.330000 16 164 -37.69
2.330000 16 165 -28.59
2.330000 16 166 -27.17
2.330000 16 167 -30.33
2.330000 16 168 -27.21
2.330000 16 169 -38.72
2.330000 16 170 -31.01
2.330000 16 171 -22.58
2.330000 16 172 -24.45
2.330000 16 173 -15.87
2.330000 16 174 -14.20
2.330000 16 175 -28.74
2.330000 16 176 -56.60
2.330000 16 177 -48.83
2.330000 16 178 -38.61
2.330000 16 179 -47.37
2.330000 16 180 -66.26
2.330000 16 181 -88.05
2.330000 16 182 -86.63
2.330000 16 183 -76.17
2.330000 16 184 -60.17
2.330000 16 185 -69.52
2.330000 16 186 -73.87
2.330000 16 187 -80.55
2.330000 16 188 -77.07
2.330000 16 189 -85.35
2.330000 16 190 -101.09
2.330000 16 191 -118.92
2.330000 16 192 -134.57
2.330000 16 193 -128.80
2.330000 16 194 -128.82
2.330000 16 195 -142.11
2.330000 16 196 -136.56
2.330000 16 197 -119.37
2.330000 16 198 -116.13
2.330000 16 199 -107.98
