3.440000 24 0 3471.62
3.440000 24 1 1732.42
3.440000 24 2 893.80
3.440000 24 3 530.87
3.440000 24 4 329.69
3.440000 24 5 218.08
3.440000 24 6 179.49
3.440000 24 7 122.38
3.440000 24 8 71.90
3.440000 24 9 100.47
3.440000 24 10 111.51
3.440000 24 11 68.73
3.440000 24 12 23.96
3.440000 24 13 17.17
3.440000 24 14 16.25
3.440000 24 15 -22.89
3.440000 24 16  4.99
3.440000 24 17 38.71
3.440000 24 18 47.97
3.440000 24 19 87.49
3.440000 24 20 121.23
3.440000 24 21 60.98
3.440000 24 22 81.03
3.440000 24 23 113.75
3.440000 24 24 102.09
3.440000 24 25 90.70
3.440000 24 26 76.62
3.440000 24 27 74.50
3.440000 24 28 75.60
3.440000 24 29 16.46
3.440000 24 30  8.47
3.440000 24 31 -1.42
3.440000 24 32  7.32
3.440000 24 33 14.24
3.440000 24 34 62.72
3.440000 24 35 73.90
3.440000 24 36 73.58
3.440000 24 37 68.73
3.440000 24 38 19.95
3.440000 24 39 -30.10
3.440000 24 40 -38.19
3.440000 24 41 -42.29
3.440000 24 42 -35.64
3.440000 24 43 18.99
3.440000 24 44 -0.72
3.440000 24 45  6.85
3.440000 24 46 -36.37
3.440000 24 47 -31.26
3.440000 24 48 -3.18
3.440000 24 49 -17.16
3.440000 24 50 14.03
3.440000 24 51 19.68
3.440000 24 52  8.73
3.440000 24 53 -25.75
3.440000 24 54 -10.68
3.440000 24 55 -54.24
3.440000 24 56 -59.22
3.440000 24 57 -37.21
3.440000 24 58 -16.71
3.440000 24 59  3.91
3.440000 24 60 14.13
3.440000 24 61  0.04
3.440000 24 62 -45.19
3.440000 24 63 -56.42
3.440000 24 64 -58.20
3.440000 24 65 -54.31
3.440000 24 66 -71.17
3.440000 24 67 -84.91
3.440000 24 68 -49.58
3.440000 24 69 -51.92
3.440000 24 70 -84.65
3.440000 24 71 -66.46
3.440000 24 72 -101.06
3.440000 24 73 -138.48
3.440000 24 74 -147.51
3.440000 24 75 -127.50
3.440000 24 76 -99.68
3.440000 24 77 -96.60
3.440000 24 78 -94.71
3.440000 24 79 -99.56
3.440000 24 80 -127.07
3.440000 24 81 -164.01
3.440000 24 82 -178.09
3.440000 24 83 -177.46
3.440000 24 84 -208.85
3.440000 24 85 -210.45
3.440000 24 86 -233.57
3.440000 24 87 -268.52
3.440000 24 88 -226.79
3.440000 24 89 -230.23
3.440000 24 90 -208.54
3.440000 24 91 -216.12
3.440000 24 92 -215.51
3.440000 24 93 -198.73
3.440000 24 94 -237.08
3.440000 24 95 -259.31
3.440000 24 96 -214.13
3.440000 24 97 -184.58
3.440000 24 98 -219.11
3.440000 24 99 -242.40
3.440000 24 100 -246.21
3.440000 24 101 -231.45
3.440000 24 102 -239.68
3.440000 24 103 -230.41
3.440000 24 104 -151.40
3.440000 24 105 -155.89
3.440000 24 106 -177.26
3.440000 24 107 -194.37
3.440000 24 108 -202.09
3.440000 24 109 -178.38
3.440000 24 110 -146.53
3.440000 24 111 -122.49
3.440000 24 112 -113.67
3.440000 24 113 -119.44
3.440000 24 114 -177.38
3.440000 24 115 -176.51
3.440000 24 116 -162.92
3.440000 24 117 -185.81
3.440000 24 118 -200.42
3.440000 24 119 -197.52
3.440000 24 120 -174.23
3.440000 24 121 -167.08
3.440000 24 122 -141.54
3.440000 24 123 -140.01
3.440000 24 124 -123.92
3.440000 24 125 -137.64
3.440000 24 126 -121.07
3.440000 24 127 -90.98
3.440000 24 128 -98.14
3.440000 24 129 -128.81
3.440000 24 130 -117.24
3.440000 24 131 -147.67
3.440000 24 132 -162.50
3.440000 24 133 -144.74
3.440000 24 134 -80.75
3.440000 24 135 -99.94
3.440000 24 136 -109.72
3.440000 24 137 -104.61
3.440000 24 138 -125.16
3.440000 24 139 -113.16
3.440000 24 140 -89.70
3.440000 24 141 -107.61
3.440000 24 142 -92.03
3.440000 24 143 -122.44
3.440000 24 144 -142.54
3.440000 24 145 -126.76
3.440000 24 146 -125.62
3.440000 24 147 -124.38
3.440000 24 148 -145.91
3.440000 24 149 -158.42
3.440000 24 150 -156.56
3.440000 24 151 -131.80
3.440000 24 152 -126.95
3.440000 24 153 -122.78
3.440000 24 154 -136.50
3.440000 24 155 -110.86
3.440000 24 156 -85.43
3.440000 24 157 -96.72
3.440000 24 158 -70.53
3.440000 24 159 -75.55
3.440000 24 160 -21.80
3.440000 24 161 -36.02
3.440000 24 162 -109.74
3.440000 24 163 -133.37
3.440000 24 164 -122.51
3.440000 24 165 -102.40
3.440000 24 166 -85.17
3.440000 24 167 -122.09
3.440000 24 168 -151.87
3.440000 24 169 -130.94
3.440000 24 170 -130.38
3.440000 24 171 -135.18
3.440000 24 172 -147.80
3.440000 24 173 -177.72
3.440000 24 174 -202.27
3.440000 24 175 -179.69
3.440000 24 176 -177.02
3.440000 24 177 -161.72
3.440000 24 178 -161.14
3.440000 24 179 -144.95
3.440000 24 180 -96.07
3.440000 24 181 -91.82
3.440000 24 182 -104.80
3.440000 24 183 -68.03
3.440000 24 184 -60.18
3.440000 24 185 -47.82
3.440000 24 186 -67.54
3.440000 24 187 -60.81
3.440000 24 188 -46.05
3.440000 24 189 -16.46
3.440000 24 190 -49.75
3.440000 24 191 -75.00
3.440000 24 192 -139.90
3.440000 24 193 -178.42
3.440000 24 194 -166.57
3.440000 24 195 -126.21
3.440000 24 196 -151.75
3.440000 24 197 -121.97
3.440000 24 198 -65.96
3.440000 24 199 -72.49
