3.650000 64 0 52769.07
3.650000 64 1 43470.96
3.650000 64 2 36345.84
3.650000 64 3 30739.25
3.650000 64 4 26389.08
3.650000 64 5 22711.18
3.650000 64 6 19758.73
3.650000 64 7 17736.25
3.650000 64 8 15868.86
3.650000 64 9 14109.84
3.650000 64 10 12934.49
3.650000 64 11 11998.29
3.650000 64 12 11086.60
3.650000 64 13 10386.08
3.650000 64 14 9797.27
3.650000 64 15 9134.80
3.650000 64 16 8779.48
3.650000 64 17 8392.60
3.650000 64 18 7926.19
3.650000 64 19 7531.67
3.650000 64 20 6988.58
3.650000 64 21 6890.49
3.650000 64 22 6482.34
3.650000 64 23 5994.26
3.650000 64 24 5646.82
3.650000 64 25 5425.15
3.650000 64 26 5172.15
3.650000 64 27 4974.26
3.650000 64 28 5333.71
3.650000 64 29 5358.93
3.650000 64 30 5113.22
3.650000 64 31 4634.62
3.650000 64 32 4258.05
3.650000 64 33 3849.65
3.650000 64 34 3344.56
3.650000 64 35 2818.59
3.650000 64 36 2350.58
3.650000 64 37 1743.59
3.650000 64 38 1015.99
3.650000 64 39 374.81
3.650000 64 40 51.63
3.650000 64 41 -283.38
3.650000 64 42 -160.51
3.650000 64 43 -70.14
3.650000 64 44 75.09
3.650000 64 45 405.31
3.650000 64 46 603.39
3.650000 64 47 796.23
3.650000 64 48 781.81
3.650000 64 49 835.01
3.650000 64 50 1079.17
3.650000 64 51 1119.25
3.650000 64 52 1211.05
3.650000 64 53 817.11
3.650000 64 54 786.33
3.650000 64 55 701.33
3.650000 64 56 852.08
3.650000 64 57 901.25
3.650000 64 58 910.87
3.650000 64 59 774.64
3.650000 64 60 538.69
3.650000 64 61 723.84
3.650000 64 62 546.35
3.650000 64 63 327.05
3.650000 64 64 306.38
3.650000 64 65 527.88
3.650000 64 66 659.48
3.650000 64 67 591.51
3.650000 64 68 697.95
3.650000 64 69 429.11
3.650000 64 70 72.79
3.650000 64 71 277.36
3.650000 64 72 328.10
3.650000 64 73 508.35
3.650000 64 74 454.82
3.650000 64 75 33.27
3.650000 64 76 -450.35
3.650000 64 77 -761.53
3.650000 64 78 -1172.27
3.650000 64 79 -1316.22
3.650000 64 80 -1154.73
3.650000 64 81 -1272.82
3.650000 64 82 -1589.12
3.650000 64 83 -1841.35
3.650000 64 84 -2256.92
3.650000 64 85 -2695.58
3.650000 64 86 -2921.21
3.650000 64 87 -3272.77
3.650000 64 88 -3363.73
3.650000 64 89 -3692.79
3.650000 64 90 -3392.08
3.650000 64 91 -3190.09
3.650000 64 92 -2853.29
3.650000 64 93 -2377.86
3.650000 64 94 -2039.60
3.650000 64 95 -1755.25
3.650000 64 96 -1558.41
3.650000 64 97 -1257.23
3.650000 64 98 -1172.57
3.650000 64 99 -1086.92
3.650000 64 100 -932.73
3.650000 64 101 -630.23
3.650000 64 102 -659.27
3.650000 64 103 -451.83
3.650000 64 104 -406.08
3.650000 64 105 -199.82
3.650000 64 106 -381.48
3.650000 64 107 -482.50
3.650000 64 108 -108.22
3.650000 64 109 664.59
3.650000 64 110 922.60
3.650000 64 111 1226.36
3.650000 64 112 1272.74
3.650000 64 113 1368.75
3.650000 64 114 1200.33
3.650000 64 115 1157.27
3.650000 64 116 969.12
3.650000 64 117 675.83
3.650000 64 118 467.30
3.650000 64 119 397.57
3.650000 64 120 317.99
3.650000 64 121 117.37
3.650000 64 122 25.42
3.650000 64 123 -104.56
3.650000 64 124 -367.62
3.650000 64 125 -705.55
3.650000 64 126 -779.93
3.650000 64 127 -795.55
3.650000 64 128 -1094.23
3.650000 64 129 -1134.85
3.650000 64 130 -931.40
3.650000 64 131 -828.74
3.650000 64 132 -631.82
3.650000 64 133 -356.01
3.650000 64 134 63.06
3.650000 64 135 -258.41
3.650000 64 136 -619.26
3.650000 64 137 -1207.98
3.650000 64 138 -1546.93
3.650000 64 139 -1787.91
3.650000 64 140 -1976.75
3.650000 64 141 -2109.09
3.650000 64 142 -2423.50
3.650000 64 143 -2648.41
3.650000 64 144 -3129.66
3.650000 64 145 -3325.21
3.650000 64 146 -3553.44
3.650000 64 147 -3725.91
3.650000 64 148 -3698.92
3.650000 64 149 -3596.33
3.650000 64 150 -3516.90
3.650000 64 151 -3696.46
3.650000 64 152 -3907.03
3.650000 64 153 -3847.40
3.650000 64 154 -3978.18
3.650000 64 155 -4050.24
3.650000 64 156 -4313.88
3.650000 64 157 -4650.02
3.650000 64 158 -5025.00
3.650000 64 159 -5014.31
3.650000 64 160 -4911.52
3.650000 64 161 -4739.20
3.650000 64 162 -4538.63
3.650000 64 163 -4003.67
3.650000 64 164 -3332.07
3.650000 64 165 -3088.12
3.650000 64 166 -2827.45
3.650000 64 167 -2242.81
3.650000 64 168 -2009.84
3.650000 64 169 -1632.40
3.650000 64 170 -1383.95
3.650000 64 171 -859.08
3.650000 64 172 -366.96
3.650000 64 173 -5.72
3.650000 64 174 137.83
3.650000 64 175 97.92
3.650000 64 176 144.43
3.650000 64 177 77.16
3.650000 64 178 138.19
3.650000 64 179 333.47
3.650000 64 180 359.05
3.650000 64 181 407.40
3.650000 64 182 496.43
3.650000 64 183 1020.15
3.650000 64 184 814.27
3.650000 64 185 829.28
3.650000 64 186 758.91
3.650000 64 187 163.30
3.650000 64 188 -464.61
3.650000 64 189 -1009.36
3.650000 64 190 -1010.84
3.650000 64 191 -1223.60
3.650000 64 192 -1603.08
3.650000 64 193 -1827.87
3.650000 64 194 -2020.66
3.650000 64 195 -1983.59
3.650000 64 196 -1806.06
3.650000 64 197 -1830.19
3.650000 64 198 -1658.88
3.650000 64 199 -1621.37
