3.650000 24 0 6367.76
3.650000 24 1 4624.54
3.650000 24 2 3445.04
3.650000 24 3 2609.05
3.650000 24 4 2048.55
3.650000 24 5 1586.22
3.650000 24 6 1262.38
3.650000 24 7 1047.10
3.650000 24 8 859.34
3.650000 24 9 710.78
3.650000 24 10 568.60
3.650000 24 11 506.88
3.650000 24 12 447.89
3.650000 24 13 335.96
3.650000 24 14 217.80
3.650000 24 15 128.32
3.650000 24 16 90.24
3.650000 24 17 46.43
3.650000 24 18 23.65
3.650000 24 19 14.45
3.650000 24 20 -14.29
3.650000 24 21 -22.62
3.650000 24 22 -86.19
3.650000 24 23 -40.06
3.650000 24 24 -65.01
3.650000 24 25 -72.71
3.650000 24 26 -105.12
3.650000 24 27 -92.18
3.650000 24 28 -62.14
3.650000 24 29 -49.59
3.650000 24 30 -42.67
3.650000 24 31 -98.20
3.650000 24 32 -146.57
3.650000 24 33 -199.19
3.650000 24 34 -244.15
3.650000 24 35 -285.19
3.650000 24 36 -367.24
3.650000 24 37 -381.88
3.650000 24 38 -395.76
3.650000 24 39 -405.15
3.650000 24 40 -381.61
3.650000 24 41 -371.30
3.650000 24 42 -359.45
3.650000 24 43 -405.27
3.650000 24 44 -408.74
3.650000 24 45 -421.18
3.650000 24 46 -421.98
3.650000 24 47 -417.93
3.650000 24 48 -396.76
3.650000 24 49 -422.46
3.650000 24 50 -463.04
3.650000 24 51 -478.54
3.650000 24 52 -453.04
3.650000 24 53 -455.50
3.650000 24 54 -478.17
3.650000 24 55 -493.02
3.650000 24 56 -472.67
3.650000 24 57 -426.86
3.650000 24 58 -412.03
3.650000 24 59 -326.31
3.650000 24 60 -265.78
3.650000 24 61 -226.13
3.650000 24 62 -240.80
3.650000 24 63 -225.01
3.650000 24 64 -234.60
3.650000 24 65 -155.90
3.650000 24 66 -114.69
3.650000 24 67 -98.50
3.650000 24 68 -123.70
3.650000 24 69 -115.77
3.650000 24 70 -132.05
3.650000 24 71 -119.75
3.650000 24 72 -102.57
3.650000 24 73 -86.85
3.650000 24 74 -93.32
3.650000 24 75 -131.93
3.650000 24 76 -126.14
3.650000 24 77 -97.58
3.650000 24 78 -82.49
3.650000 24 79 -103.28
3.650000 24 80 -89.71
3.650000 24 81 -67.76
3.650000 24 82 -89.81
3.650000 24 83 -103.55
3.650000 24 84 -132.98
3.650000 24 85 -107.64
3.650000 24 86 -136.97
3.650000 24 87 -161.43
3.650000 24 88 -207.86
3.650000 24 89 -230.37
3.650000 24 90 -228.30
3.650000 24 91 -227.99
3.650000 24 92 -241.55
3.650000 24 93 -245.72
3.650000 24 94 -245.17
3.650000 24 95 -288.29
3.650000 24 96 -305.83
3.650000 24 97 -301.04
3.650000 24 98 -350.97
3.650000 24 99 -432.42
3.650000 24 100 -457.36
3.650000 24 101 -443.30
3.650000 24 102 -468.93
3.650000 24 103 -496.90
3.650000 24 104 -502.10
3.650000 24 105 -492.88
3.650000 24 106 -485.54
3.650000 24 107 -442.68
3.650000 24 108 -432.70
3.650000 24 109 -420.79
3.650000 24 110 -348.95
3.650000 24 111 -308.03
3.650000 24 112 -295.73
3.650000 24 113 -305.19
3.650000 24 114 -346.47
3.650000 24 115 -376.98
3.650000 24 116 -380.22
3.650000 24 117 -382.76
3.650000 24 118 -319.22
3.650000 24 119 -232.15
3.650000 24 120 -219.33
3.650000 24 121 -200.25
3.650000 24 122 -215.10
3.650000 24 123 -226.26
3.650000 24 124 -184.90
3.650000 24 125 -148.04
3.650000 24 126 -166.62
3.650000 24 127 -100.82
3.650000 24 128 -39.52
3.650000 24 129 -0.76
3.650000 24 130 85.11
3.650000 24 131 125.17
3.650000 24 132 154.42
3.650000 24 133 240.08
3.650000 24 134 321.96
3.650000 24 135 334.89
3.650000 24 136 286.10
3.650000 24 137 266.41
3.650000 24 138 249.82
3.650000 24 139 229.63
3.650000 24 140 167.95
3.650000 24 141 124.33
3.650000 24 142 86.66
3.650000 24 143 61.96
3.650000 24 144 -12.54
3.650000 24 145 -32.97
3.650000 24 146 -14.38
3.650000 24 147 10.35
3.650000 24 148 -20.44
3.650000 24 149 -25.20
3.650000 24 150 -4.88
3.650000 24 151 17.15
3.650000 24 152 34.68
3.650000 24 153 134.63
3.650000 24 154 211.69
3.650000 24 155 226.51
3.650000 24 156 290.77
3.650000 24 157 365.91
3.650000 24 158 329.03
3.650000 24 159 300.62
3.650000 24 160 282.68
3.650000 24 161 266.00
3.650000 24 162 265.23
3.650000 24 163 274.74
3.650000 24 164 263.23
3.650000 24 165 222.07
3.650000 24 166 197.11
3.650000 24 167 155.41
3.650000 24 168 89.24
3.650000 24 169 62.60
3.650000 24 170 37.70
3.650000 24 171 45.53
3.650000 24 172 76.85
3.650000 24 173 39.99
3.650000 24 174 30.41
3.650000 24 175 -20.89
3.650000 24 176 -7.64
3.650000 24 177 -47.31
3.650000 24 178 -32.31
3.650000 24 179 -35.58
3.650000 24 180 -30.15
3.650000 24 181 -85.40
3.650000 24 182 -143.82
3.650000 24 183 -244.52
3.650000 24 184 -269.79
3.650000 24 185 -265.18
3.650000 24 186 -295.22
3.650000 24 187 -327.20
3.650000 24 188 -344.69
3.650000 24 189 -343.94
3.650000 24 190 -356.10
3.650000 24 191 -334.53
3.650000 24 192 -284.58
3.650000 24 193 -228.18
3.650000 24 194 -188.29
3.650000 24 195 -204.72
3.650000 24 196 -216.49
3.650000 24 197 -212.73
3.650000 24 198 -218.91
3.650000 24 199 -226.54
