3.630000 24 0 5899.00
3.630000 24 1 4138.20
3.630000 24 2 2960.12
3.630000 24 3 2201.73
3.630000 24 4 1662.17
3.630000 24 5 1240.00
3.630000 24 6 935.24
3.630000 24 7 673.88
3.630000 24 8 507.17
3.630000 24 9 391.52
3.630000 24 10 327.50
3.630000 24 11 245.33
3.630000 24 12 165.46
3.630000 24 13 150.56
3.630000 24 14 104.59
3.630000 24 15  8.09
3.630000 24 16 -59.24
3.630000 24 17 -69.06
3.630000 24 18 -50.64
3.630000 24 19 -30.62
3.630000 24 20 -39.38
3.630000 24 21 -8.60
3.630000 24 22 18.67
3.630000 24 23 18.99
3.630000 24 24 50.45
3.630000 24 25 81.64
3.630000 24 26 135.66
3.630000 24 27 166.78
3.630000 24 28 94.44
3.630000 24 29 62.17
3.630000 24 30 -14.32
3.630000 24 31 -52.90
3.630000 24 32 -65.68
3.630000 24 33 -68.05
3.630000 24 34 -88.99
3.630000 24 35 -60.85
3.630000 24 36 -17.29
3.630000 24 37 -31.83
3.630000 24 38 -11.99
3.630000 24 39 -12.56
3.630000 24 40 -46.37
3.630000 24 41 -71.82
3.630000 24 42 -75.38
3.630000 24 43 -73.72
3.630000 24 44 -59.92
3.630000 24 45 -25.34
3.630000 24 46 -40.63
3.630000 24 47 -30.16
3.630000 24 48 -33.10
3.630000 24 49 -70.54
3.630000 24 50 -91.94
3.630000 24 51 -103.75
3.630000 24 52 -43.54
3.630000 24 53 -59.76
3.630000 24 54 -69.33
3.630000 24 55 -56.56
3.630000 24 56 -56.43
3.630000 24 57 -91.25
3.630000 24 58 -92.82
3.630000 24 59 -96.65
3.630000 24 60 -104.49
3.630000 24 61 -134.93
3.630000 24 62 -172.25
3.630000 24 63 -171.85
3.630000 24 64 -226.68
3.630000 24 65 -297.61
3.630000 24 66 -285.59
3.630000 24 67 -212.17
3.630000 24 68 -221.46
3.630000 24 69 -226.63
3.630000 24 70 -180.30
3.630000 24 71 -144.41
3.630000 24 72 -149.27
3.630000 24 73 -159.64
3.630000 24 74 -112.24
3.630000 24 75 -87.07
3.630000 24 76 -57.43
3.630000 24 77 -66.34
3.630000 24 78 -62.14
3.630000 24 79 -74.92
3.630000 24 80 -67.47
3.630000 24 81 -71.27
3.630000 24 82 -85.27
3.630000 24 83 -13.24
3.630000 24 84 63.57
3.630000 24 85 124.16
3.630000 24 86 69.70
3.630000 24 87  5.54
3.630000 24 88 -30.19
3.630000 24 89 -31.18
3.630000 24 90 -22.83
3.630000 24 91 25.81
3.630000 24 92  6.28
3.630000 24 93 22.96
3.630000 24 94 59.00
3.630000 24 95 82.83
3.630000 24 96 94.86
3.630000 24 97 88.90
3.630000 24 98 104.08
3.630000 24 99 49.14
3.630000 24 100 27.71
3.630000 24 101 29.95
3.630000 24 102 28.28
3.630000 24 103 47.71
3.630000 24 104 78.91
3.630000 24 105 129.55
3.630000 24 106 66.92
3.630000 24 107 94.19
3.630000 24 108 141.55
3.630000 24 109 155.67
3.630000 24 110 201.99
3.630000 24 111 254.89
3.630000 24 112 301.71
3.630000 24 113 350.55
3.630000 24 114 351.18
3.630000 24 115 395.42
3.630000 24 116 469.46
3.630000 24 117 506.97
3.630000 24 118 586.10
3.630000 24 119 593.80
3.630000 24 120 632.41
3.630000 24 121 677.34
3.630000 24 122 694.75
3.630000 24 123 703.27
3.630000 24 124 705.94
3.630000 24 125 688.70
3.630000 24 126 674.12
3.630000 24 127 653.88
3.630000 24 128 645.79
3.630000 24 129 678.25
3.630000 24 130 648.85
3.630000 24 131 671.71
3.630000 24 132 628.86
3.630000 24 133 555.96
3.630000 24 134 496.28
3.630000 24 135 462.40
3.630000 24 136 466.80
3.630000 24 137 418.79
3.630000 24 138 375.41
3.630000 24 139 383.45
3.630000 24 140 359.75
3.630000 24 141 313.70
3.630000 24 142 286.12
3.630000 24 143 291.67
3.630000 24 144 321.06
3.630000 24 145 324.98
3.630000 24 146 342.26
3.630000 24 147 365.46
3.630000 24 148 369.09
3.630000 24 149 399.87
3.630000 24 150 466.04
3.630000 24 151 549.18
3.630000 24 152 609.98
3.630000 24 153 625.80
3.630000 24 154 613.87
3.630000 24 155 604.86
3.630000 24 156 603.16
3.630000 24 157 628.93
3.630000 24 158 622.74
3.630000 24 159 576.97
3.630000 24 160 522.94
3.630000 24 161 496.17
3.630000 24 162 478.67
3.630000 24 163 490.00
3.630000 24 164 432.62
3.630000 24 165 444.61
3.630000 24 166 467.34
3.630000 24 167 453.73
3.630000 24 168 477.50
3.630000 24 169 504.75
3.630000 24 170 509.47
3.630000 24 171 512.06
3.630000 24 172 505.07
3.630000 24 173 519.54
3.630000 24 174 501.18
3.630000 24 175 512.19
3.630000 24 176 518.23
3.630000 24 177 499.96
3.630000 24 178 526.23
3.630000 24 179 524.68
3.630000 24 180 544.26
3.630000 24 181 530.97
3.630000 24 182 489.49
3.630000 24 183 490.06
3.630000 24 184 496.06
3.630000 24 185 488.67
3.630000 24 186 521.18
3.630000 24 187 510.95
3.630000 24 188 457.91
3.630000 24 189 415.59
3.630000 24 190 376.70
3.630000 24 191 377.55
3.630000 24 192 378.39
3.630000 24 193 400.78
3.630000 24 194 470.96
3.630000 24 195 538.63
3.630000 24 196 554.84
3.630000 24 197 558.46
3.630000 24 198 559.61
3.630000 24 199 580.79
