3.720000 128 0 156842.51
3.720000 128 1 152114.68
3.720000 128 2 147229.54
3.720000 128 3 143052.79
3.720000 128 4 138818.56
3.720000 128 5 134862.78
3.720000 128 6 131341.84
3.720000 128 7 128298.15
3.720000 128 8 125388.69
3.720000 128 9 122838.65
3.720000 128 10 120477.97
3.720000 128 11 118182.05
3.720000 128 12 116100.29
3.720000 128 13 113562.25
3.720000 128 14 111009.86
3.720000 128 15 108693.65
3.720000 128 16 106489.35
3.720000 128 17 104579.06
3.720000 128 18 102661.61
3.720000 128 19 100944.37
3.720000 128 20 98929.97
3.720000 128 21 97030.53
3.720000 128 22 95011.65
3.720000 128 23 93279.24
3.720000 128 24 91679.31
3.720000 128 25 90226.44
3.720000 128 26 88747.46
3.720000 128 27 87278.41
3.720000 128 28 85771.95
3.720000 128 29 84149.55
3.720000 128 30 82827.47
3.720000 128 31 81355.26
3.720000 128 32 79864.88
3.720000 128 33 78461.08
3.720000 128 34 77058.02
3.720000 128 35 76173.73
3.720000 128 36 75944.03
3.720000 128 37 75867.00
3.720000 128 38 75787.10
3.720000 128 39 75436.91
3.720000 128 40 75035.11
3.720000 128 41 74641.25
3.720000 128 42 74451.06
3.720000 128 43 74384.72
3.720000 128 44 74199.01
3.720000 128 45 74444.94
3.720000 128 46 74699.79
3.720000 128 47 75126.84
3.720000 128 48 75667.07
3.720000 128 49 75859.30
3.720000 128 50 75946.86
3.720000 128 51 76049.12
3.720000 128 52 76250.45
3.720000 128 53 76172.14
3.720000 128 54 75990.20
3.720000 128 55 75282.04
3.720000 128 56 74645.18
3.720000 128 57 74117.04
3.720000 128 58 73605.59
3.720000 128 59 73063.23
3.720000 128 60 72725.52
3.720000 128 61 72327.40
3.720000 128 62 72145.95
3.720000 128 63 71865.52
3.720000 128 64 71452.94
3.720000 128 65 71374.78
3.720000 128 66 71416.44
3.720000 128 67 71439.50
3.720000 128 68 71546.00
3.720000 128 69 71919.45
3.720000 128 70 72540.25
3.720000 128 71 72777.07
3.720000 128 72 73061.41
3.720000 128 73 73166.86
3.720000 128 74 72756.88
3.720000 128 75 72360.57
3.720000 128 76 71301.92
3.720000 128 77 70092.89
3.720000 128 78 69377.71
3.720000 128 79 68868.17
3.720000 128 80 68300.07
3.720000 128 81 67962.18
3.720000 128 82 68005.90
3.720000 128 83 68022.37
3.720000 128 84 67832.01
3.720000 128 85 67621.38
3.720000 128 86 67647.38
3.720000 128 87 67553.05
3.720000 128 88 67647.87
3.720000 128 89 67710.20
3.720000 128 90 68587.64
3.720000 128 91 69077.10
3.720000 128 92 69625.83
3.720000 128 93 69742.97
3.720000 128 94 69466.57
3.720000 128 95 69381.68
3.720000 128 96 69339.13
3.720000 128 97 69333.67
3.720000 128 98 69200.34
3.720000 128 99 69145.72
3.720000 128 100 69266.41
3.720000 128 101 69457.55
3.720000 128 102 69829.03
3.720000 128 103 69805.39
3.720000 128 104 69745.15
3.720000 128 105 69480.89
3.720000 128 106 70189.22
3.720000 128 107 71031.45
3.720000 128 108 71854.44
3.720000 128 109 72719.18
3.720000 128 110 73058.64
3.720000 128 111 73383.97
3.720000 128 112 73583.20
3.720000 128 113 73724.47
3.720000 128 114 73876.71
3.720000 128 115 74152.77
3.720000 128 116 74355.15
3.720000 128 117 74744.05
3.720000 128 118 74838.58
3.720000 128 119 75113.55
3.720000 128 120 75199.59
3.720000 128 121 75413.95
3.720000 128 122 75395.99
3.720000 128 123 75393.02
3.720000 128 124 75141.84
3.720000 128 125 74835.61
3.720000 128 126 74499.27
3.720000 128 127 75081.60
3.720000 128 128 75511.53
3.720000 128 129 75306.21
3.720000 128 130 74726.70
3.720000 128 131 74243.36
3.720000 128 132 74036.18
3.720000 128 133 73868.86
3.720000 128 134 73785.69
3.720000 128 135 73797.16
3.720000 128 136 73418.66
3.720000 128 137 73249.93
3.720000 128 138 73167.11
3.720000 128 139 72597.14
3.720000 128 140 72716.65
3.720000 128 141 72409.30
3.720000 128 142 72378.50
3.720000 128 143 72620.99
3.720000 128 144 72834.84
3.720000 128 145 73235.61
3.720000 128 146 73740.16
3.720000 128 147 73496.52
3.720000 128 148 73341.90
3.720000 128 149 72845.67
3.720000 128 150 72040.54
3.720000 128 151 70971.99
3.720000 128 152 69787.59
3.720000 128 153 68915.69
3.720000 128 154 68528.44
3.720000 128 155 67829.72
3.720000 128 156 67309.21
3.720000 128 157 66876.45
3.720000 128 158 67153.36
3.720000 128 159 67425.08
3.720000 128 160 67791.86
3.720000 128 161 67606.29
3.720000 128 162 67529.06
3.720000 128 163 67180.53
3.720000 128 164 66595.85
3.720000 128 165 65882.18
3.720000 128 166 64851.22
3.720000 128 167 63382.84
3.720000 128 168 61444.17
3.720000 128 169 60097.44
3.720000 128 170 58833.11
3.720000 128 171 57328.23
3.720000 128 172 55775.74
3.720000 128 173 54199.31
3.720000 128 174 52354.98
3.720000 128 175 50302.72
3.720000 128 176 48173.18
3.720000 128 177 45140.14
3.720000 128 178 42569.14
3.720000 128 179 39780.25
3.720000 128 180 37172.25
3.720000 128 181 34416.03
3.720000 128 182 31872.40
3.720000 128 183 29496.45
3.720000 128 184 27076.47
3.720000 128 185 24945.31
3.720000 128 186 22464.98
3.720000 128 187 19922.45
3.720000 128 188 17445.45
3.720000 128 189 14988.88
3.720000 128 190 12432.32
3.720000 128 191 9802.41
3.720000 128 192 6690.07
3.720000 128 193 3511.09
3.720000 128 194 352.60
3.720000 128 195 -2578.66
3.720000 128 196 -5447.23
3.720000 128 197 -8269.58
3.720000 128 198 -10963.25
3.720000 128 199 -13378.36
