2.295000 128 0 207931.99
2.295000 128 1 196084.39
2.295000 128 2 185631.54
2.295000 128 3 176007.65
2.295000 128 4 167397.83
2.295000 128 5 158649.22
2.295000 128 6 150774.92
2.295000 128 7 142545.67
2.295000 128 8 134318.95
2.295000 128 9 126373.05
2.295000 128 10 119190.89
2.295000 128 11 112962.26
2.295000 128 12 107670.10
2.295000 128 13 103068.99
2.295000 128 14 98208.42
2.295000 128 15 93346.55
2.295000 128 16 89025.76
2.295000 128 17 84592.68
2.295000 128 18 80744.49
2.295000 128 19 77411.13
2.295000 128 20 74278.02
2.295000 128 21 71306.97
2.295000 128 22 68060.54
2.295000 128 23 65221.78
2.295000 128 24 62725.84
2.295000 128 25 60161.77
2.295000 128 26 58018.90
2.295000 128 27 56372.43
2.295000 128 28 54572.05
2.295000 128 29 53380.32
2.295000 128 30 52263.54
2.295000 128 31 51096.79
2.295000 128 32 50350.52
2.295000 128 33 49919.61
2.295000 128 34 48565.46
2.295000 128 35 46999.97
2.295000 128 36 45591.82
2.295000 128 37 44054.69
2.295000 128 38 41922.35
2.295000 128 39 40042.31
2.295000 128 40 37146.65
2.295000 128 41 34749.73
2.295000 128 42 32412.53
2.295000 128 43 30649.41
2.295000 128 44 29988.84
2.295000 128 45 29484.35
2.295000 128 46 28054.43
2.295000 128 47 25551.51
2.295000 128 48 22928.89
2.295000 128 49 21103.68
2.295000 128 50 19818.72
2.295000 128 51 18737.88
2.295000 128 52 18109.60
2.295000 128 53 18209.61
2.295000 128 54 18559.99
2.295000 128 55 19003.81
2.295000 128 56 19788.26
2.295000 128 57 20656.60
2.295000 128 58 21624.99
2.295000 128 59 23234.01
2.295000 128 60 24827.86
2.295000 128 61 26065.22
2.295000 128 62 26830.71
2.295000 128 63 28951.38
2.295000 128 64 31402.40
2.295000 128 65 33139.49
2.295000 128 66 34899.79
2.295000 128 67 37811.59
2.295000 128 68 40866.87
2.295000 128 69 43536.16
2.295000 128 70 45736.49
2.295000 128 71 48472.81
2.295000 128 72 50753.52
2.295000 128 73 52754.34
2.295000 128 74 54068.07
2.295000 128 75 55070.68
2.295000 128 76 56294.21
2.295000 128 77 57167.05
2.295000 128 78 57290.75
2.295000 128 79 57255.84
2.295000 128 80 57511.85
2.295000 128 81 57927.50
2.295000 128 82 58052.99
2.295000 128 83 58634.39
2.295000 128 84 59924.42
2.295000 128 85 60557.01
2.295000 128 86 61476.80
2.295000 128 87 62934.72
2.295000 128 88 64979.00
2.295000 128 89 67410.11
2.295000 128 90 70122.57
2.295000 128 91 72774.27
2.295000 128 92 75189.84
2.295000 128 93 78773.78
2.295000 128 94 82187.97
2.295000 128 95 84892.58
2.295000 128 96 87636.55
2.295000 128 97 91437.78
2.295000 128 98 94952.84
2.295000 128 99 98458.85
2.295000 128 100 102105.65
2.295000 128 101 106088.39
2.295000 128 102 110459.68
2.295000 128 103 115064.08
2.295000 128 104 119662.38
2.295000 128 105 124293.22
2.295000 128 106 128221.40
2.295000 128 107 132001.72
2.295000 128 108 135831.49
2.295000 128 109 139654.29
2.295000 128 110 143308.64
2.295000 128 111 146711.09
2.295000 128 112 149770.40
2.295000 128 113 152872.74
2.295000 128 114 156165.98
2.295000 128 115 159128.76
2.295000 128 116 162084.08
2.295000 128 117 164448.68
2.295000 128 118 167035.64
2.295000 128 119 169893.14
2.295000 128 120 172457.58
2.295000 128 121 175031.72
2.295000 128 122 176823.95
2.295000 128 123 178909.04
2.295000 128 124 181562.11
2.295000 128 125 184410.93
2.295000 128 126 187225.64
2.295000 128 127 189832.45
2.295000 128 128 192689.26
2.295000 128 129 195261.80
2.295000 128 130 197675.42
2.295000 128 131 200203.74
2.295000 128 132 202975.92
2.295000 128 133 205839.18
2.295000 128 134 208509.50
2.295000 128 135 211205.64
2.295000 128 136 214297.99
2.295000 128 137 217049.82
2.295000 128 138 219890.86
2.295000 128 139 222385.66
2.295000 128 140 224912.92
2.295000 128 141 226552.80
2.295000 128 142 227474.90
2.295000 128 143 227995.63
2.295000 128 144 228772.34
2.295000 128 145 229056.76
2.295000 128 146 228026.68
2.295000 128 147 227163.68
2.295000 128 148 227912.83
2.295000 128 149 229066.84
2.295000 128 150 230547.76
2.295000 128 151 231694.45
2.295000 128 152 232275.44
2.295000 128 153 233187.23
2.295000 128 154 233285.55
2.295000 128 155 234073.89
2.295000 128 156 233382.31
2.295000 128 157 232877.66
2.295000 128 158 231452.65
2.295000 128 159 229990.01
2.295000 128 160 228356.21
2.295000 128 161 226701.22
2.295000 128 162 226569.35
2.295000 128 163 226428.40
2.295000 128 164 226408.70
2.295000 128 165 225966.08
2.295000 128 166 226790.34
2.295000 128 167 227672.13
2.295000 128 168 228845.22
2.295000 128 169 229464.59
2.295000 128 170 230784.97
2.295000 128 171 231865.46
2.295000 128 172 232830.72
2.295000 128 173 232846.98
2.295000 128 174 232740.02
2.295000 128 175 232911.43
2.295000 128 176 232707.43
2.295000 128 177 231848.23
2.295000 128 178 230602.23
2.295000 128 179 229230.47
2.295000 128 180 227800.07
2.295000 128 181 226684.56
2.295000 128 182 226082.96
2.295000 128 183 224023.29
2.295000 128 184 222041.26
2.295000 128 185 220678.34
2.295000 128 186 218676.68
2.295000 128 187 215729.03
2.295000 128 188 214158.99
2.295000 128 189 212031.21
2.295000 128 190 209330.30
2.295000 128 191 206592.12
2.295000 128 192 204866.14
2.295000 128 193 203135.92
2.295000 128 194 201991.02
2.295000 128 195 201675.45
2.295000 128 196 200649.89
2.295000 128 197 200242.58
2.295000 128 198 199004.17
2.295000 128 199 198864.62
