2.210000 16 0 1612.89
2.210000 16 1 929.06
2.210000 16 2 563.23
2.210000 16 3 329.40
2.210000 16 4 186.59
2.210000 16 5 106.06
2.210000 16 6 71.41
2.210000 16 7 61.55
2.210000 16 8 59.83
2.210000 16 9 40.85
2.210000 16 10 29.33
2.210000 16 11 34.20
2.210000 16 12 41.45
2.210000 16 13 42.88
2.210000 16 14 31.85
2.210000 16 15 26.49
2.210000 16 16 15.27
2.210000 16 17 11.32
2.210000 16 18  5.33
2.210000 16 19 11.71
2.210000 16 20 24.22
2.210000 16 21 35.24
2.210000 16 22 31.14
2.210000 16 23 16.61
2.210000 16 24  9.75
2.210000 16 25 11.64
2.210000 16 26  2.28
2.210000 16 27 -4.95
2.210000 16 28 17.81
2.210000 16 29 19.49
2.210000 16 30 39.62
2.210000 16 31 41.08
2.210000 16 32 14.75
2.210000 16 33 -2.82
2.210000 16 34  0.59
2.210000 16 35 28.84
2.210000 16 36 34.80
2.210000 16 37 30.97
2.210000 16 38 16.68
2.210000 16 39 14.43
2.210000 16 40  5.57
2.210000 16 41  6.69
2.210000 16 42  3.20
2.210000 16 43  7.27
2.210000 16 44 -1.11
2.210000 16 45 -14.33
2.210000 16 46 -7.97
2.210000 16 47 -4.16
2.210000 16 48 20.77
2.210000 16 49 38.13
2.210000 16 50 39.54
2.210000 16 51 48.36
2.210000 16 52 38.66
2.210000 16 53 45.62
2.210000 16 54 48.90
2.210000 16 55 31.53
2.210000 16 56 16.01
2.210000 16 57 -9.81
2.210000 16 58 -3.29
2.210000 16 59 -3.75
2.210000 16 60 -7.25
2.210000 16 61 -22.08
2.210000 16 62 -18.81
2.210000 16 63 -21.13
2.210000 16 64 -12.45
2.210000 16 65 -15.96
2.210000 16 66  4.31
2.210000 16 67 -7.29
2.210000 16 68  3.18
2.210000 16 69 15.25
2.210000 16 70  8.01
2.210000 16 71 -5.73
2.210000 16 72 -10.23
2.210000 16 73  9.90
2.210000 16 74 14.73
2.210000 16 75  1.83
2.210000 16 76 -15.69
2.210000 16 77 -45.85
2.210000 16 78 -27.75
2.210000 16 79 -3.02
2.210000 16 80  9.93
2.210000 16 81 15.38
2.210000 16 82 32.07
2.210000 16 83 32.94
2.210000 16 84 34.72
2.210000 16 85 21.40
2.210000 16 86 20.30
2.210000 16 87 14.67
2.210000 16 88  3.70
2.210000 16 89  0.57
2.210000 16 90  5.48
2.210000 16 91  5.13
2.210000 16 92  4.30
2.210000 16 93 15.26
2.210000 16 94 28.12
2.210000 16 95  7.73
2.210000 16 96 -1.15
2.210000 16 97 -12.67
2.210000 16 98 -13.07
2.210000 16 99  0.29
2.210000 16 100 -18.90
2.210000 16 101 -15.75
2.210000 16 102 -13.08
2.210000 16 103 -16.67
2.210000 16 104 -4.46
2.210000 16 105 17.28
2.210000 16 106 25.11
2.210000 16 107 12.64
2.210000 16 108 12.72
2.210000 16 109 30.00
2.210000 16 110 30.94
2.210000 16 111 27.35
2.210000 16 112 26.68
2.210000 16 113 16.78
2.210000 16 114 23.19
2.210000 16 115  9.11
2.210000 16 116 -3.22
2.210000 16 117 -18.19
2.210000 16 118 -18.73
2.210000 16 119 -2.26
2.210000 16 120  2.50
2.210000 16 121 -1.32
2.210000 16 122 -22.05
2.210000 16 123 -12.16
2.210000 16 124 -27.87
2.210000 16 125 -33.75
2.210000 16 126 -51.31
2.210000 16 127 -48.91
2.210000 16 128 -38.95
2.210000 16 129 -42.13
2.210000 16 130 -43.89
2.210000 16 131 -39.41
2.210000 16 132 -29.01
2.210000 16 133 -11.44
2.210000 16 134 -21.24
2.210000 16 135 -23.91
2.210000 16 136 -35.72
2.210000 16 137 -34.53
2.210000 16 138 -48.02
2.210000 16 139 -61.42
2.210000 16 140 -67.23
2.210000 16 141 -45.39
2.210000 16 142 -19.97
2.210000 16 143 -22.80
2.210000 16 144 -27.98
2.210000 16 145 -17.15
2.210000 16 146 -13.27
2.210000 16 147 -8.16
2.210000 16 148 -4.42
2.210000 16 149 -3.99
2.210000 16 150 -4.85
2.210000 16 151 -12.74
2.210000 16 152  1.22
2.210000 16 153  2.31
2.210000 16 154  0.72
2.210000 16 155 -10.72
2.210000 16 156 -16.46
2.210000 16 157 -21.63
2.210000 16 158 -7.72
2.210000 16 159 -21.59
2.210000 16 160 -39.51
2.210000 16 161 -39.72
2.210000 16 162 -40.15
2.210000 16 163 -56.11
2.210000 16 164 -42.34
2.210000 16 165 -58.22
2.210000 16 166 -82.58
2.210000 16 167 -77.51
2.210000 16 168 -46.06
2.210000 16 169 -30.02
2.210000 16 170 -34.24
2.210000 16 171 -58.81
2.210000 16 172 -63.13
2.210000 16 173 -71.54
2.210000 16 174 -63.66
2.210000 16 175 -78.45
2.210000 16 176 -64.59
2.210000 16 177 -46.09
2.210000 16 178 -20.95
2.210000 16 179 -32.95
2.210000 16 180 -44.32
2.210000 16 181 -44.29
2.210000 16 182 -42.61
2.210000 16 183 -28.19
2.210000 16 184 -30.39
2.210000 16 185 -24.39
2.210000 16 186 -34.01
2.210000 16 187 -38.66
2.210000 16 188 -41.50
2.210000 16 189 -23.98
2.210000 16 190 -15.95
2.210000 16 191 -1.81
2.210000 16 192 -22.08
2.210000 16 193 -31.36
2.210000 16 194 -54.51
2.210000 16 195 -47.62
2.210000 16 196 -63.09
2.210000 16 197 -55.25
2.210000 16 198 -67.44
2.210000 16 199 -54.15
