2.240000 64 0 36321.04
2.240000 64 1 25768.15
2.240000 64 2 18940.86
2.240000 64 3 14353.50
2.240000 64 4 10903.01
2.240000 64 5 9107.83
2.240000 64 6 7509.57
2.240000 64 7 6161.33
2.240000 64 8 5273.45
2.240000 64 9 4714.25
2.240000 64 10 4198.57
2.240000 64 11 3867.04
2.240000 64 12 3847.88
2.240000 64 13 3732.70
2.240000 64 14 3254.41
2.240000 64 15 2698.51
2.240000 64 16 2392.84
2.240000 64 17 2128.39
2.240000 64 18 1716.98
2.240000 64 19 2089.42
2.240000 64 20 2178.90
2.240000 64 21 1850.13
2.240000 64 22 1815.72
2.240000 64 23 1830.33
2.240000 64 24 1812.74
2.240000 64 25 1859.14
2.240000 64 26 1313.72
2.240000 64 27 901.72
2.240000 64 28 797.89
2.240000 64 29 572.67
2.240000 64 30 307.67
2.240000 64 31 458.68
2.240000 64 32 907.95
2.240000 64 33 1437.36
2.240000 64 34 2184.83
2.240000 64 35 2609.19
2.240000 64 36 3125.69
2.240000 64 37 3329.94
2.240000 64 38 3302.77
2.240000 64 39 3519.32
2.240000 64 40 3600.84
2.240000 64 41 3632.68
2.240000 64 42 3598.28
2.240000 64 43 3400.32
2.240000 64 44 3601.75
2.240000 64 45 3579.74
2.240000 64 46 3636.55
2.240000 64 47 3868.95
2.240000 64 48 3993.78
2.240000 64 49 3925.08
2.240000 64 50 3674.04
2.240000 64 51 3472.96
2.240000 64 52 3329.75
2.240000 64 53 3783.60
2.240000 64 54 4043.71
2.240000 64 55 3899.93
2.240000 64 56 3784.78
2.240000 64 57 3990.51
2.240000 64 58 4200.99
2.240000 64 59 4284.03
2.240000 64 60 4301.48
2.240000 64 61 4446.45
2.240000 64 62 4371.34
2.240000 64 63 4470.36
2.240000 64 64 4091.39
2.240000 64 65 4434.94
2.240000 64 66 4473.76
2.240000 64 67 4704.86
2.240000 64 68 4957.14
2.240000 64 69 4985.88
2.240000 64 70 5245.99
2.240000 64 71 5268.16
2.240000 64 72 5335.67
2.240000 64 73 5265.79
2.240000 64 74 4862.00
2.240000 64 75 4794.04
2.240000 64 76 4930.28
2.240000 64 77 5092.42
2.240000 64 78 5152.22
2.240000 64 79 5255.27
2.240000 64 80 5117.12
2.240000 64 81 5480.07
2.240000 64 82 5621.39
2.240000 64 83 5930.59
2.240000 64 84 6353.61
2.240000 64 85 6307.39
2.240000 64 86 6000.01
2.240000 64 87 6118.77
2.240000 64 88 6563.77
2.240000 64 89 6964.05
2.240000 64 90 7093.65
2.240000 64 91 7328.80
2.240000 64 92 7435.63
2.240000 64 93 7672.38
2.240000 64 94 7504.26
2.240000 64 95 7245.17
2.240000 64 96 7058.33
2.240000 64 97 6947.19
2.240000 64 98 6730.55
2.240000 64 99 6606.37
2.240000 64 100 6895.58
2.240000 64 101 7074.42
2.240000 64 102 7214.84
2.240000 64 103 7319.62
2.240000 64 104 7401.34
2.240000 64 105 7373.41
2.240000 64 106 7621.06
2.240000 64 107 7745.88
2.240000 64 108 8102.32
2.240000 64 109 7888.07
2.240000 64 110 7804.10
2.240000 64 111 7717.52
2.240000 64 112 7831.29
2.240000 64 113 7430.95
2.240000 64 114 7670.08
2.240000 64 115 7675.39
2.240000 64 116 7001.38
2.240000 64 117 6690.89
2.240000 64 118 6856.63
2.240000 64 119 6778.46
2.240000 64 120 6862.88
2.240000 64 121 7250.22
2.240000 64 122 7483.71
2.240000 64 123 7346.41
2.240000 64 124 7461.98
2.240000 64 125 7559.10
2.240000 64 126 7707.64
2.240000 64 127 7637.00
2.240000 64 128 7578.96
2.240000 64 129 7655.68
2.240000 64 130 7902.05
2.240000 64 131 8188.40
2.240000 64 132 8421.63
2.240000 64 133 8133.54
2.240000 64 134 7595.23
2.240000 64 135 7487.97
2.240000 64 136 7538.88
2.240000 64 137 7783.75
2.240000 64 138 8116.18
2.240000 64 139 8109.24
2.240000 64 140 8151.16
2.240000 64 141 8270.38
2.240000 64 142 8247.07
2.240000 64 143 8093.71
2.240000 64 144 8022.04
2.240000 64 145 8152.71
2.240000 64 146 8325.57
2.240000 64 147 8466.99
2.240000 64 148 8701.42
2.240000 64 149 8820.36
2.240000 64 150 9316.16
2.240000 64 151 9334.24
2.240000 64 152 9733.63
2.240000 64 153 9614.68
2.240000 64 154 9836.12
2.240000 64 155 9696.21
2.240000 64 156 9357.68
2.240000 64 157 9335.91
2.240000 64 158 9305.61
2.240000 64 159 9870.02
2.240000 64 160 10167.94
2.240000 64 161 10244.99
2.240000 64 162 10406.37
2.240000 64 163 10188.33
2.240000 64 164 9838.20
2.240000 64 165 9717.60
2.240000 64 166 9780.21
2.240000 64 167 9682.56
2.240000 64 168 9672.46
2.240000 64 169 9965.58
2.240000 64 170 10189.11
2.240000 64 171 10202.92
2.240000 64 172 10467.62
2.240000 64 173 11036.99
2.240000 64 174 11334.89
2.240000 64 175 11829.53
2.240000 64 176 12142.69
2.240000 64 177 12732.64
2.240000 64 178 12901.01
2.240000 64 179 12826.92
2.240000 64 180 13265.86
2.240000 64 181 13686.47
2.240000 64 182 13947.08
2.240000 64 183 14106.02
2.240000 64 184 14567.11
2.240000 64 185 15098.52
2.240000 64 186 15324.35
2.240000 64 187 15357.53
2.240000 64 188 15457.08
2.240000 64 189 15730.27
2.240000 64 190 16190.64
2.240000 64 191 16264.73
2.240000 64 192 16360.46
2.240000 64 193 16328.47
2.240000 64 194 16427.34
2.240000 64 195 16755.69
2.240000 64 196 16720.03
2.240000 64 197 16773.76
2.240000 64 198 17114.59
2.240000 64 199 17460.39
