2.200000 32 0 7420.14
2.200000 32 1 4609.82
2.200000 32 2 2951.27
2.200000 32 3 1916.33
2.200000 32 4 1180.70
2.200000 32 5 790.27
2.200000 32 6 492.50
2.200000 32 7 278.04
2.200000 32 8 176.77
2.200000 32 9 165.14
2.200000 32 10 140.35
2.200000 32 11 -2.36
2.200000 32 12  7.88
2.200000 32 13 -66.30
2.200000 32 14 -105.92
2.200000 32 15 -200.69
2.200000 32 16 -270.35
2.200000 32 17 -317.70
2.200000 32 18 -263.31
2.200000 32 19 -202.31
2.200000 32 20 -231.88
2.200000 32 21 -284.50
2.200000 32 22 -293.43
2.200000 32 23 -324.94
2.200000 32 24 -347.11
2.200000 32 25 -394.78
2.200000 32 26 -506.45
2.200000 32 27 -473.02
2.200000 32 28 -468.97
2.200000 32 29 -442.58
2.200000 32 30 -349.64
2.200000 32 31 -294.31
2.200000 32 32 -341.40
2.200000 32 33 -406.33
2.200000 32 34 -539.93
2.200000 32 35 -592.34
2.200000 32 36 -647.07
2.200000 32 37 -575.05
2.200000 32 38 -562.43
2.200000 32 39 -599.52
2.200000 32 40 -669.23
2.200000 32 41 -612.62
2.200000 32 42 -628.00
2.200000 32 43 -580.77
2.200000 32 44 -669.04
2.200000 32 45 -693.30
2.200000 32 46 -718.38
2.200000 32 47 -704.01
2.200000 32 48 -684.91
2.200000 32 49 -656.75
2.200000 32 50 -620.99
2.200000 32 51 -619.24
2.200000 32 52 -688.51
2.200000 32 53 -766.10
2.200000 32 54 -788.38
2.200000 32 55 -743.14
2.200000 32 56 -719.87
2.200000 32 57 -724.34
2.200000 32 58 -686.62
2.200000 32 59 -729.97
2.200000 32 60 -828.79
2.200000 32 61 -943.45
2.200000 32 62 -930.33
2.200000 32 63 -923.96
2.200000 32 64 -803.89
2.200000 32 65 -777.93
2.200000 32 66 -813.42
2.200000 32 67 -742.90
2.200000 32 68 -630.55
2.200000 32 69 -565.61
2.200000 32 70 -620.47
2.200000 32 71 -666.48
2.200000 32 72 -670.49
2.200000 32 73 -716.57
2.200000 32 74 -711.78
2.200000 32 75 -676.33
2.200000 32 76 -731.38
2.200000 32 77 -782.49
2.200000 32 78 -860.34
2.200000 32 79 -868.15
2.200000 32 80 -888.52
2.200000 32 81 -934.33
2.200000 32 82 -844.10
2.200000 32 83 -864.13
2.200000 32 84 -855.11
2.200000 32 85 -884.51
2.200000 32 86 -893.71
2.200000 32 87 -922.46
2.200000 32 88 -981.52
2.200000 32 89 -924.40
2.200000 32 90 -835.56
2.200000 32 91 -733.45
2.200000 32 92 -755.58
2.200000 32 93 -725.68
2.200000 32 94 -654.75
2.200000 32 95 -715.90
2.200000 32 96 -691.81
2.200000 32 97 -709.21
2.200000 32 98 -722.80
2.200000 32 99 -734.37
2.200000 32 100 -681.90
2.200000 32 101 -621.02
2.200000 32 102 -503.32
2.200000 32 103 -526.95
2.200000 32 104 -578.13
2.200000 32 105 -560.04
2.200000 32 106 -484.15
2.200000 32 107 -457.18
2.200000 32 108 -458.97
2.200000 32 109 -345.89
2.200000 32 110 -343.97
2.200000 32 111 -370.78
2.200000 32 112 -331.25
2.200000 32 113 -333.37
2.200000 32 114 -274.54
2.200000 32 115 -278.29
2.200000 32 116 -390.98
2.200000 32 117 -461.70
2.200000 32 118 -483.89
2.200000 32 119 -434.96
2.200000 32 120 -389.90
2.200000 32 121 -387.33
2.200000 32 122 -404.50
2.200000 32 123 -423.80
2.200000 32 124 -427.77
2.200000 32 125 -465.78
2.200000 32 126 -539.79
2.200000 32 127 -558.32
2.200000 32 128 -610.02
2.200000 32 129 -568.75
2.200000 32 130 -609.97
2.200000 32 131 -580.21
2.200000 32 132 -523.57
2.200000 32 133 -447.62
2.200000 32 134 -377.30
2.200000 32 135 -344.97
2.200000 32 136 -415.13
2.200000 32 137 -423.57
2.200000 32 138 -474.48
2.200000 32 139 -481.13
2.200000 32 140 -499.97
2.200000 32 141 -509.10
2.200000 32 142 -531.09
2.200000 32 143 -485.57
2.200000 32 144 -438.08
2.200000 32 145 -441.90
2.200000 32 146 -453.55
2.200000 32 147 -416.64
2.200000 32 148 -489.55
2.200000 32 149 -491.48
2.200000 32 150 -575.46
2.200000 32 151 -660.40
2.200000 32 152 -645.99
2.200000 32 153 -592.27
2.200000 32 154 -565.75
2.200000 32 155 -574.29
2.200000 32 156 -554.88
2.200000 32 157 -596.12
2.200000 32 158 -622.38
2.200000 32 159 -615.19
2.200000 32 160 -581.20
2.200000 32 161 -643.48
2.200000 32 162 -601.92
2.200000 32 163 -513.18
2.200000 32 164 -446.80
2.200000 32 165 -445.96
2.200000 32 166 -459.20
2.200000 32 167 -571.45
2.200000 32 168 -656.23
2.200000 32 169 -777.09
2.200000 32 170 -870.05
2.200000 32 171 -941.09
2.200000 32 172 -955.56
2.200000 32 173 -923.92
2.200000 32 174 -868.77
2.200000 32 175 -837.27
2.200000 32 176 -859.73
2.200000 32 177 -838.68
2.200000 32 178 -842.05
2.200000 32 179 -906.84
2.200000 32 180 -882.57
2.200000 32 181 -950.46
2.200000 32 182 -885.11
2.200000 32 183 -853.08
2.200000 32 184 -825.18
2.200000 32 185 -808.50
2.200000 32 186 -889.25
2.200000 32 187 -933.90
2.200000 32 188 -872.30
2.200000 32 189 -794.90
2.200000 32 190 -759.59
2.200000 32 191 -672.46
2.200000 32 192 -631.15
2.200000 32 193 -596.75
2.200000 32 194 -553.51
2.200000 32 195 -577.98
2.200000 32 196 -560.61
2.200000 32 197 -523.98
2.200000 32 198 -535.96
2.200000 32 199 -586.13
