3.620000 32 0 10544.38
3.620000 32 1 7548.80
3.620000 32 2 5621.79
3.620000 32 3 4139.09
3.620000 32 4 3049.75
3.620000 32 5 2276.76
3.620000 32 6 1670.03
3.620000 32 7 1266.77
3.620000 32 8 1002.01
3.620000 32 9 742.17
3.620000 32 10 613.39
3.620000 32 11 447.81
3.620000 32 12 344.30
3.620000 32 13 218.59
3.620000 32 14 91.90
3.620000 32 15 -0.29
3.620000 32 16 -40.42
3.620000 32 17 46.47
3.620000 32 18 63.47
3.620000 32 19 -49.43
3.620000 32 20 -104.84
3.620000 32 21 -185.97
3.620000 32 22 -203.65
3.620000 32 23 -165.51
3.620000 32 24 -33.28
3.620000 32 25 -40.67
3.620000 32 26 -121.24
3.620000 32 27 -134.75
3.620000 32 28 -149.60
3.620000 32 29 -167.34
3.620000 32 30 -180.51
3.620000 32 31 -200.47
3.620000 32 32 -220.42
3.620000 32 33 -243.55
3.620000 32 34 -257.56
3.620000 32 35 -223.57
3.620000 32 36 -159.09
3.620000 32 37 -150.39
3.620000 32 38 -132.89
3.620000 32 39 -165.04
3.620000 32 40 -195.65
3.620000 32 41 -210.72
3.620000 32 42 -210.58
3.620000 32 43 -216.26
3.620000 32 44 -230.31
3.620000 32 45 -273.47
3.620000 32 46 -341.38
3.620000 32 47 -388.30
3.620000 32 48 -389.95
3.620000 32 49 -357.71
3.620000 32 50 -306.96
3.620000 32 51 -262.68
3.620000 32 52 -281.32
3.620000 32 53 -339.74
3.620000 32 54 -386.10
3.620000 32 55 -533.09
3.620000 32 56 -593.68
3.620000 32 57 -615.06
3.620000 32 58 -562.62
3.620000 32 59 -520.44
3.620000 32 60 -551.12
3.620000 32 61 -493.92
3.620000 32 62 -522.07
3.620000 32 63 -550.09
3.620000 32 64 -602.45
3.620000 32 65 -609.57
3.620000 32 66 -604.34
3.620000 32 67 -568.10
3.620000 32 68 -562.63
3.620000 32 69 -486.33
3.620000 32 70 -459.87
3.620000 32 71 -329.69
3.620000 32 72 -322.42
3.620000 32 73 -285.05
3.620000 32 74 -54.13
3.620000 32 75 23.79
3.620000 32 76 -24.56
3.620000 32 77 -128.17
3.620000 32 78 -90.30
3.620000 32 79 -134.70
3.620000 32 80 -120.61
3.620000 32 81 -85.93
3.620000 32 82 -44.33
3.620000 32 83 -25.71
3.620000 32 84 22.00
3.620000 32 85 -19.47
3.620000 32 86 20.93
3.620000 32 87 -67.40
3.620000 32 88 -40.96
3.620000 32 89 -47.59
3.620000 32 90 -95.00
3.620000 32 91 -64.88
3.620000 32 92  7.22
3.620000 32 93 47.95
3.620000 32 94 19.87
3.620000 32 95 -182.28
3.620000 32 96 -296.23
3.620000 32 97 -314.42
3.620000 32 98 -303.08
3.620000 32 99 -301.12
3.620000 32 100 -337.94
3.620000 32 101 -230.24
3.620000 32 102 -89.10
3.620000 32 103 -65.14
3.620000 32 104 11.16
3.620000 32 105 42.49
3.620000 32 106 48.32
3.620000 32 107 14.31
3.620000 32 108 -11.80
3.620000 32 109 -33.78
3.620000 32 110 -37.74
3.620000 32 111 -31.71
3.620000 32 112 51.32
3.620000 32 113 54.71
3.620000 32 114 41.88
3.620000 32 115 85.35
3.620000 32 116 82.19
3.620000 32 117 59.77
3.620000 32 118 -14.10
3.620000 32 119 -130.42
3.620000 32 120 -256.64
3.620000 32 121 -360.82
3.620000 32 122 -409.32
3.620000 32 123 -358.98
3.620000 32 124 -403.50
3.620000 32 125 -366.83
3.620000 32 126 -388.37
3.620000 32 127 -461.87
3.620000 32 128 -449.25
3.620000 32 129 -490.19
3.620000 32 130 -453.00
3.620000 32 131 -473.70
3.620000 32 132 -437.37
3.620000 32 133 -432.36
3.620000 32 134 -273.69
3.620000 32 135 -139.56
3.620000 32 136 -56.26
3.620000 32 137 -44.35
3.620000 32 138  3.40
3.620000 32 139 16.84
3.620000 32 140 86.90
3.620000 32 141 83.72
3.620000 32 142 96.04
3.620000 32 143 99.18
3.620000 32 144 -15.49
3.620000 32 145 -36.72
3.620000 32 146 -100.94
3.620000 32 147 -67.03
3.620000 32 148 -83.10
3.620000 32 149 -54.11
3.620000 32 150 -84.32
3.620000 32 151 -33.02
3.620000 32 152 37.72
3.620000 32 153 -17.41
3.620000 32 154 -72.20
3.620000 32 155 -101.52
3.620000 32 156 -190.41
3.620000 32 157 -314.22
3.620000 32 158 -435.76
3.620000 32 159 -417.90
3.620000 32 160 -402.68
3.620000 32 161 -466.25
3.620000 32 162 -477.45
3.620000 32 163 -466.28
3.620000 32 164 -422.37
3.620000 32 165 -394.83
3.620000 32 166 -416.73
3.620000 32 167 -399.33
3.620000 32 168 -398.23
3.620000 32 169 -336.18
3.620000 32 170 -349.98
3.620000 32 171 -427.55
3.620000 32 172 -411.49
3.620000 32 173 -440.15
3.620000 32 174 -517.76
3.620000 32 175 -576.27
3.620000 32 176 -570.16
3.620000 32 177 -512.70
3.620000 32 178 -520.35
3.620000 32 179 -541.83
3.620000 32 180 -519.09
3.620000 32 181 -460.78
3.620000 32 182 -384.16
3.620000 32 183 -355.87
3.620000 32 184 -309.61
3.620000 32 185 -252.60
3.620000 32 186 -136.93
3.620000 32 187 -16.66
3.620000 32 188 17.87
3.620000 32 189 -28.31
3.620000 32 190 -109.78
3.620000 32 191 -178.24
3.620000 32 192 -185.50
3.620000 32 193 -179.12
3.620000 32 194 -151.21
3.620000 32 195 -169.96
3.620000 32 196 -195.63
3.620000 32 197 -261.84
3.620000 32 198 -328.52
3.620000 32 199 -315.27
