3.645000 16 0 5243.26
3.645000 16 1 3461.91
3.645000 16 2 2362.10
3.645000 16 3 1633.89
3.645000 16 4 1166.24
3.645000 16 5 847.68
3.645000 16 6 607.94
3.645000 16 7 433.67
3.645000 16 8 322.87
3.645000 16 9 232.24
3.645000 16 10 163.14
3.645000 16 11 122.62
3.645000 16 12 84.33
3.645000 16 13 53.65
3.645000 16 14 36.79
3.645000 16 15 34.01
3.645000 16 16 33.11
3.645000 16 17 32.32
3.645000 16 18 28.40
3.645000 16 19 21.71
3.645000 16 20 19.93
3.645000 16 21 30.67
3.645000 16 22 24.79
3.645000 16 23  5.50
3.645000 16 24 -7.46
3.645000 16 25 -23.74
3.645000 16 26 -41.03
3.645000 16 27 -52.60
3.645000 16 28 -60.97
3.645000 16 29 -50.33
3.645000 16 30 -47.73
3.645000 16 31 -40.59
3.645000 16 32 -32.91
3.645000 16 33 -24.29
3.645000 16 34 -10.86
3.645000 16 35  0.92
3.645000 16 36 11.31
3.645000 16 37 27.77
3.645000 16 38 15.78
3.645000 16 39 18.56
3.645000 16 40 23.55
3.645000 16 41 22.53
3.645000 16 42  8.65
3.645000 16 43  0.49
3.645000 16 44 -6.49
3.645000 16 45 -8.62
3.645000 16 46 -9.67
3.645000 16 47 -22.85
3.645000 16 48 -30.58
3.645000 16 49 -41.24
3.645000 16 50 -38.59
3.645000 16 51 -23.12
3.645000 16 52 -22.92
3.645000 16 53 -31.61
3.645000 16 54 -25.91
3.645000 16 55 -28.02
3.645000 16 56 -26.94
3.645000 16 57 -22.91
3.645000 16 58 -23.05
3.645000 16 59 -26.63
3.645000 16 60 -24.65
3.645000 16 61 -36.26
3.645000 16 62 -40.55
3.645000 16 63 -55.99
3.645000 16 64 -65.73
3.645000 16 65 -61.23
3.645000 16 66 -44.50
3.645000 16 67 -40.19
3.645000 16 68 -38.42
3.645000 16 69 -53.11
3.645000 16 70 -64.58
3.645000 16 71 -69.60
3.645000 16 72 -66.28
3.645000 16 73 -63.34
3.645000 16 74 -64.02
3.645000 16 75 -65.96
3.645000 16 76 -53.03
3.645000 16 77 -60.25
3.645000 16 78 -45.44
3.645000 16 79 -40.20
3.645000 16 80 -35.40
3.645000 16 81 -46.05
3.645000 16 82 -59.09
3.645000 16 83 -77.35
3.645000 16 84 -76.21
3.645000 16 85 -69.59
3.645000 16 86 -61.24
3.645000 16 87 -51.80
3.645000 16 88 -31.48
3.645000 16 89 -24.72
3.645000 16 90 -25.70
3.645000 16 91 -22.06
3.645000 16 92 -12.70
3.645000 16 93 -15.89
3.645000 16 94 -9.55
3.645000 16 95 -8.07
3.645000 16 96 -1.26
3.645000 16 97  2.83
3.645000 16 98 -1.62
3.645000 16 99  8.72
3.645000 16 100  6.16
3.645000 16 101 14.93
3.645000 16 102  5.75
3.645000 16 103  3.65
3.645000 16 104 36.28
3.645000 16 105 33.50
3.645000 16 106 18.18
3.645000 16 107 10.85
3.645000 16 108 -7.70
3.645000 16 109 -14.97
3.645000 16 110 -8.89
3.645000 16 111  9.52
3.645000 16 112  4.09
3.645000 16 113  8.90
3.645000 16 114  0.57
3.645000 16 115 -4.94
3.645000 16 116  9.40
3.645000 16 117  6.53
3.645000 16 118  2.01
3.645000 16 119  3.60
3.645000 16 120 -3.70
3.645000 16 121 -7.95
3.645000 16 122 -6.09
3.645000 16 123 -11.67
3.645000 16 124 -13.52
3.645000 16 125 -10.38
3.645000 16 126 -16.69
3.645000 16 127 -30.77
3.645000 16 128 -43.61
3.645000 16 129 -61.48
3.645000 16 130 -44.58
3.645000 16 131 -32.96
3.645000 16 132 -41.97
3.645000 16 133 -37.85
3.645000 16 134 -49.74
3.645000 16 135 -47.09
3.645000 16 136 -45.42
3.645000 16 137 -33.59
3.645000 16 138 -25.98
3.645000 16 139 -19.87
3.645000 16 140 -17.83
3.645000 16 141 -39.64
3.645000 16 142 -55.39
3.645000 16 143 -63.66
3.645000 16 144 -78.26
3.645000 16 145 -64.55
3.645000 16 146 -57.65
3.645000 16 147 -52.23
3.645000 16 148 -51.40
3.645000 16 149 -49.56
3.645000 16 150 -42.03
3.645000 16 151 -36.73
3.645000 16 152 -23.41
3.645000 16 153 -13.08
3.645000 16 154 -8.70
3.645000 16 155 15.59
3.645000 16 156 14.22
3.645000 16 157  3.72
3.645000 16 158 -17.27
3.645000 16 159 -48.31
3.645000 16 160 -74.56
3.645000 16 161 -80.60
3.645000 16 162 -72.56
3.645000 16 163 -70.50
3.645000 16 164 -64.72
3.645000 16 165 -51.75
3.645000 16 166 -45.23
3.645000 16 167 -21.88
3.645000 16 168 -30.94
3.645000 16 169 -34.27
3.645000 16 170 -36.45
3.645000 16 171 -43.55
3.645000 16 172 -33.85
3.645000 16 173 -23.92
3.645000 16 174 -24.02
3.645000 16 175 -37.12
3.645000 16 176 -34.22
3.645000 16 177 -32.57
3.645000 16 178 -33.80
3.645000 16 179 -28.64
3.645000 16 180 -18.97
3.645000 16 181 -0.01
3.645000 16 182  3.08
3.645000 16 183 12.91
3.645000 16 184  0.86
3.645000 16 185  2.45
3.645000 16 186 -4.43
3.645000 16 187 15.64
3.645000 16 188  7.66
3.645000 16 189  5.75
3.645000 16 190 -1.84
3.645000 16 191 -10.54
3.645000 16 192 -4.51
3.645000 16 193 -24.63
3.645000 16 194 -29.56
3.645000 16 195 -32.92
3.645000 16 196 -31.10
3.645000 16 197 -42.73
3.645000 16 198 -35.73
3.645000 16 199 -43.56
