3.750000 128 0 155438.15
3.750000 128 1 154158.54
3.750000 128 2 152987.85
3.750000 128 3 152263.17
3.750000 128 4 151805.65
3.750000 128 5 151330.92
3.750000 128 6 150822.11
3.750000 128 7 150378.06
3.750000 128 8 149990.95
3.750000 128 9 149908.98
3.750000 128 10 149839.63
3.750000 128 11 149391.67
3.750000 128 12 149121.06
3.750000 128 13 148946.37
3.750000 128 14 148704.61
3.750000 128 15 148400.84
3.750000 128 16 148458.40
3.750000 128 17 148559.81
3.750000 128 18 148681.34
3.750000 128 19 148644.24
3.750000 128 20 148413.24
3.750000 128 21 147903.03
3.750000 128 22 147439.46
3.750000 128 23 146937.22
3.750000 128 24 146436.43
3.750000 128 25 145971.51
3.750000 128 26 145458.88
3.750000 128 27 144527.94
3.750000 128 28 143666.33
3.750000 128 29 142818.74
3.750000 128 30 141631.70
3.750000 128 31 140061.77
3.750000 128 32 138480.39
3.750000 128 33 136830.75
3.750000 128 34 135232.16
3.750000 128 35 133722.12
3.750000 128 36 132427.00
3.750000 128 37 130816.07
3.750000 128 38 129244.23
3.750000 128 39 127748.73
3.750000 128 40 126783.14
3.750000 128 41 125883.76
3.750000 128 42 125125.35
3.750000 128 43 124148.20
3.750000 128 44 122836.93
3.750000 128 45 121805.59
3.750000 128 46 120920.24
3.750000 128 47 120195.79
3.750000 128 48 119396.80
3.750000 128 49 118636.95
3.750000 128 50 117955.41
3.750000 128 51 117444.16
3.750000 128 52 116905.18
3.750000 128 53 115949.99
3.750000 128 54 115071.38
3.750000 128 55 114027.58
3.750000 128 56 113285.73
3.750000 128 57 112249.66
3.750000 128 58 111368.72
3.750000 128 59 110397.36
3.750000 128 60 109511.09
3.750000 128 61 108597.19
3.750000 128 62 107578.02
3.750000 128 63 106513.85
3.750000 128 64 105597.33
3.750000 128 65 104521.10
3.750000 128 66 103725.03
3.750000 128 67 103235.04
3.750000 128 68 102737.81
3.750000 128 69 102179.74
3.750000 128 70 101619.27
3.750000 128 71 100935.56
3.750000 128 72 100360.50
3.750000 128 73 99880.04
3.750000 128 74 99455.49
3.750000 128 75 99029.45
3.750000 128 76 98631.81
3.750000 128 77 98501.55
3.750000 128 78 98092.76
3.750000 128 79 97823.00
3.750000 128 80 97587.14
3.750000 128 81 97191.83
3.750000 128 82 96827.93
3.750000 128 83 96254.59
3.750000 128 84 95787.58
3.750000 128 85 95435.53
3.750000 128 86 94877.93
3.750000 128 87 94208.37
3.750000 128 88 93637.04
3.750000 128 89 92952.92
3.750000 128 90 92224.72
3.750000 128 91 91612.84
3.750000 128 92 91069.29
3.750000 128 93 90275.91
3.750000 128 94 89505.49
3.750000 128 95 89046.82
3.750000 128 96 88173.34
3.750000 128 97 87377.85
3.750000 128 98 86547.70
3.750000 128 99 85888.22
3.750000 128 100 85059.42
3.750000 128 101 84127.74
3.750000 128 102 82957.51
3.750000 128 103 81751.25
3.750000 128 104 80500.09
3.750000 128 105 78728.60
3.750000 128 106 77092.34
3.750000 128 107 75453.25
3.750000 128 108 73813.22
3.750000 128 109 71972.94
3.750000 128 110 70113.42
3.750000 128 111 67918.51
3.750000 128 112 65234.67
3.750000 128 113 62524.78
3.750000 128 114 60063.59
3.750000 128 115 57655.69
3.750000 128 116 55008.55
3.750000 128 117 52219.22
3.750000 128 118 49484.94
3.750000 128 119 46410.45
3.750000 128 120 43214.92
3.750000 128 121 39842.14
3.750000 128 122 36894.17
3.750000 128 123 33773.91
3.750000 128 124 30815.09
3.750000 128 125 27750.00
3.750000 128 126 24733.89
3.750000 128 127 21555.41
3.750000 128 128 18509.62
3.750000 128 129 15424.75
3.750000 128 130 12524.62
3.750000 128 131 9573.00
3.750000 128 132 6631.76
3.750000 128 133 3553.42
3.750000 128 134 534.21
3.750000 128 135 -2077.37
3.750000 128 136 -4284.19
3.750000 128 137 -6530.01
3.750000 128 138 -8538.65
3.750000 128 139 -10587.26
3.750000 128 140 -12643.09
3.750000 128 141 -14464.46
3.750000 128 142 -16136.52
3.750000 128 143 -17936.15
3.750000 128 144 -19784.62
3.750000 128 145 -21665.80
3.750000 128 146 -23185.23
3.750000 128 147 -24624.09
3.750000 128 148 -26346.75
3.750000 128 149 -28106.74
3.750000 128 150 -29781.75
3.750000 128 151 -31463.03
3.750000 128 152 -32966.71
3.750000 128 153 -34484.12
3.750000 128 154 -35820.74
3.750000 128 155 -37342.69
3.750000 128 156 -38631.73
3.750000 128 157 -40018.64
3.750000 128 158 -41416.81
3.750000 128 159 -42519.23
3.750000 128 160 -43223.17
3.750000 128 161 -43972.99
3.750000 128 162 -44892.19
3.750000 128 163 -45908.38
3.750000 128 164 -46845.48
3.750000 128 165 -47714.79
3.750000 128 166 -48494.90
3.750000 128 167 -49249.25
3.750000 128 168 -49887.46
3.750000 128 169 -50523.06
3.750000 128 170 -50999.56
3.750000 128 171 -51540.85
3.750000 128 172 -52089.92
3.750000 128 173 -52576.24
3.750000 128 174 -53094.85
3.750000 128 175 -53623.17
3.750000 128 176 -53996.42
3.750000 128 177 -54339.58
3.750000 128 178 -54666.62
3.750000 128 179 -55276.65
3.750000 128 180 -55873.76
3.750000 128 181 -56404.02
3.750000 128 182 -56684.35
3.750000 128 183 -57247.06
3.750000 128 184 -57286.16
3.750000 128 185 -57240.05
3.750000 128 186 -57194.46
3.750000 128 187 -56801.37
3.750000 128 188 -56427.87
3.750000 128 189 -55978.64
3.750000 128 190 -55642.04
3.750000 128 191 -55212.24
3.750000 128 192 -54811.94
3.750000 128 193 -54302.28
3.750000 128 194 -53693.52
3.750000 128 195 -53105.61
3.750000 128 196 -52618.78
3.750000 128 197 -52441.56
3.750000 128 198 -52013.63
3.750000 128 199 -51905.02
