3.635000 48 0 63335.95
3.635000 48 1 49702.55
3.635000 48 2 39733.39
3.635000 48 3 32065.86
3.635000 48 4 26270.28
3.635000 48 5 21621.41
3.635000 48 6 17865.97
3.635000 48 7 14845.97
3.635000 48 8 12410.52
3.635000 48 9 10221.12
3.635000 48 10 8424.42
3.635000 48 11 6998.77
3.635000 48 12 5746.12
3.635000 48 13 4743.56
3.635000 48 14 3969.64
3.635000 48 15 3365.61
3.635000 48 16 2816.93
3.635000 48 17 2289.64
3.635000 48 18 1871.95
3.635000 48 19 1573.27
3.635000 48 20 1293.93
3.635000 48 21 1028.89
3.635000 48 22 798.16
3.635000 48 23 718.29
3.635000 48 24 642.56
3.635000 48 25 750.83
3.635000 48 26 793.62
3.635000 48 27 900.58
3.635000 48 28 851.29
3.635000 48 29 729.97
3.635000 48 30 692.49
3.635000 48 31 716.88
3.635000 48 32 623.07
3.635000 48 33 542.55
3.635000 48 34 579.07
3.635000 48 35 605.70
3.635000 48 36 547.29
3.635000 48 37 406.14
3.635000 48 38 450.14
3.635000 48 39 437.60
3.635000 48 40 326.71
3.635000 48 41 176.06
3.635000 48 42  6.99
3.635000 48 43 26.25
3.635000 48 44 43.60
3.635000 48 45 130.35
3.635000 48 46 266.53
3.635000 48 47 246.03
3.635000 48 48 279.28
3.635000 48 49 265.12
3.635000 48 50 262.98
3.635000 48 51 311.27
3.635000 48 52 379.58
3.635000 48 53 482.35
3.635000 48 54 577.72
3.635000 48 55 581.71
3.635000 48 56 632.54
3.635000 48 57 694.72
3.635000 48 58 762.57
3.635000 48 59 848.84
3.635000 48 60 689.60
3.635000 48 61 629.38
3.635000 48 62 495.66
3.635000 48 63 465.51
3.635000 48 64 517.15
3.635000 48 65 400.39
3.635000 48 66 306.79
3.635000 48 67 249.97
3.635000 48 68 232.27
3.635000 48 69 72.26
3.635000 48 70 23.79
3.635000 48 71 55.79
3.635000 48 72 -5.80
3.635000 48 73 75.88
3.635000 48 74 137.22
3.635000 48 75 140.59
3.635000 48 76 118.43
3.635000 48 77 73.69
3.635000 48 78 104.13
3.635000 48 79 183.12
3.635000 48 80 350.20
3.635000 48 81 441.55
3.635000 48 82 507.83
3.635000 48 83 584.48
3.635000 48 84 573.95
3.635000 48 85 593.81
3.635000 48 86 689.12
3.635000 48 87 599.52
3.635000 48 88 553.35
3.635000 48 89 493.68
3.635000 48 90 408.44
3.635000 48 91 252.59
3.635000 48 92 221.20
3.635000 48 93 341.16
3.635000 48 94 426.97
3.635000 48 95 522.51
3.635000 48 96 447.19
3.635000 48 97 347.93
3.635000 48 98 223.95
3.635000 48 99 255.53
3.635000 48 100 223.34
3.635000 48 101 203.63
3.635000 48 102 87.17
3.635000 48 103 17.50
3.635000 48 104 17.65
3.635000 48 105 -113.31
3.635000 48 106 -182.38
3.635000 48 107 -370.07
3.635000 48 108 -579.95
3.635000 48 109 -733.42
3.635000 48 110 -824.13
3.635000 48 111 -818.65
3.635000 48 112 -759.63
3.635000 48 113 -692.01
3.635000 48 114 -610.51
3.635000 48 115 -567.32
3.635000 48 116 -525.01
3.635000 48 117 -465.03
3.635000 48 118 -348.31
3.635000 48 119 -282.20
3.635000 48 120 -313.90
3.635000 48 121 -330.06
3.635000 48 122 -490.14
3.635000 48 123 -443.24
3.635000 48 124 -393.46
3.635000 48 125 -361.69
3.635000 48 126 -456.77
3.635000 48 127 -587.80
3.635000 48 128 -663.14
3.635000 48 129 -701.87
3.635000 48 130 -718.26
3.635000 48 131 -878.79
3.635000 48 132 -958.05
3.635000 48 133 -1017.57
3.635000 48 134 -1100.59
3.635000 48 135 -1145.64
3.635000 48 136 -1163.27
3.635000 48 137 -1189.78
3.635000 48 138 -1048.11
3.635000 48 139 -802.62
3.635000 48 140 -617.57
3.635000 48 141 -403.57
3.635000 48 142 -353.73
3.635000 48 143 -232.75
3.635000 48 144 -214.23
3.635000 48 145 -175.81
3.635000 48 146 -173.63
3.635000 48 147 -305.81
3.635000 48 148 -362.97
3.635000 48 149 -317.25
3.635000 48 150 -225.69
3.635000 48 151 -242.13
3.635000 48 152 -280.06
3.635000 48 153 -196.41
3.635000 48 154 -137.48
3.635000 48 155 -73.42
3.635000 48 156 -30.92
3.635000 48 157 -14.24
3.635000 48 158 12.14
3.635000 48 159 -52.22
3.635000 48 160 -143.82
3.635000 48 161 -224.98
3.635000 48 162 -141.08
3.635000 48 163 -29.67
3.635000 48 164 109.87
3.635000 48 165 307.01
3.635000 48 166 394.65
3.635000 48 167 434.64
3.635000 48 168 541.20
3.635000 48 169 761.93
3.635000 48 170 910.72
3.635000 48 171 987.99
3.635000 48 172 1015.05
3.635000 48 173 941.90
3.635000 48 174 796.16
3.635000 48 175 586.13
3.635000 48 176 336.13
3.635000 48 177 201.74
3.635000 48 178 73.42
3.635000 48 179 -40.58
3.635000 48 180 -173.58
3.635000 48 181 -233.32
3.635000 48 182 -142.73
3.635000 48 183 -131.06
3.635000 48 184 -82.89
3.635000 48 185 -135.52
3.635000 48 186 -282.32
3.635000 48 187 -326.58
3.635000 48 188 -368.40
3.635000 48 189 -303.65
3.635000 48 190 -359.92
3.635000 48 191 -450.33
3.635000 48 192 -544.70
3.635000 48 193 -620.43
3.635000 48 194 -608.99
3.635000 48 195 -654.77
3.635000 48 196 -559.65
3.635000 48 197 -503.86
3.635000 48 198 -588.26
3.635000 48 199 -538.36
