3.770000 96 0 179138.24
3.770000 96 1 173506.25
3.770000 96 2 168189.64
3.770000 96 3 163133.84
3.770000 96 4 158299.02
3.770000 96 5 153646.83
3.770000 96 6 149252.80
3.770000 96 7 145019.52
3.770000 96 8 140951.60
3.770000 96 9 137055.98
3.770000 96 10 133321.96
3.770000 96 11 129699.37
3.770000 96 12 126249.53
3.770000 96 13 122985.75
3.770000 96 14 119861.00
3.770000 96 15 116813.62
3.770000 96 16 113791.24
3.770000 96 17 110845.11
3.770000 96 18 107970.12
3.770000 96 19 105143.24
3.770000 96 20 102350.52
3.770000 96 21 99638.04
3.770000 96 22 97002.49
3.770000 96 23 94482.00
3.770000 96 24 92038.54
3.770000 96 25 89621.52
3.770000 96 26 87414.01
3.770000 96 27 85320.21
3.770000 96 28 83246.12
3.770000 96 29 81225.08
3.770000 96 30 79187.49
3.770000 96 31 77179.39
3.770000 96 32 75220.16
3.770000 96 33 73328.87
3.770000 96 34 71465.15
3.770000 96 35 69655.06
3.770000 96 36 67935.07
3.770000 96 37 66289.76
3.770000 96 38 64630.80
3.770000 96 39 63029.96
3.770000 96 40 61452.82
3.770000 96 41 59901.20
3.770000 96 42 58444.12
3.770000 96 43 57067.75
3.770000 96 44 55797.64
3.770000 96 45 54526.96
3.770000 96 46 53303.50
3.770000 96 47 52134.85
3.770000 96 48 50969.64
3.770000 96 49 49872.92
3.770000 96 50 48811.08
3.770000 96 51 47811.24
3.770000 96 52 46860.64
3.770000 96 53 45887.90
3.770000 96 54 44921.03
3.770000 96 55 43942.43
3.770000 96 56 43000.24
3.770000 96 57 42046.05
3.770000 96 58 41064.83
3.770000 96 59 40147.52
3.770000 96 60 39179.26
3.770000 96 61 38243.92
3.770000 96 62 37340.90
3.770000 96 63 36415.32
3.770000 96 64 35468.31
3.770000 96 65 34563.81
3.770000 96 66 33685.48
3.770000 96 67 32858.89
3.770000 96 68 32121.45
3.770000 96 69 31391.08
3.770000 96 70 30697.72
3.770000 96 71 30016.01
3.770000 96 72 29321.95
3.770000 96 73 28665.79
3.770000 96 74 28049.64
3.770000 96 75 27327.78
3.770000 96 76 26580.44
3.770000 96 77 25854.98
3.770000 96 78 25203.62
3.770000 96 79 24614.55
3.770000 96 80 24066.88
3.770000 96 81 23409.31
3.770000 96 82 22743.20
3.770000 96 83 22069.81
3.770000 96 84 21372.97
3.770000 96 85 20671.47
3.770000 96 86 20006.24
3.770000 96 87 19331.79
3.770000 96 88 18822.28
3.770000 96 89 18406.73
3.770000 96 90 17943.60
3.770000 96 91 17472.45
3.770000 96 92 17000.68
3.770000 96 93 16572.01
3.770000 96 94 16114.35
3.770000 96 95 15673.01
3.770000 96 96 15270.32
3.770000 96 97 14884.14
3.770000 96 98 14579.56
3.770000 96 99 14225.82
3.770000 96 100 13953.48
3.770000 96 101 13643.89
3.770000 96 102 13361.08
3.770000 96 103 13041.43
3.770000 96 104 12750.84
3.770000 96 105 12468.37
3.770000 96 106 12257.19
3.770000 96 107 12056.77
3.770000 96 108 11843.15
3.770000 96 109 11641.33
3.770000 96 110 11458.83
3.770000 96 111 11188.83
3.770000 96 112 10937.37
3.770000 96 113 10649.31
3.770000 96 114 10330.12
3.770000 96 115 9991.81
3.770000 96 116 9618.27
3.770000 96 117 9240.64
3.770000 96 118 8915.67
3.770000 96 119 8642.06
3.770000 96 120 8371.74
3.770000 96 121 8083.77
3.770000 96 122 7799.50
3.770000 96 123 7569.85
3.770000 96 124 7336.98
3.770000 96 125 7147.10
3.770000 96 126 7017.34
3.770000 96 127 6859.01
3.770000 96 128 6711.50
3.770000 96 129 6445.01
3.770000 96 130 6144.26
3.770000 96 131 5791.78
3.770000 96 132 5339.21
3.770000 96 133 4900.64
3.770000 96 134 4458.29
3.770000 96 135 4045.40
3.770000 96 136 3651.20
3.770000 96 137 3302.18
3.770000 96 138 2960.02
3.770000 96 139 2681.58
3.770000 96 140 2425.96
3.770000 96 141 2139.91
3.770000 96 142 1888.91
3.770000 96 143 1610.04
3.770000 96 144 1323.70
3.770000 96 145 1008.74
3.770000 96 146 723.88
3.770000 96 147 433.53
3.770000 96 148 261.55
3.770000 96 149 96.26
3.770000 96 150 -108.12
3.770000 96 151 -229.77
3.770000 96 152 -345.80
3.770000 96 153 -437.87
3.770000 96 154 -508.52
3.770000 96 155 -567.20
3.770000 96 156 -626.78
3.770000 96 157 -599.50
3.770000 96 158 -624.73
3.770000 96 159 -707.66
3.770000 96 160 -882.85
3.770000 96 161 -941.59
3.770000 96 162 -1083.64
3.770000 96 163 -1225.23
3.770000 96 164 -1379.93
3.770000 96 165 -1549.63
3.770000 96 166 -1729.49
3.770000 96 167 -1886.70
3.770000 96 168 -2082.61
3.770000 96 169 -2275.52
3.770000 96 170 -2464.11
3.770000 96 171 -2695.65
3.770000 96 172 -2935.16
3.770000 96 173 -3211.38
3.770000 96 174 -3501.52
3.770000 96 175 -3789.35
3.770000 96 176 -4008.46
3.770000 96 177 -4185.45
3.770000 96 178 -4348.36
3.770000 96 179 -4532.05
3.770000 96 180 -4712.43
3.770000 96 181 -4881.18
3.770000 96 182 -5079.21
3.770000 96 183 -5212.19
3.770000 96 184 -5359.58
3.770000 96 185 -5476.34
3.770000 96 186 -5639.16
3.770000 96 187 -5748.98
3.770000 96 188 -5893.99
3.770000 96 189 -6047.63
3.770000 96 190 -6198.74
3.770000 96 191 -6325.62
3.770000 96 192 -6510.76
3.770000 96 193 -6636.56
3.770000 96 194 -6733.95
3.770000 96 195 -6907.99
3.770000 96 196 -7172.54
3.770000 96 197 -7436.48
3.770000 96 198 -7672.30
3.770000 96 199 -7953.13
