3.580000 64 0 90325.78
3.580000 64 1 63193.52
3.580000 64 2 45392.87
3.580000 64 3 33019.78
3.580000 64 4 24451.74
3.580000 64 5 18280.33
3.580000 64 6 13522.96
3.580000 64 7 9757.30
3.580000 64 8 7019.95
3.580000 64 9 4960.67
3.580000 64 10 3464.08
3.580000 64 11 2517.71
3.580000 64 12 1925.96
3.580000 64 13 1633.84
3.580000 64 14 1109.30
3.580000 64 15 907.43
3.580000 64 16 666.71
3.580000 64 17 534.20
3.580000 64 18 362.75
3.580000 64 19 165.74
3.580000 64 20 -186.18
3.580000 64 21 -477.73
3.580000 64 22 -317.07
3.580000 64 23 -226.50
3.580000 64 24 -334.83
3.580000 64 25 -395.60
3.580000 64 26 -628.25
3.580000 64 27 -824.33
3.580000 64 28 -692.69
3.580000 64 29 -958.75
3.580000 64 30 -1183.21
3.580000 64 31 -1408.32
3.580000 64 32 -1533.39
3.580000 64 33 -1491.26
3.580000 64 34 -1274.20
3.580000 64 35 -1035.26
3.580000 64 36 -932.55
3.580000 64 37 -1072.74
3.580000 64 38 -1011.55
3.580000 64 39 -999.38
3.580000 64 40 -973.87
3.580000 64 41 -996.80
3.580000 64 42 -1151.26
3.580000 64 43 -1371.02
3.580000 64 44 -1490.83
3.580000 64 45 -1766.03
3.580000 64 46 -1817.32
3.580000 64 47 -1796.95
3.580000 64 48 -2011.66
3.580000 64 49 -1936.82
3.580000 64 50 -1839.03
3.580000 64 51 -1931.34
3.580000 64 52 -1758.79
3.580000 64 53 -1697.60
3.580000 64 54 -1873.74
3.580000 64 55 -1983.58
3.580000 64 56 -1755.45
3.580000 64 57 -1640.91
3.580000 64 58 -1539.72
3.580000 64 59 -1329.09
3.580000 64 60 -1039.19
3.580000 64 61 -674.70
3.580000 64 62 -320.12
3.580000 64 63 -277.30
3.580000 64 64 -314.62
3.580000 64 65 -216.41
3.580000 64 66 -204.91
3.580000 64 67 -63.83
3.580000 64 68 137.98
3.580000 64 69 87.63
3.580000 64 70 -234.12
3.580000 64 71 -130.01
3.580000 64 72 -131.08
3.580000 64 73 -135.92
3.580000 64 74 -192.89
3.580000 64 75 -106.99
3.580000 64 76 -249.77
3.580000 64 77 -193.27
3.580000 64 78 -220.56
3.580000 64 79 -132.73
3.580000 64 80 -102.92
3.580000 64 81 -13.98
3.580000 64 82 -100.92
3.580000 64 83 -459.01
3.580000 64 84 -812.73
3.580000 64 85 -877.60
3.580000 64 86 -1017.91
3.580000 64 87 -867.06
3.580000 64 88 -625.42
3.580000 64 89 -690.97
3.580000 64 90 -514.85
3.580000 64 91 -229.08
3.580000 64 92 -223.90
3.580000 64 93 -228.03
3.580000 64 94 -205.06
3.580000 64 95 -388.53
3.580000 64 96 -540.90
3.580000 64 97 -398.50
3.580000 64 98 -586.72
3.580000 64 99 -346.59
3.580000 64 100 -297.77
3.580000 64 101 -307.11
3.580000 64 102 -156.02
3.580000 64 103 -5.56
3.580000 64 104 -25.08
3.580000 64 105 91.10
3.580000 64 106 198.62
3.580000 64 107 217.52
3.580000 64 108 121.19
3.580000 64 109 -69.06
3.580000 64 110 -266.00
3.580000 64 111 -588.99
3.580000 64 112 -721.65
3.580000 64 113 -611.01
3.580000 64 114 -635.79
3.580000 64 115 -640.91
3.580000 64 116 -749.67
3.580000 64 117 -1014.95
3.580000 64 118 -1327.50
3.580000 64 119 -1178.57
3.580000 64 120 -1098.03
3.580000 64 121 -1124.40
3.580000 64 122 -986.10
3.580000 64 123 -1101.07
3.580000 64 124 -975.74
3.580000 64 125 -1023.72
3.580000 64 126 -995.70
3.580000 64 127 -726.74
3.580000 64 128 -371.17
3.580000 64 129 -260.45
3.580000 64 130 -106.94
3.580000 64 131 -87.43
3.580000 64 132 -110.45
3.580000 64 133 -164.07
3.580000 64 134 -72.94
3.580000 64 135 95.61
3.580000 64 136 44.41
3.580000 64 137 97.31
3.580000 64 138 432.18
3.580000 64 139 277.78
3.580000 64 140 239.30
3.580000 64 141 287.98
3.580000 64 142 361.63
3.580000 64 143 458.50
3.580000 64 144 437.99
3.580000 64 145 386.59
3.580000 64 146 415.07
3.580000 64 147 353.30
3.580000 64 148 370.74
3.580000 64 149 671.36
3.580000 64 150 1041.76
3.580000 64 151 1074.36
3.580000 64 152 1093.46
3.580000 64 153 1006.18
3.580000 64 154 943.71
3.580000 64 155 1081.39
3.580000 64 156 786.15
3.580000 64 157 336.16
3.580000 64 158 150.13
3.580000 64 159 -37.11
3.580000 64 160 -79.84
3.580000 64 161 -254.21
3.580000 64 162 -414.89
3.580000 64 163 -632.73
3.580000 64 164 -540.87
3.580000 64 165 -553.50
3.580000 64 166 -452.31
3.580000 64 167 -543.66
3.580000 64 168 -603.29
3.580000 64 169 -576.63
3.580000 64 170 -554.22
3.580000 64 171 -210.21
3.580000 64 172 -205.47
3.580000 64 173 -118.85
3.580000 64 174 28.22
3.580000 64 175 35.90
3.580000 64 176 -56.69
3.580000 64 177 -271.34
3.580000 64 178 -230.78
3.580000 64 179 -95.99
3.580000 64 180 -435.58
3.580000 64 181 -533.08
3.580000 64 182 -515.93
3.580000 64 183 -272.12
3.580000 64 184 -83.61
3.580000 64 185 161.65
3.580000 64 186 213.77
3.580000 64 187 261.25
3.580000 64 188 331.62
3.580000 64 189 338.14
3.580000 64 190 470.70
3.580000 64 191 526.75
3.580000 64 192 425.62
3.580000 64 193 496.41
3.580000 64 194 447.37
3.580000 64 195 291.56
3.580000 64 196 169.77
3.580000 64 197 278.91
3.580000 64 198 184.21
3.580000 64 199 -148.20
