3.480000 24 0 3936.36
3.480000 24 1 2145.60
3.480000 24 2 1169.28
3.480000 24 3 694.44
3.480000 24 4 455.50
3.480000 24 5 316.54
3.480000 24 6 219.93
3.480000 24 7 192.96
3.480000 24 8 103.22
3.480000 24 9 78.59
3.480000 24 10 86.82
3.480000 24 11 57.99
3.480000 24 12 90.57
3.480000 24 13 11.53
3.480000 24 14 -9.09
3.480000 24 15 -9.11
3.480000 24 16  4.86
3.480000 24 17 19.32
3.480000 24 18 -14.30
3.480000 24 19 31.19
3.480000 24 20  9.79
3.480000 24 21 31.73
3.480000 24 22  4.99
3.480000 24 23 17.58
3.480000 24 24 37.79
3.480000 24 25 22.27
3.480000 24 26 19.50
3.480000 24 27 17.83
3.480000 24 28 28.19
3.480000 24 29 31.42
3.480000 24 30 47.93
3.480000 24 31 95.65
3.480000 24 32 62.58
3.480000 24 33 75.82
3.480000 24 34 114.88
3.480000 24 35 96.35
3.480000 24 36 81.58
3.480000 24 37 80.77
3.480000 24 38 -33.07
3.480000 24 39 -80.90
3.480000 24 40 -62.57
3.480000 24 41 -66.81
3.480000 24 42 -65.07
3.480000 24 43 -68.44
3.480000 24 44 -91.36
3.480000 24 45 -112.65
3.480000 24 46 -61.37
3.480000 24 47 -7.24
3.480000 24 48 -32.81
3.480000 24 49 -0.26
3.480000 24 50 18.98
3.480000 24 51 46.67
3.480000 24 52 60.56
3.480000 24 53 58.75
3.480000 24 54 17.23
3.480000 24 55 -36.73
3.480000 24 56 -65.52
3.480000 24 57 -36.10
3.480000 24 58 -52.59
3.480000 24 59 -80.38
3.480000 24 60 -47.23
3.480000 24 61 -11.31
3.480000 24 62 20.01
3.480000 24 63 -46.74
3.480000 24 64 -79.49
3.480000 24 65 -92.11
3.480000 24 66 -86.47
3.480000 24 67 -150.25
3.480000 24 68 -157.51
3.480000 24 69 -171.64
3.480000 24 70 -167.66
3.480000 24 71 -170.50
3.480000 24 72 -152.32
3.480000 24 73 -142.18
3.480000 24 74 -141.36
3.480000 24 75 -123.07
3.480000 24 76 -100.48
3.480000 24 77 -92.03
3.480000 24 78 -96.21
3.480000 24 79 -151.12
3.480000 24 80 -155.99
3.480000 24 81 -212.95
3.480000 24 82 -264.33
3.480000 24 83 -231.20
3.480000 24 84 -221.16
3.480000 24 85 -171.88
3.480000 24 86 -165.26
3.480000 24 87 -166.82
3.480000 24 88 -217.90
3.480000 24 89 -219.64
3.480000 24 90 -242.03
3.480000 24 91 -210.63
3.480000 24 92 -221.84
3.480000 24 93 -244.80
3.480000 24 94 -262.53
3.480000 24 95 -265.08
3.480000 24 96 -294.42
3.480000 24 97 -243.30
3.480000 24 98 -181.79
3.480000 24 99 -237.42
3.480000 24 100 -301.42
3.480000 24 101 -316.88
3.480000 24 102 -290.50
3.480000 24 103 -278.27
3.480000 24 104 -249.80
3.480000 24 105 -222.57
3.480000 24 106 -233.59
3.480000 24 107 -236.99
3.480000 24 108 -233.12
3.480000 24 109 -225.89
3.480000 24 110 -191.80
3.480000 24 111 -216.86
3.480000 24 112 -277.66
3.480000 24 113 -245.40
3.480000 24 114 -240.16
3.480000 24 115 -287.05
3.480000 24 116 -314.28
3.480000 24 117 -312.13
3.480000 24 118 -331.02
3.480000 24 119 -353.48
3.480000 24 120 -311.02
3.480000 24 121 -267.53
3.480000 24 122 -257.90
3.480000 24 123 -200.07
3.480000 24 124 -195.29
3.480000 24 125 -195.13
3.480000 24 126 -188.99
3.480000 24 127 -190.01
3.480000 24 128 -191.25
3.480000 24 129 -257.76
3.480000 24 130 -230.44
3.480000 24 131 -181.71
3.480000 24 132 -125.10
3.480000 24 133 -61.21
3.480000 24 134 -39.23
3.480000 24 135 -28.55
3.480000 24 136 -59.45
3.480000 24 137 -38.33
3.480000 24 138  0.21
3.480000 24 139 -4.48
3.480000 24 140 43.83
3.480000 24 141 74.37
3.480000 24 142 114.38
3.480000 24 143 115.54
3.480000 24 144 195.60
3.480000 24 145 272.56
3.480000 24 146 260.88
3.480000 24 147 281.86
3.480000 24 148 252.83
3.480000 24 149 220.95
3.480000 24 150 220.39
3.480000 24 151 210.42
3.480000 24 152 199.65
3.480000 24 153 182.42
3.480000 24 154 181.67
3.480000 24 155 178.34
3.480000 24 156 205.13
3.480000 24 157 212.25
3.480000 24 158 220.02
3.480000 24 159 239.84
3.480000 24 160 238.28
3.480000 24 161 224.19
3.480000 24 162 209.75
3.480000 24 163 201.54
3.480000 24 164 221.14
3.480000 24 165 156.04
3.480000 24 166 173.65
3.480000 24 167 162.25
3.480000 24 168 163.72
3.480000 24 169 123.80
3.480000 24 170 105.96
3.480000 24 171 127.55
3.480000 24 172 147.03
3.480000 24 173 203.46
3.480000 24 174 288.22
3.480000 24 175 284.12
3.480000 24 176 254.68
3.480000 24 177 212.02
3.480000 24 178 209.83
3.480000 24 179 155.42
3.480000 24 180 152.10
3.480000 24 181 177.56
3.480000 24 182 218.44
3.480000 24 183 269.41
3.480000 24 184 289.22
3.480000 24 185 257.11
3.480000 24 186 265.37
3.480000 24 187 247.93
3.480000 24 188 215.14
3.480000 24 189 214.49
3.480000 24 190 168.81
3.480000 24 191 151.27
3.480000 24 192 133.73
3.480000 24 193 135.95
3.480000 24 194 104.28
3.480000 24 195 135.11
3.480000 24 196 67.59
3.480000 24 197 55.97
3.480000 24 198 58.46
3.480000 24 199 72.67
