2.269000 256 0 950037.31
2.269000 256 1 865412.60
2.269000 256 2 797471.17
2.269000 256 3 738055.81
2.269000 256 4 684360.61
2.269000 256 5 634998.77
2.269000 256 6 593979.69
2.269000 256 7 564402.22
2.269000 256 8 540194.33
2.269000 256 9 519550.75
2.269000 256 10 500780.40
2.269000 256 11 482858.34
2.269000 256 12 461475.04
2.269000 256 13 451465.49
2.269000 256 14 435692.27
2.269000 256 15 428710.63
2.269000 256 16 417738.95
2.269000 256 17 411943.71
2.269000 256 18 400053.00
2.269000 256 19 389296.81
2.269000 256 20 381475.53
2.269000 256 21 385800.87
2.269000 256 22 392578.41
2.269000 256 23 396153.01
2.269000 256 24 385135.60
2.269000 256 25 374036.38
2.269000 256 26 358934.26
2.269000 256 27 340741.38
2.269000 256 28 319850.03
2.269000 256 29 305030.86
2.269000 256 30 272165.26
2.269000 256 31 238455.03
2.269000 256 32 209227.21
2.269000 256 33 179660.98
2.269000 256 34 168707.92
2.269000 256 35 166825.33
2.269000 256 36 147982.06
2.269000 256 37 128583.83
2.269000 256 38 101597.82
2.269000 256 39 83837.63
2.269000 256 40 68637.63
2.269000 256 41 48083.63
2.269000 256 42 40954.90
2.269000 256 43 33902.47
2.269000 256 44 25435.13
2.269000 256 45 11799.94
2.269000 256 46 2757.68
2.269000 256 47 -4941.47
2.269000 256 48 -12281.46
2.269000 256 49 -17900.46
2.269000 256 50 -25634.69
2.269000 256 51 -33208.99
2.269000 256 52 -43424.03
2.269000 256 53 -45124.37
2.269000 256 54 -43678.71
2.269000 256 55 -42197.43
2.269000 256 56 -40186.59
2.269000 256 57 -38151.77
2.269000 256 58 -43654.08
2.269000 256 59 -48463.72
2.269000 256 60 -48505.65
2.269000 256 61 -47344.17
2.269000 256 62 -48035.78
2.269000 256 63 -46445.37
2.269000 256 64 -48791.56
2.269000 256 65 -64840.06
2.269000 256 66 -81471.62
2.269000 256 67 -89524.46
2.269000 256 68 -98160.79
2.269000 256 69 -89716.48
2.269000 256 70 -80086.48
2.269000 256 71 -70952.45
2.269000 256 72 -75102.58
2.269000 256 73 -86088.29
2.269000 256 74 -96459.67
2.269000 256 75 -105790.25
2.269000 256 76 -119815.79
2.269000 256 77 -131000.73
2.269000 256 78 -149011.09
2.269000 256 79 -157684.57
2.269000 256 80 -170122.60
2.269000 256 81 -165331.69
2.269000 256 82 -152720.19
2.269000 256 83 -142234.84
2.269000 256 84 -139354.43
2.269000 256 85 -132041.08
2.269000 256 86 -122930.10
2.269000 256 87 -100983.42
2.269000 256 88 -79517.47
2.269000 256 89 -64871.76
2.269000 256 90 -53702.68
2.269000 256 91 -42580.02
2.269000 256 92 -30198.91
2.269000 256 93 -21987.73
2.269000 256 94 -17644.76
2.269000 256 95 -17082.66
2.269000 256 96 -12380.98
2.269000 256 97 -11216.28
2.269000 256 98 -10473.56
2.269000 256 99 -14565.92
2.269000 256 100 -30221.39
2.269000 256 101 -40799.87
2.269000 256 102 -50573.27
2.269000 256 103 -59478.28
2.269000 256 104 -67713.94
2.269000 256 105 -66996.44
2.269000 256 106 -61070.05
2.269000 256 107 -56529.05
2.269000 256 108 -50631.61
2.269000 256 109 -60579.16
2.269000 256 110 -70329.60
2.269000 256 111 -85277.39
2.269000 256 112 -103461.19
2.269000 256 113 -109602.69
2.269000 256 114 -120076.57
2.269000 256 115 -125621.84
2.269000 256 116 -125698.34
2.269000 256 117 -119024.37
2.269000 256 118 -109145.27
2.269000 256 119 -97519.06
2.269000 256 120 -98289.37
2.269000 256 121 -103873.38
2.269000 256 122 -109006.64
2.269000 256 123 -114389.18
2.269000 256 124 -129515.72
2.269000 256 125 -130863.86
2.269000 256 126 -132166.63
2.269000 256 127 -136719.97
2.269000 256 128 -129500.12
2.269000 256 129 -121421.59
2.269000 256 130 -113413.88
2.269000 256 131 -102941.58
2.269000 256 132 -87884.29
2.269000 256 133 -70304.64
2.269000 256 134 -47959.00
2.269000 256 135 -30130.54
2.269000 256 136 -18598.70
2.269000 256 137 -6139.43
2.269000 256 138 9308.71
2.269000 256 139 18552.52
2.269000 256 140 25021.93
2.269000 256 141 37306.65
2.269000 256 142 47842.91
2.269000 256 143 59869.25
2.269000 256 144 71226.54
2.269000 256 145 84396.38
2.269000 256 146 95839.63
2.269000 256 147 110750.23
2.269000 256 148 127961.32
2.269000 256 149 140780.22
2.269000 256 150 151913.65
2.269000 256 151 162039.82
2.269000 256 152 179633.17
2.269000 256 153 198137.87
2.269000 256 154 210585.70
2.269000 256 155 219204.94
2.269000 256 156 226494.22
2.269000 256 157 235877.85
2.269000 256 158 242558.83
2.269000 256 159 252443.47
2.269000 256 160 272922.35
2.269000 256 161 292790.87
2.269000 256 162 303346.03
2.269000 256 163 309914.16
2.269000 256 164 310305.43
2.269000 256 165 303498.72
2.269000 256 166 297726.78
2.269000 256 167 291104.62
2.269000 256 168 287234.19
2.269000 256 169 285103.66
2.269000 256 170 292247.78
2.269000 256 171 287991.54
2.269000 256 172 290041.91
2.269000 256 173 284302.46
2.269000 256 174 280869.27
2.269000 256 175 269901.24
2.269000 256 176 260776.60
2.269000 256 177 249514.74
2.269000 256 178 232567.82
2.269000 256 179 210650.99
2.269000 256 180 190527.02
2.269000 256 181 174024.62
2.269000 256 182 165966.57
2.269000 256 183 160499.98
2.269000 256 184 152847.50
2.269000 256 185 153190.77
2.269000 256 186 149610.93
2.269000 256 187 142004.92
2.269000 256 188 136923.06
2.269000 256 189 137241.04
2.269000 256 190 140401.81
2.269000 256 191 138815.42
2.269000 256 192 151342.77
2.269000 256 193 162127.62
2.269000 256 194 157784.05
2.269000 256 195 163780.37
2.269000 256 196 171420.70
2.269000 256 197 173427.36
2.269000 256 198 173941.18
2.269000 256 199 169687.22
