3.635000 96 0 124841.55
3.635000 96 1 102618.94
3.635000 96 2 86287.91
3.635000 96 3 73430.26
3.635000 96 4 63029.65
3.635000 96 5 54795.11
3.635000 96 6 48065.23
3.635000 96 7 41757.64
3.635000 96 8 36556.68
3.635000 96 9 32865.71
3.635000 96 10 29142.74
3.635000 96 11 26162.15
3.635000 96 12 23349.69
3.635000 96 13 20715.17
3.635000 96 14 18232.86
3.635000 96 15 15947.90
3.635000 96 16 14088.34
3.635000 96 17 11776.48
3.635000 96 18 9252.59
3.635000 96 19 6920.67
3.635000 96 20 4721.60
3.635000 96 21 2145.13
3.635000 96 22 50.54
3.635000 96 23 -1827.88
3.635000 96 24 -3887.71
3.635000 96 25 -4951.90
3.635000 96 26 -6110.21
3.635000 96 27 -6681.00
3.635000 96 28 -7804.14
3.635000 96 29 -8792.91
3.635000 96 30 -10048.38
3.635000 96 31 -10836.74
3.635000 96 32 -11659.42
3.635000 96 33 -13558.78
3.635000 96 34 -14166.77
3.635000 96 35 -15104.75
3.635000 96 36 -15774.13
3.635000 96 37 -16433.12
3.635000 96 38 -17496.70
3.635000 96 39 -18473.54
3.635000 96 40 -19306.47
3.635000 96 41 -19216.65
3.635000 96 42 -19029.15
3.635000 96 43 -19205.92
3.635000 96 44 -19860.05
3.635000 96 45 -21184.05
3.635000 96 46 -21334.05
3.635000 96 47 -21542.81
3.635000 96 48 -21428.50
3.635000 96 49 -21513.29
3.635000 96 50 -21395.74
3.635000 96 51 -20809.87
3.635000 96 52 -21061.27
3.635000 96 53 -21546.07
3.635000 96 54 -22233.16
3.635000 96 55 -23006.91
3.635000 96 56 -23315.44
3.635000 96 57 -23637.86
3.635000 96 58 -24331.81
3.635000 96 59 -24235.69
3.635000 96 60 -24939.43
3.635000 96 61 -24853.14
3.635000 96 62 -25051.15
3.635000 96 63 -25813.11
3.635000 96 64 -25624.75
3.635000 96 65 -26012.73
3.635000 96 66 -26047.45
3.635000 96 67 -25543.35
3.635000 96 68 -24708.48
3.635000 96 69 -24087.50
3.635000 96 70 -23111.65
3.635000 96 71 -21528.03
3.635000 96 72 -18923.50
3.635000 96 73 -16305.91
3.635000 96 74 -13669.91
3.635000 96 75 -12350.69
3.635000 96 76 -10835.52
3.635000 96 77 -9231.18
3.635000 96 78 -7000.80
3.635000 96 79 -5630.48
3.635000 96 80 -5632.58
3.635000 96 81 -5425.94
3.635000 96 82 -5669.10
3.635000 96 83 -5517.86
3.635000 96 84 -4992.03
3.635000 96 85 -5350.31
3.635000 96 86 -6228.75
3.635000 96 87 -7171.14
3.635000 96 88 -6910.01
3.635000 96 89 -7039.09
3.635000 96 90 -7191.99
3.635000 96 91 -8200.41
3.635000 96 92 -9294.53
3.635000 96 93 -10653.98
3.635000 96 94 -12308.39
3.635000 96 95 -13033.22
3.635000 96 96 -13519.96
3.635000 96 97 -14945.87
3.635000 96 98 -16575.81
3.635000 96 99 -17829.28
3.635000 96 100 -18151.93
3.635000 96 101 -18778.79
3.635000 96 102 -20002.21
3.635000 96 103 -21477.20
3.635000 96 104 -22792.75
3.635000 96 105 -23243.54
3.635000 96 106 -24369.80
3.635000 96 107 -24648.18
3.635000 96 108 -24795.18
3.635000 96 109 -25061.57
3.635000 96 110 -25132.31
3.635000 96 111 -25425.46
3.635000 96 112 -25730.02
3.635000 96 113 -24878.87
3.635000 96 114 -24540.93
3.635000 96 115 -24277.50
3.635000 96 116 -24818.96
3.635000 96 117 -24909.16
3.635000 96 118 -25430.77
3.635000 96 119 -25022.60
3.635000 96 120 -23085.15
3.635000 96 121 -21484.04
3.635000 96 122 -20394.71
3.635000 96 123 -19124.99
3.635000 96 124 -18207.86
3.635000 96 125 -17489.16
3.635000 96 126 -17351.52
3.635000 96 127 -16769.50
3.635000 96 128 -16218.10
3.635000 96 129 -15103.12
3.635000 96 130 -13663.61
3.635000 96 131 -12374.75
3.635000 96 132 -10662.31
3.635000 96 133 -9761.81
3.635000 96 134 -8800.08
3.635000 96 135 -8480.60
3.635000 96 136 -7279.64
3.635000 96 137 -6295.38
3.635000 96 138 -5527.68
3.635000 96 139 -4548.03
3.635000 96 140 -3638.25
3.635000 96 141 -3427.13
3.635000 96 142 -3259.76
3.635000 96 143 -3289.47
3.635000 96 144 -2127.52
3.635000 96 145 -1278.10
3.635000 96 146 -411.18
3.635000 96 147 198.29
3.635000 96 148 778.13
3.635000 96 149 1068.87
3.635000 96 150 1286.89
3.635000 96 151 1876.79
3.635000 96 152 3009.55
3.635000 96 153 2121.01
3.635000 96 154 666.36
3.635000 96 155 -368.71
3.635000 96 156 -883.19
3.635000 96 157 -984.78
3.635000 96 158 -1563.03
3.635000 96 159 -1791.54
3.635000 96 160 -2134.47
3.635000 96 161 -2364.25
3.635000 96 162 -2808.38
3.635000 96 163 -2715.67
3.635000 96 164 -2370.51
3.635000 96 165 -2796.71
3.635000 96 166 -3876.23
3.635000 96 167 -4599.13
3.635000 96 168 -4643.82
3.635000 96 169 -4072.71
3.635000 96 170 -4049.91
3.635000 96 171 -3609.02
3.635000 96 172 -3358.73
3.635000 96 173 -3167.36
3.635000 96 174 -3669.43
3.635000 96 175 -3958.02
3.635000 96 176 -3811.93
3.635000 96 177 -3367.75
3.635000 96 178 -2887.73
3.635000 96 179 -2654.41
3.635000 96 180 -2529.35
3.635000 96 181 -2128.00
3.635000 96 182 -2566.02
3.635000 96 183 -3743.30
3.635000 96 184 -3632.94
3.635000 96 185 -3846.97
3.635000 96 186 -4281.26
3.635000 96 187 -5485.25
3.635000 96 188 -5755.55
3.635000 96 189 -6532.92
3.635000 96 190 -6942.70
3.635000 96 191 -7116.44
3.635000 96 192 -7555.47
3.635000 96 193 -7527.64
3.635000 96 194 -7676.86
3.635000 96 195 -8043.23
3.635000 96 196 -8448.23
3.635000 96 197 -8164.46
3.635000 96 198 -8277.81
3.635000 96 199 -8728.77
