3.610000 96 0 109026.44
3.610000 96 1 84570.02
3.610000 96 2 67193.75
3.610000 96 3 53602.32
3.610000 96 4 43898.64
3.610000 96 5 36184.06
3.610000 96 6 29403.08
3.610000 96 7 22786.54
3.610000 96 8 18496.80
3.610000 96 9 15196.88
3.610000 96 10 12667.07
3.610000 96 11 10780.60
3.610000 96 12 9651.71
3.610000 96 13 8708.37
3.610000 96 14 8462.79
3.610000 96 15 6981.33
3.610000 96 16 6594.44
3.610000 96 17 5989.30
3.610000 96 18 6046.78
3.610000 96 19 6385.01
3.610000 96 20 7086.75
3.610000 96 21 6853.32
3.610000 96 22 6041.32
3.610000 96 23 5126.05
3.610000 96 24 3668.06
3.610000 96 25 3332.57
3.610000 96 26 1742.60
3.610000 96 27 120.98
3.610000 96 28 -1346.87
3.610000 96 29 -1624.03
3.610000 96 30 -1808.62
3.610000 96 31 -1683.06
3.610000 96 32 -2398.71
3.610000 96 33 -3326.98
3.610000 96 34 -4715.91
3.610000 96 35 -5760.25
3.610000 96 36 -6826.62
3.610000 96 37 -6879.59
3.610000 96 38 -7124.41
3.610000 96 39 -6233.61
3.610000 96 40 -4295.14
3.610000 96 41 -3920.82
3.610000 96 42 -4103.34
3.610000 96 43 -3946.62
3.610000 96 44 -2936.56
3.610000 96 45 -1627.98
3.610000 96 46 -1146.40
3.610000 96 47 -1339.85
3.610000 96 48 -748.60
3.610000 96 49 11.99
3.610000 96 50 259.09
3.610000 96 51 641.59
3.610000 96 52 909.04
3.610000 96 53 989.88
3.610000 96 54 1079.43
3.610000 96 55 780.33
3.610000 96 56 84.69
3.610000 96 57 -1020.58
3.610000 96 58 -1948.17
3.610000 96 59 -2438.11
3.610000 96 60 -1774.86
3.610000 96 61 -2251.39
3.610000 96 62 -984.80
3.610000 96 63 -624.10
3.610000 96 64 -954.43
3.610000 96 65 -687.56
3.610000 96 66 -499.84
3.610000 96 67 -773.22
3.610000 96 68 -2.72
3.610000 96 69 -118.13
3.610000 96 70 514.24
3.610000 96 71 459.75
3.610000 96 72 -146.28
3.610000 96 73 178.80
3.610000 96 74 59.33
3.610000 96 75 178.03
3.610000 96 76 453.67
3.610000 96 77 671.12
3.610000 96 78 444.69
3.610000 96 79 789.98
3.610000 96 80 2135.21
3.610000 96 81 2495.98
3.610000 96 82 2914.67
3.610000 96 83 2970.17
3.610000 96 84 2462.59
3.610000 96 85 2479.00
3.610000 96 86 1920.21
3.610000 96 87 1807.93
3.610000 96 88 1190.64
3.610000 96 89 1284.20
3.610000 96 90 1014.89
3.610000 96 91 -18.03
3.610000 96 92 -871.13
3.610000 96 93 -1452.09
3.610000 96 94 -2248.39
3.610000 96 95 -2489.81
3.610000 96 96 -1734.74
3.610000 96 97 -1005.80
3.610000 96 98 170.22
3.610000 96 99 2125.37
3.610000 96 100 3075.28
3.610000 96 101 4116.41
3.610000 96 102 4787.15
3.610000 96 103 5759.69
3.610000 96 104 6536.43
3.610000 96 105 6672.88
3.610000 96 106 7312.99
3.610000 96 107 8022.50
3.610000 96 108 9520.60
3.610000 96 109 10145.77
3.610000 96 110 11000.07
3.610000 96 111 12053.82
3.610000 96 112 11777.84
3.610000 96 113 10695.91
3.610000 96 114 9320.48
3.610000 96 115 9552.75
3.610000 96 116 9805.69
3.610000 96 117 10435.07
3.610000 96 118 10932.68
3.610000 96 119 12115.50
3.610000 96 120 13930.82
3.610000 96 121 14992.68
3.610000 96 122 15240.42
3.610000 96 123 15618.05
3.610000 96 124 15786.00
3.610000 96 125 16486.18
3.610000 96 126 17287.24
3.610000 96 127 17532.34
3.610000 96 128 18317.67
3.610000 96 129 19311.64
3.610000 96 130 20425.49
3.610000 96 131 21640.81
3.610000 96 132 21879.01
3.610000 96 133 23132.51
3.610000 96 134 24601.13
3.610000 96 135 25850.72
3.610000 96 136 26394.05
3.610000 96 137 26735.01
3.610000 96 138 26075.47
3.610000 96 139 26406.86
3.610000 96 140 26966.40
3.610000 96 141 27621.11
3.610000 96 142 27563.99
3.610000 96 143 28167.54
3.610000 96 144 27657.43
3.610000 96 145 27280.68
3.610000 96 146 27611.32
3.610000 96 147 27769.85
3.610000 96 148 28746.45
3.610000 96 149 29607.85
3.610000 96 150 29756.53
3.610000 96 151 30715.72
3.610000 96 152 31434.89
3.610000 96 153 31329.41
3.610000 96 154 31028.04
3.610000 96 155 30467.22
3.610000 96 156 29832.56
3.610000 96 157 30279.32
3.610000 96 158 30389.50
3.610000 96 159 29539.48
3.610000 96 160 28094.24
3.610000 96 161 26944.75
3.610000 96 162 26259.75
3.610000 96 163 25712.64
3.610000 96 164 25341.09
3.610000 96 165 25414.45
3.610000 96 166 26662.29
3.610000 96 167 27878.08
3.610000 96 168 27477.17
3.610000 96 169 26534.33
3.610000 96 170 27980.97
3.610000 96 171 29175.92
3.610000 96 172 29922.05
3.610000 96 173 31247.29
3.610000 96 174 33154.83
3.610000 96 175 34613.40
3.610000 96 176 35033.37
3.610000 96 177 35384.51
3.610000 96 178 36072.57
3.610000 96 179 36306.79
3.610000 96 180 37318.81
3.610000 96 181 38468.81
3.610000 96 182 37802.48
3.610000 96 183 37361.83
3.610000 96 184 37560.36
3.610000 96 185 36990.00
3.610000 96 186 38281.72
3.610000 96 187 39022.81
3.610000 96 188 39660.22
3.610000 96 189 40425.77
3.610000 96 190 40616.16
3.610000 96 191 39981.90
3.610000 96 192 39822.54
3.610000 96 193 39209.05
3.610000 96 194 38921.47
3.610000 96 195 39126.66
3.610000 96 196 38706.36
3.610000 96 197 39296.98
3.610000 96 198 39788.11
3.610000 96 199 40265.80
