2.320000 32 0 10593.78
2.320000 32 1 8678.90
2.320000 32 2 7171.10
2.320000 32 3 5923.39
2.320000 32 4 4887.42
2.320000 32 5 4083.19
2.320000 32 6 3374.98
2.320000 32 7 2786.57
2.320000 32 8 2294.76
2.320000 32 9 1865.30
2.320000 32 10 1519.05
2.320000 32 11 1241.36
2.320000 32 12 958.61
2.320000 32 13 706.29
2.320000 32 14 454.68
2.320000 32 15 207.83
2.320000 32 16 -9.77
2.320000 32 17 -140.60
2.320000 32 18 -260.97
2.320000 32 19 -344.48
2.320000 32 20 -302.74
2.320000 32 21 -291.40
2.320000 32 22 -310.50
2.320000 32 23 -291.94
2.320000 32 24 -312.51
2.320000 32 25 -315.54
2.320000 32 26 -257.78
2.320000 32 27 -164.37
2.320000 32 28 -70.03
2.320000 32 29 50.89
2.320000 32 30 221.32
2.320000 32 31 335.58
2.320000 32 32 355.33
2.320000 32 33 413.40
2.320000 32 34 407.31
2.320000 32 35 437.84
2.320000 32 36 482.77
2.320000 32 37 535.24
2.320000 32 38 563.23
2.320000 32 39 543.20
2.320000 32 40 550.36
2.320000 32 41 548.59
2.320000 32 42 621.60
2.320000 32 43 684.93
2.320000 32 44 696.61
2.320000 32 45 591.45
2.320000 32 46 510.06
2.320000 32 47 470.33
2.320000 32 48 403.79
2.320000 32 49 364.11
2.320000 32 50 393.71
2.320000 32 51 448.21
2.320000 32 52 448.76
2.320000 32 53 484.55
2.320000 32 54 474.84
2.320000 32 55 421.38
2.320000 32 56 422.74
2.320000 32 57 409.78
2.320000 32 58 346.73
2.320000 32 59 231.18
2.320000 32 60 122.95
2.320000 32 61 24.37
2.320000 32 62 -16.29
2.320000 32 63 -37.42
2.320000 32 64 18.84
2.320000 32 65 74.90
2.320000 32 66 108.20
2.320000 32 67 132.27
2.320000 32 68 146.57
2.320000 32 69 108.11
2.320000 32 70 79.12
2.320000 32 71 110.33
2.320000 32 72 73.03
2.320000 32 73 43.16
2.320000 32 74  6.37
2.320000 32 75 -14.57
2.320000 32 76 -53.07
2.320000 32 77 -30.33
2.320000 32 78 12.49
2.320000 32 79 57.63
2.320000 32 80 198.53
2.320000 32 81 299.30
2.320000 32 82 377.25
2.320000 32 83 373.07
2.320000 32 84 378.06
2.320000 32 85 442.43
2.320000 32 86 476.72
2.320000 32 87 508.81
2.320000 32 88 500.23
2.320000 32 89 477.82
2.320000 32 90 393.19
2.320000 32 91 327.74
2.320000 32 92 311.50
2.320000 32 93 251.38
2.320000 32 94 192.03
2.320000 32 95 138.43
2.320000 32 96 58.12
2.320000 32 97 28.81
2.320000 32 98 46.54
2.320000 32 99 100.13
2.320000 32 100 163.51
2.320000 32 101 222.98
2.320000 32 102 306.54
2.320000 32 103 374.78
2.320000 32 104 413.08
2.320000 32 105 454.44
2.320000 32 106 529.48
2.320000 32 107 568.34
2.320000 32 108 564.17
2.320000 32 109 593.27
2.320000 32 110 561.25
2.320000 32 111 480.52
2.320000 32 112 392.56
2.320000 32 113 285.67
2.320000 32 114 242.83
2.320000 32 115 305.56
2.320000 32 116 325.72
2.320000 32 117 345.25
2.320000 32 118 338.37
2.320000 32 119 325.41
2.320000 32 120 384.25
2.320000 32 121 470.06
2.320000 32 122 568.45
2.320000 32 123 625.67
2.320000 32 124 677.89
2.320000 32 125 665.59
2.320000 32 126 661.70
2.320000 32 127 734.02
2.320000 32 128 727.81
2.320000 32 129 663.24
2.320000 32 130 633.27
2.320000 32 131 575.38
2.320000 32 132 475.52
2.320000 32 133 406.04
2.320000 32 134 365.63
2.320000 32 135 410.48
2.320000 32 136 504.57
2.320000 32 137 583.83
2.320000 32 138 660.49
2.320000 32 139 664.24
2.320000 32 140 693.01
2.320000 32 141 659.93
2.320000 32 142 624.63
2.320000 32 143 561.11
2.320000 32 144 572.35
2.320000 32 145 606.49
2.320000 32 146 598.26
2.320000 32 147 630.52
2.320000 32 148 723.06
2.320000 32 149 833.98
2.320000 32 150 914.09
2.320000 32 151 981.95
2.320000 32 152 1076.13
2.320000 32 153 1154.00
2.320000 32 154 1125.33
2.320000 32 155 1080.66
2.320000 32 156 1057.48
2.320000 32 157 1064.78
2.320000 32 158 1067.14
2.320000 32 159 1068.37
2.320000 32 160 1032.07
2.320000 32 161 975.77
2.320000 32 162 925.60
2.320000 32 163 863.88
2.320000 32 164 798.94
2.320000 32 165 723.71
2.320000 32 166 681.93
2.320000 32 167 624.38
2.320000 32 168 591.67
2.320000 32 169 563.21
2.320000 32 170 560.67
2.320000 32 171 617.66
2.320000 32 172 717.46
2.320000 32 173 775.35
2.320000 32 174 838.15
2.320000 32 175 917.83
2.320000 32 176 967.73
2.320000 32 177 1014.91
2.320000 32 178 1032.33
2.320000 32 179 1044.05
2.320000 32 180 1014.61
2.320000 32 181 1012.57
2.320000 32 182 1032.11
2.320000 32 183 1026.56
2.320000 32 184 1058.08
2.320000 32 185 1058.93
2.320000 32 186 992.48
2.320000 32 187 867.81
2.320000 32 188 797.92
2.320000 32 189 701.24
2.320000 32 190 655.59
2.320000 32 191 613.44
2.320000 32 192 600.69
2.320000 32 193 571.67
2.320000 32 194 563.97
2.320000 32 195 530.02
2.320000 32 196 553.06
2.320000 32 197 517.35
2.320000 32 198 547.22
2.320000 32 199 567.58
