3.610000 64 0 47602.82
3.610000 64 1 36076.92
3.610000 64 2 28183.31
3.610000 64 3 22418.53
3.610000 64 4 17983.23
3.610000 64 5 14437.20
3.610000 64 6 11631.15
3.610000 64 7 9244.23
3.610000 64 8 7166.51
3.610000 64 9 5358.17
3.610000 64 10 3738.30
3.610000 64 11 2274.04
3.610000 64 12 921.60
3.610000 64 13 277.97
3.610000 64 14 -243.39
3.610000 64 15 -732.28
3.610000 64 16 -1092.01
3.610000 64 17 -1661.63
3.610000 64 18 -1871.77
3.610000 64 19 -2098.06
3.610000 64 20 -2020.47
3.610000 64 21 -1768.63
3.610000 64 22 -1441.90
3.610000 64 23 -929.11
3.610000 64 24 -1032.71
3.610000 64 25 -1595.23
3.610000 64 26 -1802.87
3.610000 64 27 -2000.12
3.610000 64 28 -1745.87
3.610000 64 29 -1036.31
3.610000 64 30 -89.65
3.610000 64 31 539.93
3.610000 64 32 873.41
3.610000 64 33 1136.51
3.610000 64 34 1062.22
3.610000 64 35 903.62
3.610000 64 36 730.43
3.610000 64 37 917.76
3.610000 64 38 1490.53
3.610000 64 39 1802.51
3.610000 64 40 2166.74
3.610000 64 41 2180.14
3.610000 64 42 2193.33
3.610000 64 43 2334.46
3.610000 64 44 2692.40
3.610000 64 45 3116.47
3.610000 64 46 3301.25
3.610000 64 47 3619.83
3.610000 64 48 3434.92
3.610000 64 49 2996.33
3.610000 64 50 2297.75
3.610000 64 51 1919.50
3.610000 64 52 1746.48
3.610000 64 53 2119.92
3.610000 64 54 2381.52
3.610000 64 55 2548.86
3.610000 64 56 2875.56
3.610000 64 57 3086.04
3.610000 64 58 3272.92
3.610000 64 59 3634.33
3.610000 64 60 3792.73
3.610000 64 61 3860.63
3.610000 64 62 3541.50
3.610000 64 63 3002.71
3.610000 64 64 2878.01
3.610000 64 65 2731.82
3.610000 64 66 2847.54
3.610000 64 67 2969.15
3.610000 64 68 3027.13
3.610000 64 69 3445.99
3.610000 64 70 4133.55
3.610000 64 71 4837.88
3.610000 64 72 5379.17
3.610000 64 73 6045.70
3.610000 64 74 6355.23
3.610000 64 75 6649.37
3.610000 64 76 6632.26
3.610000 64 77 6557.05
3.610000 64 78 6807.16
3.610000 64 79 7019.85
3.610000 64 80 7423.00
3.610000 64 81 7574.71
3.610000 64 82 7574.74
3.610000 64 83 7340.43
3.610000 64 84 7432.54
3.610000 64 85 7270.87
3.610000 64 86 7340.65
3.610000 64 87 7540.03
3.610000 64 88 7496.28
3.610000 64 89 7312.61
3.610000 64 90 6785.75
3.610000 64 91 6572.96
3.610000 64 92 6229.74
3.610000 64 93 6031.48
3.610000 64 94 6052.45
3.610000 64 95 5852.69
3.610000 64 96 6076.39
3.610000 64 97 6035.32
3.610000 64 98 5890.65
3.610000 64 99 5582.05
3.610000 64 100 5172.89
3.610000 64 101 4929.62
3.610000 64 102 4807.75
3.610000 64 103 4536.12
3.610000 64 104 4295.96
3.610000 64 105 4088.03
3.610000 64 106 3630.96
3.610000 64 107 3431.30
3.610000 64 108 3448.82
3.610000 64 109 3248.94
3.610000 64 110 3011.02
3.610000 64 111 3034.42
3.610000 64 112 3385.08
3.610000 64 113 3877.80
3.610000 64 114 4182.54
3.610000 64 115 4183.82
3.610000 64 116 4343.14
3.610000 64 117 4746.75
3.610000 64 118 5379.98
3.610000 64 119 5517.69
3.610000 64 120 5605.94
3.610000 64 121 5652.85
3.610000 64 122 5632.34
3.610000 64 123 6075.79
3.610000 64 124 6257.04
3.610000 64 125 6301.73
3.610000 64 126 6522.72
3.610000 64 127 6675.55
3.610000 64 128 7144.15
3.610000 64 129 7621.03
3.610000 64 130 7494.26
3.610000 64 131 7298.52
3.610000 64 132 7714.43
3.610000 64 133 7682.08
3.610000 64 134 7688.71
3.610000 64 135 7418.58
3.610000 64 136 7170.14
3.610000 64 137 7217.82
3.610000 64 138 7175.75
3.610000 64 139 7232.81
3.610000 64 140 7217.38
3.610000 64 141 7006.00
3.610000 64 142 6900.42
3.610000 64 143 6474.80
3.610000 64 144 6693.55
3.610000 64 145 6800.28
3.610000 64 146 7140.85
3.610000 64 147 6963.13
3.610000 64 148 6708.11
3.610000 64 149 6699.35
3.610000 64 150 6500.49
3.610000 64 151 6388.81
3.610000 64 152 6341.23
3.610000 64 153 6215.60
3.610000 64 154 6397.85
3.610000 64 155 6284.01
3.610000 64 156 6203.73
3.610000 64 157 6267.02
3.610000 64 158 6414.68
3.610000 64 159 6438.07
3.610000 64 160 6317.00
3.610000 64 161 6531.56
3.610000 64 162 6658.12
3.610000 64 163 6691.38
3.610000 64 164 6878.03
3.610000 64 165 6981.17
3.610000 64 166 7001.32
3.610000 64 167 6516.14
3.610000 64 168 6326.11
3.610000 64 169 6013.95
3.610000 64 170 6142.40
3.610000 64 171 6362.52
3.610000 64 172 6380.59
3.610000 64 173 6060.20
3.610000 64 174 5467.96
3.610000 64 175 4615.19
3.610000 64 176 3943.31
3.610000 64 177 3723.23
3.610000 64 178 3421.75
3.610000 64 179 3500.60
3.610000 64 180 3835.53
3.610000 64 181 3974.56
3.610000 64 182 3603.71
3.610000 64 183 3568.68
3.610000 64 184 3446.29
3.610000 64 185 3134.06
3.610000 64 186 2713.37
3.610000 64 187 2611.22
3.610000 64 188 2765.58
3.610000 64 189 2744.10
3.610000 64 190 2877.03
3.610000 64 191 2888.06
3.610000 64 192 2858.86
3.610000 64 193 2700.65
3.610000 64 194 2890.89
3.610000 64 195 3112.95
3.610000 64 196 3256.68
3.610000 64 197 3719.98
3.610000 64 198 3625.65
3.610000 64 199 3760.83
