3.638000 16 0 5150.20
3.638000 16 1 3367.48
3.638000 16 2 2272.01
3.638000 16 3 1562.89
3.638000 16 4 1086.91
3.638000 16 5 756.67
3.638000 16 6 531.96
3.638000 16 7 397.66
3.638000 16 8 280.95
3.638000 16 9 189.12
3.638000 16 10 133.52
3.638000 16 11 99.31
3.638000 16 12 70.21
3.638000 16 13 42.65
3.638000 16 14 36.50
3.638000 16 15 31.24
3.638000 16 16 22.56
3.638000 16 17  7.84
3.638000 16 18  6.76
3.638000 16 19  1.62
3.638000 16 20  2.10
3.638000 16 21 -3.82
3.638000 16 22 -17.36
3.638000 16 23 -29.63
3.638000 16 24 -28.58
3.638000 16 25 -29.58
3.638000 16 26 -49.04
3.638000 16 27 -53.31
3.638000 16 28 -52.31
3.638000 16 29 -59.37
3.638000 16 30 -53.63
3.638000 16 31 -44.53
3.638000 16 32 -39.65
3.638000 16 33 -40.55
3.638000 16 34 -22.85
3.638000 16 35 -9.90
3.638000 16 36  2.92
3.638000 16 37  2.42
3.638000 16 38  4.36
3.638000 16 39  4.56
3.638000 16 40 13.27
3.638000 16 41 16.44
3.638000 16 42 -2.38
3.638000 16 43 -30.72
3.638000 16 44 -20.17
3.638000 16 45 -8.38
3.638000 16 46 -7.30
3.638000 16 47 -5.68
3.638000 16 48 -4.83
3.638000 16 49 -8.75
3.638000 16 50 -6.85
3.638000 16 51 -23.03
3.638000 16 52 -19.24
3.638000 16 53 -23.96
3.638000 16 54 -17.78
3.638000 16 55 11.06
3.638000 16 56 16.60
3.638000 16 57  9.20
3.638000 16 58 14.88
3.638000 16 59 11.85
3.638000 16 60 16.08
3.638000 16 61 36.02
3.638000 16 62 31.10
3.638000 16 63 18.28
3.638000 16 64  7.00
3.638000 16 65 -0.40
3.638000 16 66  2.88
3.638000 16 67 -6.08
3.638000 16 68 10.20
3.638000 16 69 29.28
3.638000 16 70 42.22
3.638000 16 71 33.24
3.638000 16 72 27.35
3.638000 16 73 26.11
3.638000 16 74 15.21
3.638000 16 75  0.19
3.638000 16 76 -11.82
3.638000 16 77 -25.46
3.638000 16 78 -37.94
3.638000 16 79 -27.87
3.638000 16 80 -26.57
3.638000 16 81 -22.33
3.638000 16 82 -14.67
3.638000 16 83 -18.12
3.638000 16 84 -26.17
3.638000 16 85 -35.58
3.638000 16 86 -35.36
3.638000 16 87 -28.19
3.638000 16 88 -30.78
3.638000 16 89 -26.70
3.638000 16 90 -36.77
3.638000 16 91 -45.21
3.638000 16 92 -46.11
3.638000 16 93 -31.91
3.638000 16 94 -26.64
3.638000 16 95 -23.79
3.638000 16 96 -29.56
3.638000 16 97 -35.76
3.638000 16 98 -41.39
3.638000 16 99 -41.48
3.638000 16 100 -47.98
3.638000 16 101 -31.22
3.638000 16 102 -48.01
3.638000 16 103 -45.66
3.638000 16 104 -47.87
3.638000 16 105 -63.07
3.638000 16 106 -58.19
3.638000 16 107 -51.20
3.638000 16 108 -36.32
3.638000 16 109 -14.34
3.638000 16 110 -4.79
3.638000 16 111 -6.91
3.638000 16 112  2.81
3.638000 16 113 -4.56
3.638000 16 114 -2.86
3.638000 16 115 -20.80
3.638000 16 116 -19.66
3.638000 16 117 -7.97
3.638000 16 118 -3.94
3.638000 16 119 -1.75
3.638000 16 120 -2.56
3.638000 16 121  0.32
3.638000 16 122  2.70
3.638000 16 123  0.07
3.638000 16 124  4.76
3.638000 16 125  3.98
3.638000 16 126 -7.57
3.638000 16 127 -8.86
3.638000 16 128 -12.86
3.638000 16 129 -26.41
3.638000 16 130 -29.70
3.638000 16 131 -40.61
3.638000 16 132 -39.85
3.638000 16 133 -37.85
3.638000 16 134 -32.62
3.638000 16 135 -21.55
3.638000 16 136 -15.79
3.638000 16 137  2.08
3.638000 16 138  3.61
3.638000 16 139 -1.81
3.638000 16 140 -20.61
3.638000 16 141 -14.21
3.638000 16 142 -26.36
3.638000 16 143 -25.84
3.638000 16 144 -20.62
3.638000 16 145 -9.20
3.638000 16 146 -28.81
3.638000 16 147 -39.95
3.638000 16 148 -35.10
3.638000 16 149 -30.10
3.638000 16 150 -24.27
3.638000 16 151 -26.71
3.638000 16 152 -17.68
3.638000 16 153 -21.28
3.638000 16 154 -28.18
3.638000 16 155 -34.66
3.638000 16 156 -42.43
3.638000 16 157 -44.51
3.638000 16 158 -51.66
3.638000 16 159 -33.34
3.638000 16 160 -18.45
3.638000 16 161 -17.54
3.638000 16 162 -14.22
3.638000 16 163 -17.25
3.638000 16 164 -28.86
3.638000 16 165 -19.61
3.638000 16 166 -14.38
3.638000 16 167 -29.86
3.638000 16 168 -33.56
3.638000 16 169 -34.53
3.638000 16 170 -30.15
3.638000 16 171 -27.15
3.638000 16 172 -25.69
3.638000 16 173 -25.57
3.638000 16 174 -37.21
3.638000 16 175 -40.39
3.638000 16 176 -50.21
3.638000 16 177 -40.04
3.638000 16 178 -20.79
3.638000 16 179 -20.64
3.638000 16 180 -11.51
3.638000 16 181 -15.18
3.638000 16 182 -21.67
3.638000 16 183 -16.67
3.638000 16 184 -12.23
3.638000 16 185 -25.35
3.638000 16 186 -49.00
3.638000 16 187 -33.32
3.638000 16 188 -22.38
3.638000 16 189 -19.47
3.638000 16 190 -18.31
3.638000 16 191 -26.06
3.638000 16 192 -28.22
3.638000 16 193 -34.65
3.638000 16 194 -41.51
3.638000 16 195 -29.52
3.638000 16 196 -18.89
3.638000 16 197 -3.78
3.638000 16 198  1.09
3.638000 16 199 14.90
