3.600000 16 0 4800.55
3.600000 16 1 3000.00
3.600000 16 2 1943.22
3.600000 16 3 1289.96
3.600000 16 4 873.34
3.600000 16 5 587.69
3.600000 16 6 404.53
3.600000 16 7 288.34
3.600000 16 8 195.62
3.600000 16 9 129.52
3.600000 16 10 76.53
3.600000 16 11 56.78
3.600000 16 12 53.78
3.600000 16 13 56.51
3.600000 16 14 71.59
3.600000 16 15 63.96
3.600000 16 16 44.63
3.600000 16 17 24.15
3.600000 16 18  1.36
3.600000 16 19 -12.11
3.600000 16 20 -6.73
3.600000 16 21 -11.06
3.600000 16 22 -16.52
3.600000 16 23 -11.23
3.600000 16 24 -12.45
3.600000 16 25 -0.08
3.600000 16 26 10.46
3.600000 16 27 17.32
3.600000 16 28 11.37
3.600000 16 29  3.70
3.600000 16 30 -7.16
3.600000 16 31 -16.19
3.600000 16 32 -13.18
3.600000 16 33 -5.19
3.600000 16 34  6.28
3.600000 16 35 12.72
3.600000 16 36  0.19
3.600000 16 37 -19.87
3.600000 16 38 -21.04
3.600000 16 39 -25.77
3.600000 16 40 -24.33
3.600000 16 41 -24.02
3.600000 16 42 -6.33
3.600000 16 43 -8.23
3.600000 16 44 -13.16
3.600000 16 45 -24.43
3.600000 16 46 -11.65
3.600000 16 47 -11.69
3.600000 16 48  2.68
3.600000 16 49 16.42
3.600000 16 50 28.68
3.600000 16 51 29.88
3.600000 16 52 22.52
3.600000 16 53  6.04
3.600000 16 54 -12.12
3.600000 16 55 -15.64
3.600000 16 56 -11.91
3.600000 16 57 -5.20
3.600000 16 58 -3.35
3.600000 16 59 -9.86
3.600000 16 60 -8.04
3.600000 16 61 -10.67
3.600000 16 62 -20.45
3.600000 16 63 -22.07
3.600000 16 64 -13.52
3.600000 16 65 -20.42
3.600000 16 66 -14.88
3.600000 16 67 -21.75
3.600000 16 68 -31.10
3.600000 16 69 -23.08
3.600000 16 70 -17.71
3.600000 16 71 -7.06
3.600000 16 72 11.06
3.600000 16 73  9.14
3.600000 16 74 13.36
3.600000 16 75  7.31
3.600000 16 76 -0.14
3.600000 16 77  4.06
3.600000 16 78 13.17
3.600000 16 79 23.71
3.600000 16 80 30.99
3.600000 16 81 34.48
3.600000 16 82 30.39
3.600000 16 83 33.63
3.600000 16 84 20.78
3.600000 16 85 18.36
3.600000 16 86 15.93
3.600000 16 87 20.92
3.600000 16 88 20.27
3.600000 16 89  7.91
3.600000 16 90  7.57
3.600000 16 91 13.01
3.600000 16 92 20.03
3.600000 16 93 25.22
3.600000 16 94 36.54
3.600000 16 95 37.97
3.600000 16 96 39.10
3.600000 16 97 46.75
3.600000 16 98 48.76
3.600000 16 99 56.57
3.600000 16 100 44.91
3.600000 16 101 33.39
3.600000 16 102 26.51
3.600000 16 103 24.68
3.600000 16 104 42.11
3.600000 16 105 24.11
3.600000 16 106 27.25
3.600000 16 107 25.55
3.600000 16 108 31.94
3.600000 16 109 33.26
3.600000 16 110 35.49
3.600000 16 111 30.44
3.600000 16 112 32.11
3.600000 16 113 34.75
3.600000 16 114 41.44
3.600000 16 115 44.13
3.600000 16 116 40.23
3.600000 16 117 44.51
3.600000 16 118 43.62
3.600000 16 119 40.21
3.600000 16 120 33.27
3.600000 16 121 27.68
3.600000 16 122 18.68
3.600000 16 123  1.47
3.600000 16 124 -11.45
3.600000 16 125 -17.10
3.600000 16 126 -16.07
3.600000 16 127 -17.47
3.600000 16 128 -2.19
3.600000 16 129 -1.13
3.600000 16 130 -2.46
3.600000 16 131 -3.84
3.600000 16 132 -3.87
3.600000 16 133 -4.28
3.600000 16 134 -23.40
3.600000 16 135 -33.33
3.600000 16 136 -23.69
3.600000 16 137 -2.35
3.600000 16 138 -0.27
3.600000 16 139 -4.83
3.600000 16 140 -14.19
3.600000 16 141 -19.70
3.600000 16 142 -46.21
3.600000 16 143 -50.64
3.600000 16 144 -46.67
3.600000 16 145 -31.37
3.600000 16 146 -19.07
3.600000 16 147 -12.96
3.600000 16 148 -13.68
3.600000 16 149  0.95
3.600000 16 150 15.65
3.600000 16 151 14.14
3.600000 16 152 17.81
3.600000 16 153 12.12
3.600000 16 154 24.70
3.600000 16 155 16.41
3.600000 16 156 25.32
3.600000 16 157 34.64
3.600000 16 158 33.33
3.600000 16 159 31.96
3.600000 16 160 24.68
3.600000 16 161  9.85
3.600000 16 162 30.23
3.600000 16 163 26.41
3.600000 16 164 37.08
3.600000 16 165 36.75
3.600000 16 166 39.91
3.600000 16 167 21.26
3.600000 16 168 24.83
3.600000 16 169 26.14
3.600000 16 170  8.05
3.600000 16 171 -12.61
3.600000 16 172 -28.47
3.600000 16 173 -34.04
3.600000 16 174 -36.49
3.600000 16 175 -38.36
3.600000 16 176 -17.33
3.600000 16 177  2.70
3.600000 16 178 16.41
3.600000 16 179 27.76
3.600000 16 180 34.19
3.600000 16 181 34.28
3.600000 16 182 29.44
3.600000 16 183 12.92
3.600000 16 184  5.02
3.600000 16 185  6.88
3.600000 16 186 -1.66
3.600000 16 187 -6.23
3.600000 16 188 -2.20
3.600000 16 189 -10.63
3.600000 16 190 -17.51
3.600000 16 191 -19.04
3.600000 16 192 -8.21
3.600000 16 193 -9.24
3.600000 16 194  1.56
3.600000 16 195 -10.00
3.600000 16 196 -14.26
3.600000 16 197 -20.14
3.600000 16 198 -13.24
3.600000 16 199  4.63
