3.630000 96 0 275291.01
3.630000 96 1 224859.31
3.630000 96 2 186282.85
3.630000 96 3 155727.36
3.630000 96 4 130954.29
3.630000 96 5 110207.88
3.630000 96 6 93170.95
3.630000 96 7 78829.55
3.630000 96 8 66596.96
3.630000 96 9 56835.47
3.630000 96 10 48531.55
3.630000 96 11 41553.42
3.630000 96 12 36250.87
3.630000 96 13 31490.87
3.630000 96 14 27211.12
3.630000 96 15 23676.72
3.630000 96 16 21260.18
3.630000 96 17 18791.25
3.630000 96 18 17012.33
3.630000 96 19 15078.95
3.630000 96 20 13336.80
3.630000 96 21 11577.07
3.630000 96 22 10435.87
3.630000 96 23 9078.30
3.630000 96 24 7822.06
3.630000 96 25 6414.63
3.630000 96 26 5066.29
3.630000 96 27 4086.46
3.630000 96 28 3173.63
3.630000 96 29 2509.24
3.630000 96 30 2019.29
3.630000 96 31 1055.47
3.630000 96 32 61.27
3.630000 96 33 -170.82
3.630000 96 34 -170.10
3.630000 96 35 204.75
3.630000 96 36 358.45
3.630000 96 37 499.37
3.630000 96 38 532.64
3.630000 96 39 327.98
3.630000 96 40 476.06
3.630000 96 41 629.55
3.630000 96 42 890.95
3.630000 96 43 1170.66
3.630000 96 44 1616.79
3.630000 96 45 2096.12
3.630000 96 46 2513.89
3.630000 96 47 3018.92
3.630000 96 48 3329.56
3.630000 96 49 3206.59
3.630000 96 50 3053.28
3.630000 96 51 2767.95
3.630000 96 52 2117.20
3.630000 96 53 1716.86
3.630000 96 54 1378.42
3.630000 96 55 1365.91
3.630000 96 56 1209.84
3.630000 96 57 1503.45
3.630000 96 58 1430.47
3.630000 96 59 1450.13
3.630000 96 60 1370.83
3.630000 96 61 1219.04
3.630000 96 62 617.85
3.630000 96 63 145.26
3.630000 96 64 62.29
3.630000 96 65 -528.69
3.630000 96 66 -1209.96
3.630000 96 67 -1758.85
3.630000 96 68 -2398.72
3.630000 96 69 -2873.71
3.630000 96 70 -3291.95
3.630000 96 71 -3795.51
3.630000 96 72 -3936.58
3.630000 96 73 -4228.88
3.630000 96 74 -4164.84
3.630000 96 75 -3748.38
3.630000 96 76 -3822.07
3.630000 96 77 -4025.54
3.630000 96 78 -4130.25
3.630000 96 79 -4526.91
3.630000 96 80 -4879.70
3.630000 96 81 -4922.01
3.630000 96 82 -5198.61
3.630000 96 83 -5473.93
3.630000 96 84 -5619.73
3.630000 96 85 -5414.78
3.630000 96 86 -5199.72
3.630000 96 87 -4793.21
3.630000 96 88 -4999.87
3.630000 96 89 -5190.71
3.630000 96 90 -5672.47
3.630000 96 91 -5730.60
3.630000 96 92 -5773.88
3.630000 96 93 -5195.09
3.630000 96 94 -3859.15
3.630000 96 95 -2605.32
3.630000 96 96 -1246.21
3.630000 96 97 173.64
3.630000 96 98 938.22
3.630000 96 99 1384.31
3.630000 96 100 1973.62
3.630000 96 101 2552.06
3.630000 96 102 2823.38
3.630000 96 103 2968.33
3.630000 96 104 3283.75
3.630000 96 105 3647.93
3.630000 96 106 4192.27
3.630000 96 107 4592.78
3.630000 96 108 4352.79
3.630000 96 109 4069.39
3.630000 96 110 3770.79
3.630000 96 111 4172.45
3.630000 96 112 4086.67
3.630000 96 113 4271.53
3.630000 96 114 4041.38
3.630000 96 115 4028.22
3.630000 96 116 3815.29
3.630000 96 117 3460.92
3.630000 96 118 3230.67
3.630000 96 119 2870.37
3.630000 96 120 2615.82
3.630000 96 121 2841.67
3.630000 96 122 2868.95
3.630000 96 123 2593.91
3.630000 96 124 2453.99
3.630000 96 125 2604.66
3.630000 96 126 2713.84
3.630000 96 127 2661.38
3.630000 96 128 2243.19
3.630000 96 129 1925.40
3.630000 96 130 2019.90
3.630000 96 131 2162.98
3.630000 96 132 2644.02
3.630000 96 133 3321.92
3.630000 96 134 3464.02
3.630000 96 135 3502.06
3.630000 96 136 3853.32
3.630000 96 137 4736.68
3.630000 96 138 5676.91
3.630000 96 139 6276.42
3.630000 96 140 6909.85
3.630000 96 141 7252.14
3.630000 96 142 7406.47
3.630000 96 143 7696.98
3.630000 96 144 7908.47
3.630000 96 145 7979.11
3.630000 96 146 7813.27
3.630000 96 147 7429.06
3.630000 96 148 7454.51
3.630000 96 149 7477.82
3.630000 96 150 7785.24
3.630000 96 151 7665.75
3.630000 96 152 7966.00
3.630000 96 153 8133.98
3.630000 96 154 8604.26
3.630000 96 155 9054.03
3.630000 96 156 8643.82
3.630000 96 157 8419.55
3.630000 96 158 7771.50
3.630000 96 159 7054.22
3.630000 96 160 7251.38
3.630000 96 161 7031.90
3.630000 96 162 7232.62
3.630000 96 163 7378.65
3.630000 96 164 7462.59
3.630000 96 165 7840.07
3.630000 96 166 8624.48
3.630000 96 167 8965.50
3.630000 96 168 9526.67
3.630000 96 169 9373.82
3.630000 96 170 8939.23
3.630000 96 171 8212.25
3.630000 96 172 7442.51
3.630000 96 173 7103.24
3.630000 96 174 6827.83
3.630000 96 175 6793.56
3.630000 96 176 7052.52
3.630000 96 177 7052.39
3.630000 96 178 7773.18
3.630000 96 179 8247.84
3.630000 96 180 8742.56
3.630000 96 181 9096.00
3.630000 96 182 9034.63
3.630000 96 183 8731.86
3.630000 96 184 8601.87
3.630000 96 185 8924.04
3.630000 96 186 9523.35
3.630000 96 187 9606.23
3.630000 96 188 10140.64
3.630000 96 189 10497.41
3.630000 96 190 10557.85
3.630000 96 191 10463.38
3.630000 96 192 10410.43
3.630000 96 193 10330.61
3.630000 96 194 10166.53
3.630000 96 195 10054.46
3.630000 96 196 9726.18
3.630000 96 197 9606.95
3.630000 96 198 9284.96
3.630000 96 199 9157.14
