3.480000 32 0 15620.36
3.480000 32 1 8681.73
3.480000 32 2 4927.54
3.480000 32 3 2853.03
3.480000 32 4 1673.37
3.480000 32 5 930.46
3.480000 32 6 543.69
3.480000 32 7 293.37
3.480000 32 8 133.12
3.480000 32 9 37.71
3.480000 32 10  3.44
3.480000 32 11 -33.31
3.480000 32 12 -28.39
3.480000 32 13 -56.79
3.480000 32 14 -83.43
3.480000 32 15 -108.88
3.480000 32 16 -136.12
3.480000 32 17 -132.75
3.480000 32 18 -44.24
3.480000 32 19 -11.65
3.480000 32 20 -14.67
3.480000 32 21 51.13
3.480000 32 22 29.70
3.480000 32 23 -7.24
3.480000 32 24 15.19
3.480000 32 25 33.25
3.480000 32 26 77.40
3.480000 32 27 120.76
3.480000 32 28 100.81
3.480000 32 29 48.46
3.480000 32 30 68.37
3.480000 32 31 72.03
3.480000 32 32 62.25
3.480000 32 33  2.01
3.480000 32 34 -40.87
3.480000 32 35 -69.82
3.480000 32 36 -57.26
3.480000 32 37 -84.15
3.480000 32 38 -83.83
3.480000 32 39 -46.66
3.480000 32 40 -60.01
3.480000 32 41 -36.36
3.480000 32 42 -31.10
3.480000 32 43 -17.69
3.480000 32 44 18.64
3.480000 32 45  4.06
3.480000 32 46  6.63
3.480000 32 47 78.78
3.480000 32 48 108.19
3.480000 32 49 142.10
3.480000 32 50 151.13
3.480000 32 51 172.87
3.480000 32 52 141.98
3.480000 32 53 165.11
3.480000 32 54 115.14
3.480000 32 55 60.87
3.480000 32 56 -28.13
3.480000 32 57 36.71
3.480000 32 58 44.64
3.480000 32 59 22.89
3.480000 32 60 15.15
3.480000 32 61 -4.08
3.480000 32 62 42.38
3.480000 32 63 88.72
3.480000 32 64 82.01
3.480000 32 65 93.84
3.480000 32 66 62.87
3.480000 32 67 40.18
3.480000 32 68 112.53
3.480000 32 69 72.24
3.480000 32 70 24.29
3.480000 32 71  5.15
3.480000 32 72 22.39
3.480000 32 73 -20.03
3.480000 32 74 -16.56
3.480000 32 75 56.28
3.480000 32 76 11.45
3.480000 32 77 14.32
3.480000 32 78 80.82
3.480000 32 79 126.95
3.480000 32 80 83.89
3.480000 32 81 40.71
3.480000 32 82 32.78
3.480000 32 83 27.35
3.480000 32 84 -43.73
3.480000 32 85 -31.98
3.480000 32 86 57.48
3.480000 32 87 127.91
3.480000 32 88 102.06
3.480000 32 89 142.50
3.480000 32 90 146.23
3.480000 32 91 174.12
3.480000 32 92 211.97
3.480000 32 93 235.32
3.480000 32 94 300.54
3.480000 32 95 254.61
3.480000 32 96 197.69
3.480000 32 97 216.21
3.480000 32 98 161.45
3.480000 32 99 134.19
3.480000 32 100 129.25
3.480000 32 101 80.33
3.480000 32 102  0.24
3.480000 32 103 -8.18
3.480000 32 104 59.22
3.480000 32 105 123.74
3.480000 32 106 117.32
3.480000 32 107 101.71
3.480000 32 108 68.97
3.480000 32 109 67.57
3.480000 32 110 39.45
3.480000 32 111 55.04
3.480000 32 112 102.70
3.480000 32 113 113.82
3.480000 32 114 112.56
3.480000 32 115 81.84
3.480000 32 116 28.72
3.480000 32 117 21.80
3.480000 32 118 61.31
3.480000 32 119 41.04
3.480000 32 120 42.16
3.480000 32 121 43.29
3.480000 32 122 120.76
3.480000 32 123 147.63
3.480000 32 124 188.75
3.480000 32 125 178.21
3.480000 32 126 235.14
3.480000 32 127 222.49
3.480000 32 128 146.53
3.480000 32 129 120.29
3.480000 32 130 141.14
3.480000 32 131 140.02
3.480000 32 132 154.29
3.480000 32 133 152.81
3.480000 32 134 211.63
3.480000 32 135 201.88
3.480000 32 136 167.07
3.480000 32 137 149.66
3.480000 32 138 121.62
3.480000 32 139 85.27
3.480000 32 140 108.47
3.480000 32 141 192.12
3.480000 32 142 225.52
3.480000 32 143 275.14
3.480000 32 144 323.47
3.480000 32 145 320.49
3.480000 32 146 231.11
3.480000 32 147 230.42
3.480000 32 148 217.65
3.480000 32 149 205.64
3.480000 32 150 177.25
3.480000 32 151 141.50
3.480000 32 152 133.37
3.480000 32 153 164.84
3.480000 32 154 191.56
3.480000 32 155 219.64
3.480000 32 156 188.25
3.480000 32 157 181.61
3.480000 32 158 152.30
3.480000 32 159 153.92
3.480000 32 160 155.03
3.480000 32 161 90.89
3.480000 32 162 106.13
3.480000 32 163 77.73
3.480000 32 164 38.94
3.480000 32 165 48.39
3.480000 32 166 40.01
3.480000 32 167 46.57
3.480000 32 168 107.53
3.480000 32 169 125.08
3.480000 32 170 200.22
3.480000 32 171 229.79
3.480000 32 172 251.47
3.480000 32 173 254.53
3.480000 32 174 248.92
3.480000 32 175 236.95
3.480000 32 176 287.62
3.480000 32 177 317.84
3.480000 32 178 325.68
3.480000 32 179 277.86
3.480000 32 180 215.39
3.480000 32 181 144.05
3.480000 32 182 102.78
3.480000 32 183 137.59
3.480000 32 184 140.54
3.480000 32 185 67.14
3.480000 32 186 125.11
3.480000 32 187 135.37
3.480000 32 188 210.17
3.480000 32 189 269.01
3.480000 32 190 209.95
3.480000 32 191 207.27
3.480000 32 192 283.90
3.480000 32 193 324.34
3.480000 32 194 328.12
3.480000 32 195 242.28
3.480000 32 196 209.87
3.480000 32 197 167.23
3.480000 32 198 100.65
3.480000 32 199 45.41
