3.480000 48 0 34842.27
3.480000 48 1 19295.91
3.480000 48 2 11088.84
3.480000 48 3 6492.91
3.480000 48 4 3837.56
3.480000 48 5 2283.05
3.480000 48 6 1363.22
3.480000 48 7 818.65
3.480000 48 8 480.00
3.480000 48 9 364.60
3.480000 48 10 240.39
3.480000 48 11 185.36
3.480000 48 12  7.94
3.480000 48 13 -107.46
3.480000 48 14 -166.49
3.480000 48 15 -96.09
3.480000 48 16 145.70
3.480000 48 17 165.26
3.480000 48 18 204.81
3.480000 48 19 225.28
3.480000 48 20 108.03
3.480000 48 21 66.16
3.480000 48 22 196.79
3.480000 48 23 283.41
3.480000 48 24 323.11
3.480000 48 25 194.82
3.480000 48 26 142.33
3.480000 48 27 -19.20
3.480000 48 28 49.02
3.480000 48 29 232.34
3.480000 48 30 149.72
3.480000 48 31 32.43
3.480000 48 32 -180.07
3.480000 48 33 -85.41
3.480000 48 34 -28.98
3.480000 48 35 -2.96
3.480000 48 36 193.91
3.480000 48 37 217.49
3.480000 48 38 96.00
3.480000 48 39 70.49
3.480000 48 40 14.31
3.480000 48 41 64.60
3.480000 48 42 322.45
3.480000 48 43 281.53
3.480000 48 44 201.49
3.480000 48 45 96.71
3.480000 48 46 92.41
3.480000 48 47 10.63
3.480000 48 48 -4.59
3.480000 48 49 -4.93
3.480000 48 50 -114.77
3.480000 48 51 -31.74
3.480000 48 52 66.26
3.480000 48 53 41.84
3.480000 48 54 32.59
3.480000 48 55 -21.40
3.480000 48 56 -48.47
3.480000 48 57 -44.12
3.480000 48 58 31.38
3.480000 48 59 33.01
3.480000 48 60 -111.63
3.480000 48 61 -212.99
3.480000 48 62 -123.17
3.480000 48 63 -82.24
3.480000 48 64 -179.00
3.480000 48 65 -329.47
3.480000 48 66 -317.66
3.480000 48 67 -174.03
3.480000 48 68 -88.13
3.480000 48 69 -154.81
3.480000 48 70 -138.16
3.480000 48 71 -110.10
3.480000 48 72 -76.41
3.480000 48 73 53.09
3.480000 48 74 107.52
3.480000 48 75 73.75
3.480000 48 76 -3.35
3.480000 48 77 -270.60
3.480000 48 78 -93.04
3.480000 48 79 -70.74
3.480000 48 80 -86.19
3.480000 48 81 -73.02
3.480000 48 82 27.65
3.480000 48 83 89.68
3.480000 48 84 130.52
3.480000 48 85 148.79
3.480000 48 86 -44.02
3.480000 48 87 -266.90
3.480000 48 88 -326.24
3.480000 48 89 -299.64
3.480000 48 90 -353.05
3.480000 48 91 -154.60
3.480000 48 92 -82.93
3.480000 48 93 113.61
3.480000 48 94 241.56
3.480000 48 95 244.78
3.480000 48 96 297.98
3.480000 48 97 215.25
3.480000 48 98 116.22
3.480000 48 99 97.09
3.480000 48 100 10.18
3.480000 48 101  3.99
3.480000 48 102 100.94
3.480000 48 103 72.08
3.480000 48 104 103.46
3.480000 48 105 262.42
3.480000 48 106 257.08
3.480000 48 107 190.05
3.480000 48 108 71.62
3.480000 48 109 51.09
3.480000 48 110 -6.18
3.480000 48 111 19.20
3.480000 48 112  4.75
3.480000 48 113 122.15
3.480000 48 114 239.25
3.480000 48 115 295.82
3.480000 48 116 270.23
3.480000 48 117 224.05
3.480000 48 118 131.37
3.480000 48 119 116.91
3.480000 48 120 23.59
3.480000 48 121  6.00
3.480000 48 122 55.27
3.480000 48 123 146.49
3.480000 48 124 213.28
3.480000 48 125 267.94
3.480000 48 126 222.97
3.480000 48 127 268.28
3.480000 48 128 242.96
3.480000 48 129 237.68
3.480000 48 130 271.46
3.480000 48 131 201.59
3.480000 48 132 114.51
3.480000 48 133  5.96
3.480000 48 134 -94.56
3.480000 48 135 -107.43
3.480000 48 136 -164.03
3.480000 48 137 -179.02
3.480000 48 138 -138.52
3.480000 48 139 -96.83
3.480000 48 140 -50.22
3.480000 48 141 -6.02
3.480000 48 142 -42.88
3.480000 48 143 -47.21
3.480000 48 144 -171.47
3.480000 48 145 -211.66
3.480000 48 146 -181.11
3.480000 48 147 -205.78
3.480000 48 148 -325.82
3.480000 48 149 -303.94
3.480000 48 150 -173.83
3.480000 48 151 -150.69
3.480000 48 152 -221.84
3.480000 48 153 -216.22
3.480000 48 154 -44.31
3.480000 48 155 68.45
3.480000 48 156 206.99
3.480000 48 157 190.17
3.480000 48 158  1.94
3.480000 48 159 -114.02
3.480000 48 160 -177.70
3.480000 48 161 -63.67
3.480000 48 162 136.56
3.480000 48 163 201.87
3.480000 48 164 206.82
3.480000 48 165 248.44
3.480000 48 166 288.90
3.480000 48 167 79.60
3.480000 48 168 51.04
3.480000 48 169 -71.40
3.480000 48 170 -226.42
3.480000 48 171 -273.81
3.480000 48 172 -259.32
3.480000 48 173 -280.76
3.480000 48 174 -291.45
3.480000 48 175 -442.19
3.480000 48 176 -505.72
3.480000 48 177 -389.87
3.480000 48 178 -251.54
3.480000 48 179 -219.04
3.480000 48 180 -301.28
3.480000 48 181 -323.52
3.480000 48 182 -307.75
3.480000 48 183 -334.40
3.480000 48 184 -511.45
3.480000 48 185 -482.87
3.480000 48 186 -545.46
3.480000 48 187 -545.84
3.480000 48 188 -460.46
3.480000 48 189 -310.66
3.480000 48 190 -211.04
3.480000 48 191 -293.71
3.480000 48 192 -263.13
3.480000 48 193 -201.40
3.480000 48 194 -253.88
3.480000 48 195 -151.83
3.480000 48 196 -164.90
3.480000 48 197 -116.27
3.480000 48 198 -186.00
3.480000 48 199 -262.98
