3.639000 128 0 250097.20
3.639000 128 1 213139.96
3.639000 128 2 183741.36
3.639000 128 3 159100.57
3.639000 128 4 139628.86
3.639000 128 5 123723.94
3.639000 128 6 111113.58
3.639000 128 7 99642.12
3.639000 128 8 89641.03
3.639000 128 9 80561.86
3.639000 128 10 71051.02
3.639000 128 11 63742.19
3.639000 128 12 57315.30
3.639000 128 13 51245.87
3.639000 128 14 45891.58
3.639000 128 15 39397.67
3.639000 128 16 33362.04
3.639000 128 17 27889.98
3.639000 128 18 23645.30
3.639000 128 19 18762.87
3.639000 128 20 13206.38
3.639000 128 21 5464.74
3.639000 128 22 2864.65
3.639000 128 23 -697.35
3.639000 128 24 -3522.70
3.639000 128 25 -7282.67
3.639000 128 26 -10365.12
3.639000 128 27 -13153.70
3.639000 128 28 -14894.62
3.639000 128 29 -15573.97
3.639000 128 30 -19051.84
3.639000 128 31 -20783.82
3.639000 128 32 -22276.76
3.639000 128 33 -24253.97
3.639000 128 34 -25914.10
3.639000 128 35 -27966.98
3.639000 128 36 -28319.80
3.639000 128 37 -29620.57
3.639000 128 38 -29807.44
3.639000 128 39 -30047.01
3.639000 128 40 -29763.84
3.639000 128 41 -29345.28
3.639000 128 42 -28152.70
3.639000 128 43 -26742.17
3.639000 128 44 -26005.43
3.639000 128 45 -25111.23
3.639000 128 46 -23935.49
3.639000 128 47 -21829.85
3.639000 128 48 -21079.58
3.639000 128 49 -21970.85
3.639000 128 50 -24526.75
3.639000 128 51 -26500.20
3.639000 128 52 -28517.15
3.639000 128 53 -29831.45
3.639000 128 54 -32871.14
3.639000 128 55 -36056.93
3.639000 128 56 -38370.98
3.639000 128 57 -41416.19
3.639000 128 58 -42957.38
3.639000 128 59 -44401.32
3.639000 128 60 -45848.25
3.639000 128 61 -47326.55
3.639000 128 62 -47839.45
3.639000 128 63 -47080.47
3.639000 128 64 -47277.97
3.639000 128 65 -47087.54
3.639000 128 66 -46948.60
3.639000 128 67 -47371.88
3.639000 128 68 -47226.18
3.639000 128 69 -46549.61
3.639000 128 70 -46665.95
3.639000 128 71 -45411.00
3.639000 128 72 -43818.13
3.639000 128 73 -42705.34
3.639000 128 74 -41785.18
3.639000 128 75 -41765.42
3.639000 128 76 -40422.88
3.639000 128 77 -41376.79
3.639000 128 78 -41682.56
3.639000 128 79 -42407.97
3.639000 128 80 -42966.55
3.639000 128 81 -44903.40
3.639000 128 82 -46472.63
3.639000 128 83 -48309.75
3.639000 128 84 -52239.48
3.639000 128 85 -54415.96
3.639000 128 86 -56417.67
3.639000 128 87 -58118.67
3.639000 128 88 -61049.65
3.639000 128 89 -64955.32
3.639000 128 90 -68382.39
3.639000 128 91 -70554.46
3.639000 128 92 -72522.29
3.639000 128 93 -74020.35
3.639000 128 94 -74278.21
3.639000 128 95 -73110.47
3.639000 128 96 -69654.50
3.639000 128 97 -66252.65
3.639000 128 98 -63378.14
3.639000 128 99 -60022.77
3.639000 128 100 -56929.32
3.639000 128 101 -51754.91
3.639000 128 102 -48722.06
3.639000 128 103 -45769.34
3.639000 128 104 -42795.51
3.639000 128 105 -42101.82
3.639000 128 106 -41083.03
3.639000 128 107 -39745.07
3.639000 128 108 -37569.25
3.639000 128 109 -35871.03
3.639000 128 110 -34258.84
3.639000 128 111 -30972.03
3.639000 128 112 -29113.71
3.639000 128 113 -27867.32
3.639000 128 114 -25313.26
3.639000 128 115 -23058.84
3.639000 128 116 -20967.38
3.639000 128 117 -19143.81
3.639000 128 118 -17202.82
3.639000 128 119 -14430.33
3.639000 128 120 -12199.04
3.639000 128 121 -11324.06
3.639000 128 122 -10252.18
3.639000 128 123 -8887.37
3.639000 128 124 -7372.73
3.639000 128 125 -5415.35
3.639000 128 126 -4926.28
3.639000 128 127 -6907.24
3.639000 128 128 -7958.14
3.639000 128 129 -8061.97
3.639000 128 130 -7160.82
3.639000 128 131 -7833.11
3.639000 128 132 -9323.72
3.639000 128 133 -10525.25
3.639000 128 134 -10871.54
3.639000 128 135 -10465.72
3.639000 128 136 -9734.21
3.639000 128 137 -9827.00
3.639000 128 138 -8683.69
3.639000 128 139 -5274.87
3.639000 128 140 -1758.91
3.639000 128 141 2450.68
3.639000 128 142 1699.55
3.639000 128 143 1976.98
3.639000 128 144 802.17
3.639000 128 145 1220.94
3.639000 128 146 1325.10
3.639000 128 147 1731.04
3.639000 128 148 2217.13
3.639000 128 149 2918.50
3.639000 128 150 3223.89
3.639000 128 151 4727.65
3.639000 128 152 5000.96
3.639000 128 153 4780.85
3.639000 128 154 5364.84
3.639000 128 155 7054.21
3.639000 128 156 9053.01
3.639000 128 157 11098.36
3.639000 128 158 13109.74
3.639000 128 159 15091.10
3.639000 128 160 16757.72
3.639000 128 161 17664.62
3.639000 128 162 17746.63
3.639000 128 163 15912.00
3.639000 128 164 14681.37
3.639000 128 165 14892.76
3.639000 128 166 15184.27
3.639000 128 167 15479.96
3.639000 128 168 15565.59
3.639000 128 169 16857.06
3.639000 128 170 17961.96
3.639000 128 171 18134.22
3.639000 128 172 17730.32
3.639000 128 173 18771.32
3.639000 128 174 18358.05
3.639000 128 175 17521.61
3.639000 128 176 17640.23
3.639000 128 177 19057.29
3.639000 128 178 20508.15
3.639000 128 179 23744.81
3.639000 128 180 28441.82
3.639000 128 181 30923.89
3.639000 128 182 34367.45
3.639000 128 183 39158.22
3.639000 128 184 41576.53
3.639000 128 185 43323.37
3.639000 128 186 44169.16
3.639000 128 187 43854.18
3.639000 128 188 45144.56
3.639000 128 189 44626.67
3.639000 128 190 42848.00
3.639000 128 191 41566.87
3.639000 128 192 37662.96
3.639000 128 193 34632.27
3.639000 128 194 31707.00
3.639000 128 195 31930.87
3.639000 128 196 32844.72
3.639000 128 197 33506.26
3.639000 128 198 34645.01
3.639000 128 199 33661.92
