3.700000 96 0 110749.55
3.700000 96 1 103469.63
3.700000 96 2 96945.70
3.700000 96 3 91200.32
3.700000 96 4 85923.73
3.700000 96 5 80660.51
3.700000 96 6 75551.52
3.700000 96 7 70939.54
3.700000 96 8 66968.07
3.700000 96 9 62850.39
3.700000 96 10 59331.09
3.700000 96 11 56151.67
3.700000 96 12 53068.26
3.700000 96 13 50468.12
3.700000 96 14 48267.23
3.700000 96 15 46434.81
3.700000 96 16 44757.39
3.700000 96 17 42767.76
3.700000 96 18 40691.56
3.700000 96 19 38711.56
3.700000 96 20 36476.02
3.700000 96 21 34505.13
3.700000 96 22 32633.31
3.700000 96 23 31063.11
3.700000 96 24 29431.30
3.700000 96 25 28185.41
3.700000 96 26 27246.40
3.700000 96 27 26310.63
3.700000 96 28 25468.84
3.700000 96 29 24861.96
3.700000 96 30 23537.98
3.700000 96 31 22157.42
3.700000 96 32 20841.90
3.700000 96 33 20028.95
3.700000 96 34 19459.37
3.700000 96 35 18956.33
3.700000 96 36 18178.05
3.700000 96 37 17645.23
3.700000 96 38 17120.26
3.700000 96 39 16863.94
3.700000 96 40 16574.11
3.700000 96 41 16334.49
3.700000 96 42 16054.73
3.700000 96 43 15455.31
3.700000 96 44 14815.56
3.700000 96 45 14045.62
3.700000 96 46 12994.33
3.700000 96 47 11578.92
3.700000 96 48 10230.39
3.700000 96 49 8771.62
3.700000 96 50 7673.98
3.700000 96 51 6436.42
3.700000 96 52 5427.75
3.700000 96 53 4531.62
3.700000 96 54 3624.01
3.700000 96 55 2183.77
3.700000 96 56 989.40
3.700000 96 57 -128.66
3.700000 96 58 -1087.91
3.700000 96 59 -1872.91
3.700000 96 60 -2457.93
3.700000 96 61 -3127.19
3.700000 96 62 -3914.91
3.700000 96 63 -4651.18
3.700000 96 64 -5760.72
3.700000 96 65 -6765.13
3.700000 96 66 -7345.50
3.700000 96 67 -7813.00
3.700000 96 68 -8039.33
3.700000 96 69 -8732.43
3.700000 96 70 -9206.54
3.700000 96 71 -9626.40
3.700000 96 72 -10365.01
3.700000 96 73 -11171.55
3.700000 96 74 -11987.78
3.700000 96 75 -12618.39
3.700000 96 76 -13204.73
3.700000 96 77 -14035.55
3.700000 96 78 -14475.65
3.700000 96 79 -14609.20
3.700000 96 80 -14764.72
3.700000 96 81 -15055.09
3.700000 96 82 -15660.40
3.700000 96 83 -15575.76
3.700000 96 84 -16196.21
3.700000 96 85 -16737.88
3.700000 96 86 -17205.48
3.700000 96 87 -18020.46
3.700000 96 88 -18727.40
3.700000 96 89 -19327.89
3.700000 96 90 -19831.94
3.700000 96 91 -20170.07
3.700000 96 92 -20322.49
3.700000 96 93 -20871.96
3.700000 96 94 -21222.85
3.700000 96 95 -21655.05
3.700000 96 96 -22089.35
3.700000 96 97 -22485.64
3.700000 96 98 -23166.91
3.700000 96 99 -23367.79
3.700000 96 100 -23470.73
3.700000 96 101 -23761.32
3.700000 96 102 -23942.30
3.700000 96 103 -24120.63
3.700000 96 104 -24156.47
3.700000 96 105 -24068.73
3.700000 96 106 -23902.13
3.700000 96 107 -23970.38
3.700000 96 108 -23853.60
3.700000 96 109 -23632.75
3.700000 96 110 -23912.02
3.700000 96 111 -23803.25
3.700000 96 112 -24007.05
3.700000 96 113 -24432.47
3.700000 96 114 -24882.64
3.700000 96 115 -25414.49
3.700000 96 116 -26119.22
3.700000 96 117 -26842.50
3.700000 96 118 -27532.40
3.700000 96 119 -28468.89
3.700000 96 120 -29200.82
3.700000 96 121 -29894.36
3.700000 96 122 -30672.81
3.700000 96 123 -31599.49
3.700000 96 124 -32555.64
3.700000 96 125 -33233.51
3.700000 96 126 -33934.10
3.700000 96 127 -34411.20
3.700000 96 128 -34917.43
3.700000 96 129 -35470.69
3.700000 96 130 -36256.14
3.700000 96 131 -36966.55
3.700000 96 132 -37690.76
3.700000 96 133 -38193.45
3.700000 96 134 -38926.61
3.700000 96 135 -40250.37
3.700000 96 136 -41727.34
3.700000 96 137 -43286.66
3.700000 96 138 -44389.34
3.700000 96 139 -45642.51
3.700000 96 140 -46922.86
3.700000 96 141 -47297.19
3.700000 96 142 -47557.58
3.700000 96 143 -47472.61
3.700000 96 144 -47066.22
3.700000 96 145 -46482.07
3.700000 96 146 -46070.76
3.700000 96 147 -45289.33
3.700000 96 148 -44773.37
3.700000 96 149 -44886.29
3.700000 96 150 -44785.51
3.700000 96 151 -44566.19
3.700000 96 152 -44288.63
3.700000 96 153 -43994.43
3.700000 96 154 -43805.04
3.700000 96 155 -43204.71
3.700000 96 156 -43185.17
3.700000 96 157 -43355.38
3.700000 96 158 -44130.81
3.700000 96 159 -44673.42
3.700000 96 160 -45170.67
3.700000 96 161 -45659.12
3.700000 96 162 -46221.55
3.700000 96 163 -46919.17
3.700000 96 164 -47241.67
3.700000 96 165 -47451.84
3.700000 96 166 -47534.39
3.700000 96 167 -47590.02
3.700000 96 168 -47420.92
3.700000 96 169 -47193.64
3.700000 96 170 -47002.87
3.700000 96 171 -46817.71
3.700000 96 172 -46440.59
3.700000 96 173 -45655.13
3.700000 96 174 -44609.13
3.700000 96 175 -43776.18
3.700000 96 176 -42836.07
3.700000 96 177 -42214.10
3.700000 96 178 -41550.29
3.700000 96 179 -40816.96
3.700000 96 180 -39889.60
3.700000 96 181 -38890.77
3.700000 96 182 -37959.03
3.700000 96 183 -37052.03
3.700000 96 184 -36373.53
3.700000 96 185 -35652.49
3.700000 96 186 -35473.69
3.700000 96 187 -35791.60
3.700000 96 188 -36395.32
3.700000 96 189 -36547.12
3.700000 96 190 -36739.97
3.700000 96 191 -36918.69
3.700000 96 192 -36755.55
3.700000 96 193 -36795.02
3.700000 96 194 -36756.07
3.700000 96 195 -36549.82
3.700000 96 196 -36134.96
3.700000 96 197 -36361.26
3.700000 96 198 -36510.31
3.700000 96 199 -36753.51
