3.635000 64 0 117494.11
3.635000 64 1 94676.87
3.635000 64 2 77536.27
3.635000 64 3 64143.40
3.635000 64 4 53766.10
3.635000 64 5 45516.09
3.635000 64 6 38553.94
3.635000 64 7 32848.67
3.635000 64 8 28043.64
3.635000 64 9 23838.13
3.635000 64 10 20359.03
3.635000 64 11 17605.71
3.635000 64 12 15266.73
3.635000 64 13 13242.25
3.635000 64 14 11326.02
3.635000 64 15 9734.83
3.635000 64 16 8391.11
3.635000 64 17 7339.59
3.635000 64 18 6315.45
3.635000 64 19 5387.09
3.635000 64 20 4801.36
3.635000 64 21 4005.51
3.635000 64 22 3462.46
3.635000 64 23 3008.30
3.635000 64 24 2644.16
3.635000 64 25 2332.05
3.635000 64 26 2157.29
3.635000 64 27 1888.31
3.635000 64 28 1774.61
3.635000 64 29 1533.23
3.635000 64 30 1135.40
3.635000 64 31 904.67
3.635000 64 32 740.77
3.635000 64 33 190.79
3.635000 64 34 -17.35
3.635000 64 35 -249.27
3.635000 64 36 -235.79
3.635000 64 37 -176.17
3.635000 64 38  3.15
3.635000 64 39 144.73
3.635000 64 40 346.07
3.635000 64 41 443.00
3.635000 64 42 460.74
3.635000 64 43 295.55
3.635000 64 44 265.66
3.635000 64 45 220.74
3.635000 64 46 259.49
3.635000 64 47 537.20
3.635000 64 48 762.78
3.635000 64 49 1080.11
3.635000 64 50 1205.78
3.635000 64 51 1101.75
3.635000 64 52 943.32
3.635000 64 53 967.12
3.635000 64 54 1113.03
3.635000 64 55 1103.70
3.635000 64 56 1095.17
3.635000 64 57 1280.20
3.635000 64 58 1445.72
3.635000 64 59 1645.51
3.635000 64 60 1544.41
3.635000 64 61 1275.02
3.635000 64 62 1174.13
3.635000 64 63 1182.49
3.635000 64 64 1450.47
3.635000 64 65 1660.22
3.635000 64 66 1873.87
3.635000 64 67 2188.09
3.635000 64 68 2155.17
3.635000 64 69 2269.96
3.635000 64 70 2527.00
3.635000 64 71 2658.58
3.635000 64 72 2661.17
3.635000 64 73 2781.24
3.635000 64 74 2792.20
3.635000 64 75 3028.82
3.635000 64 76 3076.69
3.635000 64 77 3180.99
3.635000 64 78 2992.18
3.635000 64 79 2841.16
3.635000 64 80 2774.01
3.635000 64 81 2771.50
3.635000 64 82 2581.28
3.635000 64 83 2527.56
3.635000 64 84 2368.68
3.635000 64 85 2150.04
3.635000 64 86 2062.22
3.635000 64 87 2282.63
3.635000 64 88 2523.37
3.635000 64 89 2692.83
3.635000 64 90 2679.00
3.635000 64 91 2856.96
3.635000 64 92 2793.45
3.635000 64 93 2630.51
3.635000 64 94 2478.67
3.635000 64 95 2484.25
3.635000 64 96 2367.41
3.635000 64 97 2370.57
3.635000 64 98 2396.08
3.635000 64 99 2339.99
3.635000 64 100 2294.39
3.635000 64 101 2277.34
3.635000 64 102 2285.30
3.635000 64 103 2464.13
3.635000 64 104 2495.20
3.635000 64 105 2537.53
3.635000 64 106 2692.40
3.635000 64 107 3056.82
3.635000 64 108 3631.77
3.635000 64 109 4033.12
3.635000 64 110 4268.13
3.635000 64 111 4731.47
3.635000 64 112 4927.34
3.635000 64 113 5002.23
3.635000 64 114 5135.81
3.635000 64 115 4937.21
3.635000 64 116 4670.37
3.635000 64 117 4389.00
3.635000 64 118 4187.69
3.635000 64 119 4205.10
3.635000 64 120 4050.26
3.635000 64 121 3738.11
3.635000 64 122 3193.95
3.635000 64 123 2737.25
3.635000 64 124 2287.63
3.635000 64 125 2039.53
3.635000 64 126 1805.04
3.635000 64 127 1630.15
3.635000 64 128 1427.43
3.635000 64 129 1239.53
3.635000 64 130 1135.68
3.635000 64 131 1081.47
3.635000 64 132 1069.54
3.635000 64 133 1051.56
3.635000 64 134 1005.62
3.635000 64 135 920.57
3.635000 64 136 961.83
3.635000 64 137 998.86
3.635000 64 138 1049.25
3.635000 64 139 792.88
3.635000 64 140 780.77
3.635000 64 141 842.50
3.635000 64 142 675.05
3.635000 64 143 528.90
3.635000 64 144 416.26
3.635000 64 145 290.14
3.635000 64 146 103.12
3.635000 64 147 127.50
3.635000 64 148 219.91
3.635000 64 149 233.39
3.635000 64 150 221.87
3.635000 64 151 175.50
3.635000 64 152 293.24
3.635000 64 153 229.04
3.635000 64 154 279.50
3.635000 64 155 91.87
3.635000 64 156 -148.49
3.635000 64 157 -365.77
3.635000 64 158 -379.78
3.635000 64 159 -416.26
3.635000 64 160 -365.91
3.635000 64 161 -304.56
3.635000 64 162 -87.06
3.635000 64 163 232.10
3.635000 64 164 673.65
3.635000 64 165 919.04
3.635000 64 166 1059.73
3.635000 64 167 1209.52
3.635000 64 168 1325.69
3.635000 64 169 1517.81
3.635000 64 170 1657.94
3.635000 64 171 1551.77
3.635000 64 172 1503.29
3.635000 64 173 1436.86
3.635000 64 174 1485.43
3.635000 64 175 1445.47
3.635000 64 176 1370.05
3.635000 64 177 1209.02
3.635000 64 178 1253.48
3.635000 64 179 1488.61
3.635000 64 180 1731.64
3.635000 64 181 1896.11
3.635000 64 182 2119.48
3.635000 64 183 2365.24
3.635000 64 184 2579.07
3.635000 64 185 2578.99
3.635000 64 186 2643.79
3.635000 64 187 2833.53
3.635000 64 188 3130.87
3.635000 64 189 3101.55
3.635000 64 190 3065.06
3.635000 64 191 3248.67
3.635000 64 192 3451.40
3.635000 64 193 3356.26
3.635000 64 194 3105.49
3.635000 64 195 2966.73
3.635000 64 196 2868.67
3.635000 64 197 2727.47
3.635000 64 198 2703.78
3.635000 64 199 2522.69
