3.645000 128 0 263724.35
3.645000 128 1 230137.93
3.645000 128 2 202917.02
3.645000 128 3 180478.06
3.645000 128 4 160243.42
3.645000 128 5 142577.47
3.645000 128 6 127721.76
3.645000 128 7 114048.79
3.645000 128 8 102418.66
3.645000 128 9 93352.57
3.645000 128 10 85886.63
3.645000 128 11 78429.45
3.645000 128 12 69919.91
3.645000 128 13 63738.07
3.645000 128 14 58258.59
3.645000 128 15 52136.39
3.645000 128 16 47999.47
3.645000 128 17 43969.08
3.645000 128 18 39107.24
3.645000 128 19 34791.75
3.645000 128 20 29129.87
3.645000 128 21 23944.40
3.645000 128 22 19320.44
3.645000 128 23 15424.35
3.645000 128 24 10629.53
3.645000 128 25 6783.37
3.645000 128 26 4247.67
3.645000 128 27 3031.40
3.645000 128 28 1790.08
3.645000 128 29 847.40
3.645000 128 30 -2135.21
3.645000 128 31 -5547.17
3.645000 128 32 -8625.25
3.645000 128 33 -10966.43
3.645000 128 34 -13777.97
3.645000 128 35 -16793.15
3.645000 128 36 -19440.93
3.645000 128 37 -19692.85
3.645000 128 38 -20196.48
3.645000 128 39 -21243.71
3.645000 128 40 -22611.65
3.645000 128 41 -25096.50
3.645000 128 42 -27337.91
3.645000 128 43 -28581.47
3.645000 128 44 -28713.46
3.645000 128 45 -27446.03
3.645000 128 46 -26225.97
3.645000 128 47 -25961.97
3.645000 128 48 -27820.81
3.645000 128 49 -29409.08
3.645000 128 50 -32755.65
3.645000 128 51 -36783.17
3.645000 128 52 -40966.33
3.645000 128 53 -46207.23
3.645000 128 54 -51892.51
3.645000 128 55 -55501.72
3.645000 128 56 -58416.18
3.645000 128 57 -58798.93
3.645000 128 58 -58149.82
3.645000 128 59 -56284.96
3.645000 128 60 -53893.52
3.645000 128 61 -52280.39
3.645000 128 62 -49833.40
3.645000 128 63 -48596.86
3.645000 128 64 -47678.83
3.645000 128 65 -48661.74
3.645000 128 66 -48137.16
3.645000 128 67 -46931.75
3.645000 128 68 -44663.11
3.645000 128 69 -42105.70
3.645000 128 70 -38808.80
3.645000 128 71 -35655.82
3.645000 128 72 -32017.35
3.645000 128 73 -29732.68
3.645000 128 74 -28523.16
3.645000 128 75 -28597.63
3.645000 128 76 -29142.70
3.645000 128 77 -29160.84
3.645000 128 78 -29041.82
3.645000 128 79 -28048.43
3.645000 128 80 -27236.12
3.645000 128 81 -26400.95
3.645000 128 82 -26058.56
3.645000 128 83 -23928.10
3.645000 128 84 -21066.26
3.645000 128 85 -17626.56
3.645000 128 86 -13704.76
3.645000 128 87 -9718.70
3.645000 128 88 -6014.73
3.645000 128 89 -2517.40
3.645000 128 90 -312.19
3.645000 128 91 1899.14
3.645000 128 92 3654.96
3.645000 128 93 5868.19
3.645000 128 94 5808.70
3.645000 128 95 4082.14
3.645000 128 96 2901.03
3.645000 128 97 2771.04
3.645000 128 98 1161.82
3.645000 128 99 45.01
3.645000 128 100 292.59
3.645000 128 101 1083.50
3.645000 128 102 2811.23
3.645000 128 103 4405.94
3.645000 128 104 6836.18
3.645000 128 105 8340.80
3.645000 128 106 9086.24
3.645000 128 107 9236.24
3.645000 128 108 8969.31
3.645000 128 109 9923.78
3.645000 128 110 10393.83
3.645000 128 111 11238.47
3.645000 128 112 11839.78
3.645000 128 113 11237.62
3.645000 128 114 10484.05
3.645000 128 115 9752.39
3.645000 128 116 9009.37
3.645000 128 117 9245.56
3.645000 128 118 9269.11
3.645000 128 119 9257.48
3.645000 128 120 7575.72
3.645000 128 121 8532.31
3.645000 128 122 9489.75
3.645000 128 123 10382.91
3.645000 128 124 11558.58
3.645000 128 125 14147.86
3.645000 128 126 15494.46
3.645000 128 127 15968.19
3.645000 128 128 16864.96
3.645000 128 129 17380.05
3.645000 128 130 16714.24
3.645000 128 131 16779.62
3.645000 128 132 17267.39
3.645000 128 133 16697.80
3.645000 128 134 16676.09
3.645000 128 135 13713.34
3.645000 128 136 12623.27
3.645000 128 137 12889.27
3.645000 128 138 11393.48
3.645000 128 139 11307.20
3.645000 128 140 13349.37
3.645000 128 141 13880.57
3.645000 128 142 14964.52
3.645000 128 143 15767.41
3.645000 128 144 16511.50
3.645000 128 145 17723.06
3.645000 128 146 17466.50
3.645000 128 147 15709.81
3.645000 128 148 15566.79
3.645000 128 149 13788.54
3.645000 128 150 11804.61
3.645000 128 151 10246.06
3.645000 128 152 8703.38
3.645000 128 153 7090.47
3.645000 128 154 4537.22
3.645000 128 155 1840.61
3.645000 128 156 -1110.53
3.645000 128 157 -2199.67
3.645000 128 158 -4128.18
3.645000 128 159 -5496.47
3.645000 128 160 -8945.02
3.645000 128 161 -11760.81
3.645000 128 162 -14383.79
3.645000 128 163 -16516.01
3.645000 128 164 -18443.64
3.645000 128 165 -19621.79
3.645000 128 166 -20144.95
3.645000 128 167 -22423.69
3.645000 128 168 -24786.90
3.645000 128 169 -26357.09
3.645000 128 170 -28527.26
3.645000 128 171 -30186.10
3.645000 128 172 -30778.08
3.645000 128 173 -33784.40
3.645000 128 174 -35743.72
3.645000 128 175 -40380.97
3.645000 128 176 -45492.62
3.645000 128 177 -50051.95
3.645000 128 178 -51605.39
3.645000 128 179 -52730.64
3.645000 128 180 -56192.96
3.645000 128 181 -59639.13
3.645000 128 182 -62569.91
3.645000 128 183 -63954.59
3.645000 128 184 -66049.84
3.645000 128 185 -68991.84
3.645000 128 186 -73066.73
3.645000 128 187 -77279.37
3.645000 128 188 -81310.56
3.645000 128 189 -83721.74
3.645000 128 190 -86233.46
3.645000 128 191 -88543.23
3.645000 128 192 -90647.13
3.645000 128 193 -93456.49
3.645000 128 194 -95475.18
3.645000 128 195 -96437.24
3.645000 128 196 -98769.34
3.645000 128 197 -102046.98
3.645000 128 198 -105213.97
3.645000 128 199 -107449.19
