3.460000 96 0 60716.88
3.460000 96 1 33242.59
3.460000 96 2 19217.12
3.460000 96 3 10498.86
3.460000 96 4 5372.41
3.460000 96 5 3012.14
3.460000 96 6 2787.37
3.460000 96 7 3123.80
3.460000 96 8 3182.66
3.460000 96 9 4143.47
3.460000 96 10 6119.01
3.460000 96 11 7144.07
3.460000 96 12 7635.41
3.460000 96 13 8316.82
3.460000 96 14 8955.80
3.460000 96 15 9280.85
3.460000 96 16 10135.96
3.460000 96 17 11141.57
3.460000 96 18 11269.88
3.460000 96 19 11644.86
3.460000 96 20 11783.85
3.460000 96 21 12291.82
3.460000 96 22 12601.36
3.460000 96 23 12428.47
3.460000 96 24 12889.48
3.460000 96 25 12354.79
3.460000 96 26 11263.82
3.460000 96 27 9805.81
3.460000 96 28 8740.93
3.460000 96 29 8181.65
3.460000 96 30 9004.17
3.460000 96 31 9316.08
3.460000 96 32 11278.64
3.460000 96 33 10813.99
3.460000 96 34 10625.13
3.460000 96 35 8939.64
3.460000 96 36 8920.75
3.460000 96 37 9266.61
3.460000 96 38 9517.60
3.460000 96 39 10816.37
3.460000 96 40 10342.44
3.460000 96 41 9706.08
3.460000 96 42 9158.77
3.460000 96 43 9538.88
3.460000 96 44 9906.76
3.460000 96 45 9584.11
3.460000 96 46 9472.97
3.460000 96 47 9587.10
3.460000 96 48 10151.64
3.460000 96 49 9720.89
3.460000 96 50 9735.58
3.460000 96 51 8536.32
3.460000 96 52 8247.59
3.460000 96 53 9056.86
3.460000 96 54 9156.01
3.460000 96 55 9042.15
3.460000 96 56 9120.86
3.460000 96 57 8259.70
3.460000 96 58 7531.94
3.460000 96 59 6971.88
3.460000 96 60 7060.29
3.460000 96 61 7900.88
3.460000 96 62 8666.40
3.460000 96 63 8540.13
3.460000 96 64 8526.60
3.460000 96 65 9479.40
3.460000 96 66 9325.14
3.460000 96 67 8342.64
3.460000 96 68 8104.80
3.460000 96 69 7576.29
3.460000 96 70 7321.61
3.460000 96 71 6462.64
3.460000 96 72 7097.81
3.460000 96 73 6572.12
3.460000 96 74 7239.44
3.460000 96 75 8013.59
3.460000 96 76 8932.50
3.460000 96 77 9488.07
3.460000 96 78 9999.79
3.460000 96 79 9980.63
3.460000 96 80 10874.64
3.460000 96 81 11151.58
3.460000 96 82 10253.14
3.460000 96 83 10075.38
3.460000 96 84 10206.92
3.460000 96 85 8951.46
3.460000 96 86 7242.35
3.460000 96 87 7250.29
3.460000 96 88 7348.40
3.460000 96 89 6029.00
3.460000 96 90 4662.50
3.460000 96 91 4654.40
3.460000 96 92 3682.70
3.460000 96 93 3353.43
3.460000 96 94 4557.40
3.460000 96 95 5794.19
3.460000 96 96 7201.98
3.460000 96 97 7898.05
3.460000 96 98 8010.24
3.460000 96 99 6632.63
3.460000 96 100 6012.57
3.460000 96 101 6378.45
3.460000 96 102 6977.78
3.460000 96 103 6829.44
3.460000 96 104 6153.99
3.460000 96 105 6101.58
3.460000 96 106 6340.39
3.460000 96 107 6233.38
3.460000 96 108 6302.57
3.460000 96 109 6374.30
3.460000 96 110 6305.39
3.460000 96 111 6513.94
3.460000 96 112 5566.37
3.460000 96 113 5264.70
3.460000 96 114 5484.41
3.460000 96 115 6017.33
3.460000 96 116 6914.99
3.460000 96 117 6585.53
3.460000 96 118 7086.28
3.460000 96 119 6784.74
3.460000 96 120 5926.54
3.460000 96 121 5794.79
3.460000 96 122 6228.06
3.460000 96 123 6253.82
3.460000 96 124 7268.08
3.460000 96 125 7426.31
3.460000 96 126 7106.17
3.460000 96 127 7595.40
3.460000 96 128 7381.13
3.460000 96 129 7376.40
3.460000 96 130 7896.58
3.460000 96 131 8674.84
3.460000 96 132 8543.72
3.460000 96 133 7999.90
3.460000 96 134 7182.74
3.460000 96 135 7073.71
3.460000 96 136 6958.80
3.460000 96 137 5993.19
3.460000 96 138 6028.46
3.460000 96 139 5968.51
3.460000 96 140 6329.58
3.460000 96 141 6844.75
3.460000 96 142 6683.06
3.460000 96 143 6084.27
3.460000 96 144 6097.20
3.460000 96 145 6053.54
3.460000 96 146 6125.76
3.460000 96 147 5464.21
3.460000 96 148 4431.37
3.460000 96 149 3651.45
3.460000 96 150 2877.49
3.460000 96 151 1860.28
3.460000 96 152 1378.50
3.460000 96 153 1544.39
3.460000 96 154 2424.88
3.460000 96 155 2470.62
3.460000 96 156 2893.71
3.460000 96 157 3012.15
3.460000 96 158 3805.38
3.460000 96 159 3723.61
3.460000 96 160 3954.11
3.460000 96 161 4020.61
3.460000 96 162 3508.48
3.460000 96 163 2344.34
3.460000 96 164 1538.49
3.460000 96 165 1463.34
3.460000 96 166 589.64
3.460000 96 167 262.46
3.460000 96 168 471.33
3.460000 96 169 34.95
3.460000 96 170 637.40
3.460000 96 171 1507.36
3.460000 96 172 2592.86
3.460000 96 173 2999.86
3.460000 96 174 2876.24
3.460000 96 175 3114.42
3.460000 96 176 2176.33
3.460000 96 177 1546.86
3.460000 96 178 1984.54
3.460000 96 179 1508.10
3.460000 96 180 617.56
3.460000 96 181 -267.35
3.460000 96 182 -1250.54
3.460000 96 183 -1384.16
3.460000 96 184 -1628.31
3.460000 96 185 -757.66
3.460000 96 186 -379.40
3.460000 96 187 -573.46
3.460000 96 188 -1322.30
3.460000 96 189 -1627.80
3.460000 96 190 -1247.28
3.460000 96 191 -1544.54
3.460000 96 192 -2008.09
3.460000 96 193 -2774.19
3.460000 96 194 -3271.62
3.460000 96 195 -3254.81
3.460000 96 196 -3894.70
3.460000 96 197 -3441.87
3.460000 96 198 -3359.04
3.460000 96 199 -3056.36
