3.420000 96 0 118772.69
3.420000 96 1 58216.90
3.420000 96 2 29358.10
3.420000 96 3 14406.51
3.420000 96 4 7043.34
3.420000 96 5 3192.37
3.420000 96 6 1115.43
3.420000 96 7 161.46
3.420000 96 8 -66.95
3.420000 96 9 -182.85
3.420000 96 10 -261.61
3.420000 96 11 -290.38
3.420000 96 12 -396.79
3.420000 96 13 -974.10
3.420000 96 14 -1374.85
3.420000 96 15 -1569.05
3.420000 96 16 -1507.28
3.420000 96 17 -959.91
3.420000 96 18 -1083.06
3.420000 96 19 -1022.36
3.420000 96 20 -1014.98
3.420000 96 21 -1427.29
3.420000 96 22 -1772.96
3.420000 96 23 -1402.86
3.420000 96 24 -1471.19
3.420000 96 25 -1230.28
3.420000 96 26 -990.87
3.420000 96 27 -1448.12
3.420000 96 28 -1428.42
3.420000 96 29 -577.16
3.420000 96 30 -218.07
3.420000 96 31 -65.67
3.420000 96 32 251.15
3.420000 96 33 -173.47
3.420000 96 34 -728.56
3.420000 96 35 -1359.92
3.420000 96 36 -1402.85
3.420000 96 37 -1370.23
3.420000 96 38 -1505.78
3.420000 96 39 -1754.44
3.420000 96 40 -1857.88
3.420000 96 41 -2567.45
3.420000 96 42 -2825.99
3.420000 96 43 -2830.99
3.420000 96 44 -2684.19
3.420000 96 45 -2491.53
3.420000 96 46 -2979.06
3.420000 96 47 -3013.16
3.420000 96 48 -2306.41
3.420000 96 49 -1717.60
3.420000 96 50 -1433.58
3.420000 96 51 -1765.72
3.420000 96 52 -1289.39
3.420000 96 53 -1786.10
3.420000 96 54 -1491.86
3.420000 96 55 -1137.72
3.420000 96 56 -981.82
3.420000 96 57 -786.91
3.420000 96 58 -561.10
3.420000 96 59 -715.01
3.420000 96 60 -938.15
3.420000 96 61 -419.86
3.420000 96 62 -241.53
3.420000 96 63 -474.74
3.420000 96 64 -839.39
3.420000 96 65 -786.27
3.420000 96 66 -387.64
3.420000 96 67 68.51
3.420000 96 68 -43.76
3.420000 96 69 -364.04
3.420000 96 70 -564.38
3.420000 96 71 -336.54
3.420000 96 72 -189.53
3.420000 96 73 -635.42
3.420000 96 74 -699.61
3.420000 96 75 -651.87
3.420000 96 76 -1004.89
3.420000 96 77 -1790.54
3.420000 96 78 -1810.98
3.420000 96 79 -1773.51
3.420000 96 80 -1650.22
3.420000 96 81 -1547.29
3.420000 96 82 -1410.34
3.420000 96 83 -2074.29
3.420000 96 84 -1822.75
3.420000 96 85 -2182.46
3.420000 96 86 -2438.06
3.420000 96 87 -2341.09
3.420000 96 88 -2140.38
3.420000 96 89 -2234.38
3.420000 96 90 -2033.08
3.420000 96 91 -1882.18
3.420000 96 92 -1982.13
3.420000 96 93 -1741.77
3.420000 96 94 -1418.12
3.420000 96 95 -1351.31
3.420000 96 96 -1419.35
3.420000 96 97 -1392.43
3.420000 96 98 -1312.64
3.420000 96 99 -1336.72
3.420000 96 100 -1951.62
3.420000 96 101 -1705.10
3.420000 96 102 -1548.09
3.420000 96 103 -2001.27
3.420000 96 104 -2053.52
3.420000 96 105 -1285.90
3.420000 96 106 -453.31
3.420000 96 107 -773.79
3.420000 96 108 -1146.87
3.420000 96 109 -1096.37
3.420000 96 110 -1459.57
3.420000 96 111 -1617.06
3.420000 96 112 -2317.44
3.420000 96 113 -3436.32
3.420000 96 114 -3585.90
3.420000 96 115 -3327.24
3.420000 96 116 -3077.68
3.420000 96 117 -2483.69
3.420000 96 118 -2282.67
3.420000 96 119 -2972.17
3.420000 96 120 -3121.82
3.420000 96 121 -3011.59
3.420000 96 122 -2493.66
3.420000 96 123 -2482.93
3.420000 96 124 -2449.10
3.420000 96 125 -2558.05
3.420000 96 126 -2671.51
3.420000 96 127 -2631.97
3.420000 96 128 -2920.26
3.420000 96 129 -2872.83
3.420000 96 130 -2832.16
3.420000 96 131 -3426.55
3.420000 96 132 -3420.93
3.420000 96 133 -3615.99
3.420000 96 134 -3238.39
3.420000 96 135 -2598.51
3.420000 96 136 -2517.77
3.420000 96 137 -2112.89
3.420000 96 138 -2235.30
3.420000 96 139 -1718.14
3.420000 96 140 -2171.44
3.420000 96 141 -2765.09
3.420000 96 142 -2365.71
3.420000 96 143 -1804.53
3.420000 96 144 -1683.48
3.420000 96 145 -1503.87
3.420000 96 146 -1905.01
3.420000 96 147 -2555.83
3.420000 96 148 -2646.83
3.420000 96 149 -2663.40
3.420000 96 150 -2590.52
3.420000 96 151 -2164.29
3.420000 96 152 -2352.64
3.420000 96 153 -2546.99
3.420000 96 154 -3099.73
3.420000 96 155 -3351.98
3.420000 96 156 -3306.52
3.420000 96 157 -3191.08
3.420000 96 158 -3160.61
3.420000 96 159 -2815.46
3.420000 96 160 -2834.79
3.420000 96 161 -3087.69
3.420000 96 162 -3329.64
3.420000 96 163 -2869.17
3.420000 96 164 -3374.39
3.420000 96 165 -3654.60
3.420000 96 166 -3416.70
3.420000 96 167 -2987.66
3.420000 96 168 -2583.43
3.420000 96 169 -2174.95
3.420000 96 170 -2375.31
3.420000 96 171 -2185.77
3.420000 96 172 -1792.86
3.420000 96 173 -1905.78
3.420000 96 174 -1305.93
3.420000 96 175 -1461.31
3.420000 96 176 -1698.70
3.420000 96 177 -1509.68
3.420000 96 178 -1551.87
3.420000 96 179 -1219.23
3.420000 96 180 -1556.27
3.420000 96 181 -1351.34
3.420000 96 182 -1371.06
3.420000 96 183 -1549.51
3.420000 96 184 -1130.56
3.420000 96 185 -882.01
3.420000 96 186 -731.76
3.420000 96 187 -610.96
3.420000 96 188 -1026.88
3.420000 96 189 -552.89
3.420000 96 190 -892.02
3.420000 96 191 -854.23
3.420000 96 192 -1429.91
3.420000 96 193 -1629.24
3.420000 96 194 -1655.59
3.420000 96 195 -1278.95
3.420000 96 196 -1443.81
3.420000 96 197 -1691.92
3.420000 96 198 -1810.06
3.420000 96 199 -1732.27
