3.639000 16 0 5189.01
3.639000 16 1 3400.86
3.639000 16 2 2315.54
3.639000 16 3 1605.87
3.639000 16 4 1135.14
3.639000 16 5 816.32
3.639000 16 6 586.57
3.639000 16 7 416.56
3.639000 16 8 317.32
3.639000 16 9 218.80
3.639000 16 10 158.89
3.639000 16 11 117.91
3.639000 16 12 96.95
3.639000 16 13 76.25
3.639000 16 14 52.18
3.639000 16 15 24.03
3.639000 16 16  2.14
3.639000 16 17 -11.25
3.639000 16 18 -18.29
3.639000 16 19 -24.02
3.639000 16 20 -28.00
3.639000 16 21 -28.32
3.639000 16 22 -26.53
3.639000 16 23 -32.45
3.639000 16 24 -38.41
3.639000 16 25 -42.99
3.639000 16 26 -38.21
3.639000 16 27 -49.31
3.639000 16 28 -53.52
3.639000 16 29 -65.02
3.639000 16 30 -59.60
3.639000 16 31 -33.32
3.639000 16 32 -13.59
3.639000 16 33 -21.31
3.639000 16 34 -20.06
3.639000 16 35 -23.20
3.639000 16 36 -29.37
3.639000 16 37 -28.57
3.639000 16 38 -47.44
3.639000 16 39 -53.94
3.639000 16 40 -43.04
3.639000 16 41 -41.74
3.639000 16 42 -41.48
3.639000 16 43 -34.31
3.639000 16 44 -44.19
3.639000 16 45 -46.71
3.639000 16 46 -61.29
3.639000 16 47 -56.79
3.639000 16 48 -67.37
3.639000 16 49 -77.58
3.639000 16 50 -75.16
3.639000 16 51 -57.06
3.639000 16 52 -48.06
3.639000 16 53 -40.39
3.639000 16 54 -54.56
3.639000 16 55 -60.60
3.639000 16 56 -61.75
3.639000 16 57 -49.11
3.639000 16 58 -30.33
3.639000 16 59 -25.13
3.639000 16 60 -30.89
3.639000 16 61 -27.10
3.639000 16 62 -38.05
3.639000 16 63 -29.41
3.639000 16 64 -13.57
3.639000 16 65 -4.68
3.639000 16 66 12.04
3.639000 16 67 13.62
3.639000 16 68 33.53
3.639000 16 69 34.02
3.639000 16 70 16.21
3.639000 16 71 -7.19
3.639000 16 72 -25.02
3.639000 16 73 -33.07
3.639000 16 74 -33.56
3.639000 16 75 -56.16
3.639000 16 76 -73.82
3.639000 16 77 -79.87
3.639000 16 78 -79.25
3.639000 16 79 -62.73
3.639000 16 80 -49.85
3.639000 16 81 -44.81
3.639000 16 82 -52.95
3.639000 16 83 -46.86
3.639000 16 84 -24.85
3.639000 16 85 -14.02
3.639000 16 86 -7.85
3.639000 16 87  2.89
3.639000 16 88 -5.61
3.639000 16 89 -1.71
3.639000 16 90  5.47
3.639000 16 91 10.36
3.639000 16 92  3.35
3.639000 16 93  9.75
3.639000 16 94  9.15
3.639000 16 95 17.65
3.639000 16 96 23.43
3.639000 16 97 14.92
3.639000 16 98 17.02
3.639000 16 99 16.69
3.639000 16 100 12.96
3.639000 16 101 35.15
3.639000 16 102 33.41
3.639000 16 103 29.36
3.639000 16 104 22.54
3.639000 16 105  8.60
3.639000 16 106  8.65
3.639000 16 107 -9.22
3.639000 16 108  1.99
3.639000 16 109  5.76
3.639000 16 110  0.52
3.639000 16 111 22.66
3.639000 16 112 37.86
3.639000 16 113 35.70
3.639000 16 114 31.90
3.639000 16 115 20.31
3.639000 16 116 -16.54
3.639000 16 117 -22.86
3.639000 16 118 -34.37
3.639000 16 119 -41.02
3.639000 16 120 -46.84
3.639000 16 121 -30.95
3.639000 16 122 -33.94
3.639000 16 123 -28.53
3.639000 16 124 -27.52
3.639000 16 125 -18.82
3.639000 16 126 -28.74
3.639000 16 127 -23.20
3.639000 16 128 -29.92
3.639000 16 129 -32.75
3.639000 16 130 -43.07
3.639000 16 131 -40.57
3.639000 16 132 -53.74
3.639000 16 133 -60.36
3.639000 16 134 -68.65
3.639000 16 135 -64.20
3.639000 16 136 -59.63
3.639000 16 137 -45.26
3.639000 16 138 -39.45
3.639000 16 139 -50.53
3.639000 16 140 -55.69
3.639000 16 141 -71.17
3.639000 16 142 -87.07
3.639000 16 143 -82.01
3.639000 16 144 -86.65
3.639000 16 145 -66.63
3.639000 16 146 -44.09
3.639000 16 147 -41.77
3.639000 16 148 -32.53
3.639000 16 149 -24.20
3.639000 16 150 -36.13
3.639000 16 151 -47.00
3.639000 16 152 -56.18
3.639000 16 153 -63.66
3.639000 16 154 -67.37
3.639000 16 155 -70.08
3.639000 16 156 -60.75
3.639000 16 157 -49.09
3.639000 16 158 -36.54
3.639000 16 159 -21.40
3.639000 16 160 -24.29
3.639000 16 161 -20.59
3.639000 16 162 -6.83
3.639000 16 163 -9.97
3.639000 16 164 -1.47
3.639000 16 165  9.17
3.639000 16 166 13.49
3.639000 16 167 29.70
3.639000 16 168 32.91
3.639000 16 169 26.35
3.639000 16 170 11.82
3.639000 16 171  7.43
3.639000 16 172 -10.12
3.639000 16 173 -15.69
3.639000 16 174 -24.10
3.639000 16 175 -30.44
3.639000 16 176 -31.34
3.639000 16 177 -27.83
3.639000 16 178 -33.63
3.639000 16 179 -31.06
3.639000 16 180 -38.67
3.639000 16 181 -40.41
3.639000 16 182 -40.12
3.639000 16 183 -33.43
3.639000 16 184 -43.20
3.639000 16 185 -38.23
3.639000 16 186 -22.15
3.639000 16 187 -21.64
3.639000 16 188 -8.98
3.639000 16 189 -14.88
3.639000 16 190 -13.53
3.639000 16 191  0.62
3.639000 16 192  7.38
3.639000 16 193 -0.20
3.639000 16 194 -3.26
3.639000 16 195 -4.76
3.639000 16 196 10.19
3.639000 16 197 14.90
3.639000 16 198 -2.67
3.639000 16 199 -20.05
