3.740000 48 0 23160.70
3.740000 48 1 20234.44
3.740000 48 2 17877.09
3.740000 48 3 15836.71
3.740000 48 4 14048.51
3.740000 48 5 12439.93
3.740000 48 6 11168.85
3.740000 48 7 9907.89
3.740000 48 8 8702.97
3.740000 48 9 7764.68
3.740000 48 10 7037.73
3.740000 48 11 6408.65
3.740000 48 12 5783.58
3.740000 48 13 5169.19
3.740000 48 14 4629.23
3.740000 48 15 4054.12
3.740000 48 16 3669.07
3.740000 48 17 3315.98
3.740000 48 18 2877.44
3.740000 48 19 2578.75
3.740000 48 20 2492.18
3.740000 48 21 2293.10
3.740000 48 22 2126.14
3.740000 48 23 1941.91
3.740000 48 24 1832.34
3.740000 48 25 1722.79
3.740000 48 26 1508.22
3.740000 48 27 1188.26
3.740000 48 28 961.10
3.740000 48 29 694.42
3.740000 48 30 482.97
3.740000 48 31 225.61
3.740000 48 32 -66.77
3.740000 48 33 -342.29
3.740000 48 34 -604.75
3.740000 48 35 -809.83
3.740000 48 36 -921.19
3.740000 48 37 -1031.98
3.740000 48 38 -1054.24
3.740000 48 39 -1038.98
3.740000 48 40 -1001.64
3.740000 48 41 -910.70
3.740000 48 42 -875.35
3.740000 48 43 -873.61
3.740000 48 44 -824.76
3.740000 48 45 -929.03
3.740000 48 46 -1094.28
3.740000 48 47 -1195.17
3.740000 48 48 -1356.44
3.740000 48 49 -1431.86
3.740000 48 50 -1423.08
3.740000 48 51 -1317.82
3.740000 48 52 -1176.09
3.740000 48 53 -1077.34
3.740000 48 54 -1023.58
3.740000 48 55 -941.85
3.740000 48 56 -746.87
3.740000 48 57 -650.01
3.740000 48 58 -646.96
3.740000 48 59 -622.30
3.740000 48 60 -547.25
3.740000 48 61 -465.74
3.740000 48 62 -408.99
3.740000 48 63 -438.65
3.740000 48 64 -392.44
3.740000 48 65 -366.33
3.740000 48 66 -363.61
3.740000 48 67 -294.68
3.740000 48 68 -314.99
3.740000 48 69 -171.47
3.740000 48 70 -189.19
3.740000 48 71 -112.71
3.740000 48 72 53.23
3.740000 48 73 194.90
3.740000 48 74 325.89
3.740000 48 75 445.13
3.740000 48 76 595.33
3.740000 48 77 670.40
3.740000 48 78 833.21
3.740000 48 79 987.34
3.740000 48 80 1129.28
3.740000 48 81 1284.18
3.740000 48 82 1233.53
3.740000 48 83 1212.65
3.740000 48 84 1216.64
3.740000 48 85 1185.82
3.740000 48 86 1160.01
3.740000 48 87 1141.19
3.740000 48 88 1085.50
3.740000 48 89 1050.01
3.740000 48 90 1028.29
3.740000 48 91 1020.36
3.740000 48 92 1021.08
3.740000 48 93 1046.27
3.740000 48 94 1090.61
3.740000 48 95 1181.65
3.740000 48 96 1307.00
3.740000 48 97 1453.82
3.740000 48 98 1498.57
3.740000 48 99 1528.11
3.740000 48 100 1541.56
3.740000 48 101 1627.88
3.740000 48 102 1795.35
3.740000 48 103 1815.52
3.740000 48 104 1865.37
3.740000 48 105 1846.72
3.740000 48 106 1877.89
3.740000 48 107 1914.56
3.740000 48 108 1916.76
3.740000 48 109 1966.50
3.740000 48 110 1894.13
3.740000 48 111 1765.28
3.740000 48 112 1635.49
3.740000 48 113 1494.78
3.740000 48 114 1198.20
3.740000 48 115 984.11
3.740000 48 116 625.85
3.740000 48 117 274.74
3.740000 48 118 -54.27
3.740000 48 119 -359.15
3.740000 48 120 -528.10
3.740000 48 121 -726.93
3.740000 48 122 -1005.43
3.740000 48 123 -1219.59
3.740000 48 124 -1366.77
3.740000 48 125 -1475.43
3.740000 48 126 -1635.15
3.740000 48 127 -1826.99
3.740000 48 128 -1920.58
3.740000 48 129 -2043.03
3.740000 48 130 -2036.39
3.740000 48 131 -2079.69
3.740000 48 132 -2063.23
3.740000 48 133 -2112.50
3.740000 48 134 -2085.29
3.740000 48 135 -1983.83
3.740000 48 136 -1865.79
3.740000 48 137 -1894.30
3.740000 48 138 -1857.41
3.740000 48 139 -1871.69
3.740000 48 140 -1864.49
3.740000 48 141 -1911.93
3.740000 48 142 -1949.34
3.740000 48 143 -1894.92
3.740000 48 144 -1877.93
3.740000 48 145 -1894.58
3.740000 48 146 -1882.01
3.740000 48 147 -1871.95
3.740000 48 148 -1783.89
3.740000 48 149 -1686.07
3.740000 48 150 -1589.99
3.740000 48 151 -1613.25
3.740000 48 152 -1543.94
3.740000 48 153 -1261.59
3.740000 48 154 -1203.42
3.740000 48 155 -1074.56
3.740000 48 156 -1048.15
3.740000 48 157 -1198.87
3.740000 48 158 -1339.61
3.740000 48 159 -1364.96
3.740000 48 160 -1381.35
3.740000 48 161 -1504.01
3.740000 48 162 -1683.97
3.740000 48 163 -1791.78
3.740000 48 164 -1863.44
3.740000 48 165 -1924.81
3.740000 48 166 -1961.71
3.740000 48 167 -2024.55
3.740000 48 168 -1956.18
3.740000 48 169 -1889.33
3.740000 48 170 -1889.66
3.740000 48 171 -1774.80
3.740000 48 172 -1764.16
3.740000 48 173 -1720.27
3.740000 48 174 -1812.93
3.740000 48 175 -1828.65
3.740000 48 176 -1857.76
3.740000 48 177 -1924.54
3.740000 48 178 -1980.39
3.740000 48 179 -2071.34
3.740000 48 180 -2155.49
3.740000 48 181 -2125.56
3.740000 48 182 -2097.21
3.740000 48 183 -1999.28
3.740000 48 184 -1914.93
3.740000 48 185 -1808.88
3.740000 48 186 -1884.76
3.740000 48 187 -1924.96
3.740000 48 188 -2102.19
3.740000 48 189 -2224.26
3.740000 48 190 -2396.43
3.740000 48 191 -2537.00
3.740000 48 192 -2696.25
3.740000 48 193 -2734.44
3.740000 48 194 -2813.36
3.740000 48 195 -2789.71
3.740000 48 196 -2786.85
3.740000 48 197 -2760.86
3.740000 48 198 -2628.64
3.740000 48 199 -2593.93
