2.276500 128 0 213634.23
2.276500 128 1 189084.45
2.276500 128 2 169193.70
2.276500 128 3 152400.88
2.276500 128 4 138886.14
2.276500 128 5 128465.81
2.276500 128 6 119336.60
2.276500 128 7 110957.54
2.276500 128 8 103520.74
2.276500 128 9 98290.79
2.276500 128 10 94033.33
2.276500 128 11 88841.16
2.276500 128 12 84625.22
2.276500 128 13 79822.02
2.276500 128 14 75603.79
2.276500 128 15 69447.71
2.276500 128 16 65594.28
2.276500 128 17 62617.69
2.276500 128 18 60844.16
2.276500 128 19 58038.40
2.276500 128 20 57367.76
2.276500 128 21 57351.48
2.276500 128 22 56692.50
2.276500 128 23 56054.23
2.276500 128 24 56666.80
2.276500 128 25 56413.60
2.276500 128 26 55771.88
2.276500 128 27 56015.95
2.276500 128 28 56434.62
2.276500 128 29 56469.12
2.276500 128 30 55439.24
2.276500 128 31 52497.19
2.276500 128 32 49918.77
2.276500 128 33 48074.75
2.276500 128 34 45278.44
2.276500 128 35 42573.91
2.276500 128 36 40539.25
2.276500 128 37 39222.26
2.276500 128 38 38476.99
2.276500 128 39 37580.11
2.276500 128 40 37075.44
2.276500 128 41 36333.68
2.276500 128 42 35804.83
2.276500 128 43 33868.43
2.276500 128 44 31333.68
2.276500 128 45 28672.06
2.276500 128 46 27690.49
2.276500 128 47 25800.30
2.276500 128 48 24817.10
2.276500 128 49 23331.04
2.276500 128 50 22647.11
2.276500 128 51 21823.09
2.276500 128 52 19581.49
2.276500 128 53 17471.86
2.276500 128 54 15687.08
2.276500 128 55 13180.50
2.276500 128 56 10290.89
2.276500 128 57 7092.67
2.276500 128 58 3827.98
2.276500 128 59 903.19
2.276500 128 60 -978.04
2.276500 128 61 -3021.53
2.276500 128 62 -4973.72
2.276500 128 63 -7079.61
2.276500 128 64 -7561.71
2.276500 128 65 -8120.47
2.276500 128 66 -8303.90
2.276500 128 67 -8350.70
2.276500 128 68 -8543.32
2.276500 128 69 -9627.90
2.276500 128 70 -9972.08
2.276500 128 71 -10393.79
2.276500 128 72 -10472.43
2.276500 128 73 -11105.13
2.276500 128 74 -11902.14
2.276500 128 75 -12813.95
2.276500 128 76 -15306.28
2.276500 128 77 -17613.34
2.276500 128 78 -20430.36
2.276500 128 79 -23600.50
2.276500 128 80 -26030.13
2.276500 128 81 -27131.51
2.276500 128 82 -28431.79
2.276500 128 83 -29971.29
2.276500 128 84 -30863.38
2.276500 128 85 -32416.12
2.276500 128 86 -34269.02
2.276500 128 87 -35696.68
2.276500 128 88 -35906.63
2.276500 128 89 -36183.23
2.276500 128 90 -37643.74
2.276500 128 91 -36974.90
2.276500 128 92 -36412.37
2.276500 128 93 -34628.62
2.276500 128 94 -33721.49
2.276500 128 95 -33187.55
2.276500 128 96 -32242.09
2.276500 128 97 -31095.47
2.276500 128 98 -29972.72
2.276500 128 99 -30912.43
2.276500 128 100 -32736.56
2.276500 128 101 -34853.27
2.276500 128 102 -35762.69
2.276500 128 103 -36120.62
2.276500 128 104 -38221.90
2.276500 128 105 -39819.58
2.276500 128 106 -41132.19
2.276500 128 107 -41595.19
2.276500 128 108 -41412.83
2.276500 128 109 -42169.97
2.276500 128 110 -42867.12
2.276500 128 111 -43564.87
2.276500 128 112 -44262.12
2.276500 128 113 -47157.71
2.276500 128 114 -49263.14
2.276500 128 115 -51478.61
2.276500 128 116 -54091.43
2.276500 128 117 -55215.11
2.276500 128 118 -56192.47
2.276500 128 119 -56015.54
2.276500 128 120 -56251.19
2.276500 128 121 -56650.80
2.276500 128 122 -56549.76
2.276500 128 123 -56340.54
2.276500 128 124 -55744.64
2.276500 128 125 -56627.06
2.276500 128 126 -57770.39
2.276500 128 127 -59474.27
2.276500 128 128 -60564.17
2.276500 128 129 -59471.99
2.276500 128 130 -58213.51
2.276500 128 131 -56929.79
2.276500 128 132 -55832.60
2.276500 128 133 -53725.02
2.276500 128 134 -51282.35
2.276500 128 135 -48550.17
2.276500 128 136 -48836.02
2.276500 128 137 -49770.55
2.276500 128 138 -48594.00
2.276500 128 139 -46889.86
2.276500 128 140 -46194.05
2.276500 128 141 -46240.89
2.276500 128 142 -45546.98
2.276500 128 143 -45045.16
2.276500 128 144 -43150.30
2.276500 128 145 -40735.39
2.276500 128 146 -39919.69
2.276500 128 147 -39159.67
2.276500 128 148 -36866.03
2.276500 128 149 -33685.65
2.276500 128 150 -31873.14
2.276500 128 151 -29525.77
2.276500 128 152 -28271.66
2.276500 128 153 -27090.11
2.276500 128 154 -26982.04
2.276500 128 155 -28659.44
2.276500 128 156 -29610.80
2.276500 128 157 -30047.53
2.276500 128 158 -29572.33
2.276500 128 159 -29440.83
2.276500 128 160 -30324.84
2.276500 128 161 -31588.20
2.276500 128 162 -32774.52
2.276500 128 163 -33538.47
2.276500 128 164 -35268.39
2.276500 128 165 -36574.25
2.276500 128 166 -37855.93
2.276500 128 167 -39195.95
2.276500 128 168 -41017.54
2.276500 128 169 -43133.33
2.276500 128 170 -44062.75
2.276500 128 171 -45597.55
2.276500 128 172 -47119.38
2.276500 128 173 -47640.11
2.276500 128 174 -48661.12
2.276500 128 175 -48995.21
2.276500 128 176 -49229.02
2.276500 128 177 -49132.46
2.276500 128 178 -49765.10
2.276500 128 179 -50107.24
2.276500 128 180 -50628.80
2.276500 128 181 -50257.14
2.276500 128 182 -50840.92
2.276500 128 183 -51116.82
2.276500 128 184 -49981.34
2.276500 128 185 -48836.64
2.276500 128 186 -49057.68
2.276500 128 187 -48751.24
2.276500 128 188 -47428.97
2.276500 128 189 -47799.20
2.276500 128 190 -48026.64
2.276500 128 191 -47873.36
2.276500 128 192 -49534.36
2.276500 128 193 -51883.49
2.276500 128 194 -54467.43
2.276500 128 195 -55603.56
2.276500 128 196 -57386.03
2.276500 128 197 -59126.41
2.276500 128 198 -59915.01
2.276500 128 199 -60362.61
