2.280000 32 0 9456.29
2.280000 32 1 7082.52
2.280000 32 2 5366.67
2.280000 32 3 4152.50
2.280000 32 4 3231.49
2.280000 32 5 2501.74
2.280000 32 6 1928.41
2.280000 32 7 1483.56
2.280000 32 8 1063.43
2.280000 32 9 782.50
2.280000 32 10 564.78
2.280000 32 11 460.05
2.280000 32 12 421.25
2.280000 32 13 391.63
2.280000 32 14 238.16
2.280000 32 15 178.08
2.280000 32 16 177.58
2.280000 32 17 200.62
2.280000 32 18 208.74
2.280000 32 19 206.33
2.280000 32 20 220.48
2.280000 32 21 227.08
2.280000 32 22 269.48
2.280000 32 23 299.54
2.280000 32 24 294.09
2.280000 32 25 255.79
2.280000 32 26 203.07
2.280000 32 27 164.87
2.280000 32 28 183.86
2.280000 32 29 188.77
2.280000 32 30 163.75
2.280000 32 31 154.65
2.280000 32 32 127.51
2.280000 32 33 26.85
2.280000 32 34 -12.32
2.280000 32 35 -10.31
2.280000 32 36 36.79
2.280000 32 37 60.62
2.280000 32 38 58.59
2.280000 32 39 105.97
2.280000 32 40 102.44
2.280000 32 41 115.27
2.280000 32 42 57.09
2.280000 32 43 40.21
2.280000 32 44  2.10
2.280000 32 45 14.22
2.280000 32 46 38.06
2.280000 32 47 45.36
2.280000 32 48 43.67
2.280000 32 49 42.09
2.280000 32 50 -31.53
2.280000 32 51 -66.05
2.280000 32 52 -44.92
2.280000 32 53 -48.34
2.280000 32 54 -123.14
2.280000 32 55 -79.41
2.280000 32 56  0.49
2.280000 32 57 38.95
2.280000 32 58 21.87
2.280000 32 59 34.32
2.280000 32 60 -0.40
2.280000 32 61 -66.96
2.280000 32 62 -115.60
2.280000 32 63 -117.85
2.280000 32 64 -127.83
2.280000 32 65 -190.22
2.280000 32 66 -275.81
2.280000 32 67 -356.48
2.280000 32 68 -380.09
2.280000 32 69 -400.12
2.280000 32 70 -391.01
2.280000 32 71 -433.47
2.280000 32 72 -507.29
2.280000 32 73 -567.55
2.280000 32 74 -514.22
2.280000 32 75 -444.98
2.280000 32 76 -394.94
2.280000 32 77 -328.82
2.280000 32 78 -332.81
2.280000 32 79 -359.17
2.280000 32 80 -405.00
2.280000 32 81 -361.99
2.280000 32 82 -331.89
2.280000 32 83 -319.30
2.280000 32 84 -335.95
2.280000 32 85 -344.36
2.280000 32 86 -241.70
2.280000 32 87 -178.89
2.280000 32 88 -206.75
2.280000 32 89 -294.55
2.280000 32 90 -376.76
2.280000 32 91 -374.04
2.280000 32 92 -433.73
2.280000 32 93 -447.00
2.280000 32 94 -423.44
2.280000 32 95 -386.42
2.280000 32 96 -326.04
2.280000 32 97 -308.44
2.280000 32 98 -307.62
2.280000 32 99 -321.04
2.280000 32 100 -294.56
2.280000 32 101 -263.48
2.280000 32 102 -193.82
2.280000 32 103 -166.59
2.280000 32 104 -135.12
2.280000 32 105 -77.20
2.280000 32 106 -57.31
2.280000 32 107 52.11
2.280000 32 108 126.89
2.280000 32 109 148.24
2.280000 32 110 156.27
2.280000 32 111 188.79
2.280000 32 112 118.91
2.280000 32 113 34.43
2.280000 32 114 20.85
2.280000 32 115 -13.97
2.280000 32 116 37.70
2.280000 32 117 -11.71
2.280000 32 118 -32.35
2.280000 32 119  8.08
2.280000 32 120 -5.66
2.280000 32 121 67.09
2.280000 32 122 86.27
2.280000 32 123 108.48
2.280000 32 124 76.32
2.280000 32 125 10.54
2.280000 32 126 -118.36
2.280000 32 127 -236.00
2.280000 32 128 -232.49
2.280000 32 129 -243.20
2.280000 32 130 -266.82
2.280000 32 131 -304.25
2.280000 32 132 -240.22
2.280000 32 133 -162.02
2.280000 32 134 -64.90
2.280000 32 135 37.49
2.280000 32 136 102.70
2.280000 32 137 95.36
2.280000 32 138 92.36
2.280000 32 139 110.39
2.280000 32 140 67.94
2.280000 32 141  2.98
2.280000 32 142 -55.94
2.280000 32 143 -124.72
2.280000 32 144 -159.87
2.280000 32 145 -163.42
2.280000 32 146 -136.80
2.280000 32 147 -118.95
2.280000 32 148 -168.07
2.280000 32 149 -167.28
2.280000 32 150 -127.17
2.280000 32 151 -55.20
2.280000 32 152 60.97
2.280000 32 153 106.28
2.280000 32 154 140.45
2.280000 32 155 86.95
2.280000 32 156 42.62
2.280000 32 157  4.21
2.280000 32 158  4.11
2.280000 32 159  2.58
2.280000 32 160 38.53
2.280000 32 161 19.40
2.280000 32 162 -11.77
2.280000 32 163 -101.85
2.280000 32 164 -105.88
2.280000 32 165 -31.26
2.280000 32 166 54.88
2.280000 32 167 86.38
2.280000 32 168 158.62
2.280000 32 169 141.30
2.280000 32 170 147.76
2.280000 32 171 165.50
2.280000 32 172 211.30
2.280000 32 173 212.03
2.280000 32 174 215.73
2.280000 32 175 220.14
2.280000 32 176 172.06
2.280000 32 177 122.71
2.280000 32 178 110.10
2.280000 32 179 150.71
2.280000 32 180 177.19
2.280000 32 181 173.09
2.280000 32 182 137.24
2.280000 32 183 161.92
2.280000 32 184 251.68
2.280000 32 185 274.32
2.280000 32 186 325.24
2.280000 32 187 317.32
2.280000 32 188 288.62
2.280000 32 189 306.80
2.280000 32 190 273.02
2.280000 32 191 274.81
2.280000 32 192 249.01
2.280000 32 193 278.15
2.280000 32 194 287.40
2.280000 32 195 297.50
2.280000 32 196 252.79
2.280000 32 197 155.65
2.280000 32 198 120.91
2.280000 32 199 88.92
