2.260000 64 0 42587.71
2.260000 64 1 33539.07
2.260000 64 2 26764.54
2.260000 64 3 21621.82
2.260000 64 4 17874.45
2.260000 64 5 14556.83
2.260000 64 6 11514.67
2.260000 64 7 9067.01
2.260000 64 8 7311.30
2.260000 64 9 5905.78
2.260000 64 10 5367.03
2.260000 64 11 4846.73
2.260000 64 12 4430.93
2.260000 64 13 4163.28
2.260000 64 14 3842.60
2.260000 64 15 3334.60
2.260000 64 16 3042.26
2.260000 64 17 3281.27
2.260000 64 18 3590.06
2.260000 64 19 4091.00
2.260000 64 20 4508.31
2.260000 64 21 4602.85
2.260000 64 22 4607.84
2.260000 64 23 4819.31
2.260000 64 24 5190.49
2.260000 64 25 5259.98
2.260000 64 26 5135.61
2.260000 64 27 5145.42
2.260000 64 28 5032.68
2.260000 64 29 4928.22
2.260000 64 30 4985.94
2.260000 64 31 4898.02
2.260000 64 32 4998.11
2.260000 64 33 5242.12
2.260000 64 34 5620.91
2.260000 64 35 6198.20
2.260000 64 36 6508.65
2.260000 64 37 6564.49
2.260000 64 38 6677.31
2.260000 64 39 6991.51
2.260000 64 40 7324.13
2.260000 64 41 7556.60
2.260000 64 42 7840.52
2.260000 64 43 8111.78
2.260000 64 44 8296.70
2.260000 64 45 8005.02
2.260000 64 46 7554.49
2.260000 64 47 6906.70
2.260000 64 48 6497.18
2.260000 64 49 6002.93
2.260000 64 50 5675.80
2.260000 64 51 5375.95
2.260000 64 52 5194.19
2.260000 64 53 5014.38
2.260000 64 54 4660.13
2.260000 64 55 4517.18
2.260000 64 56 4340.16
2.260000 64 57 4171.88
2.260000 64 58 3787.43
2.260000 64 59 3604.52
2.260000 64 60 3587.90
2.260000 64 61 3430.45
2.260000 64 62 3351.26
2.260000 64 63 3352.60
2.260000 64 64 3548.98
2.260000 64 65 3901.71
2.260000 64 66 4405.06
2.260000 64 67 4716.29
2.260000 64 68 4843.46
2.260000 64 69 5143.76
2.260000 64 70 5568.27
2.260000 64 71 5846.65
2.260000 64 72 5671.48
2.260000 64 73 5528.00
2.260000 64 74 5464.05
2.260000 64 75 5722.32
2.260000 64 76 5852.18
2.260000 64 77 5844.60
2.260000 64 78 5997.34
2.260000 64 79 6468.51
2.260000 64 80 6794.32
2.260000 64 81 7054.71
2.260000 64 82 7091.81
2.260000 64 83 7287.17
2.260000 64 84 7904.53
2.260000 64 85 8774.49
2.260000 64 86 9257.39
2.260000 64 87 9156.67
2.260000 64 88 9238.62
2.260000 64 89 9354.34
2.260000 64 90 9168.05
2.260000 64 91 8850.72
2.260000 64 92 8750.88
2.260000 64 93 8651.37
2.260000 64 94 8314.98
2.260000 64 95 8011.30
2.260000 64 96 7833.34
2.260000 64 97 7379.08
2.260000 64 98 7163.95
2.260000 64 99 6852.93
2.260000 64 100 6161.35
2.260000 64 101 5615.95
2.260000 64 102 5189.21
2.260000 64 103 4778.11
2.260000 64 104 4436.86
2.260000 64 105 4011.53
2.260000 64 106 3843.51
2.260000 64 107 3943.71
2.260000 64 108 3645.55
2.260000 64 109 3574.53
2.260000 64 110 3503.01
2.260000 64 111 3866.10
2.260000 64 112 4045.64
2.260000 64 113 4605.53
2.260000 64 114 4984.17
2.260000 64 115 5343.48
2.260000 64 116 5684.17
2.260000 64 117 6136.45
2.260000 64 118 6471.20
2.260000 64 119 6488.43
2.260000 64 120 6403.43
2.260000 64 121 6788.26
2.260000 64 122 7025.57
2.260000 64 123 7031.30
2.260000 64 124 6995.20
2.260000 64 125 6944.59
2.260000 64 126 6711.07
2.260000 64 127 6496.83
2.260000 64 128 6047.60
2.260000 64 129 5609.42
2.260000 64 130 5077.05
2.260000 64 131 4739.98
2.260000 64 132 4299.00
2.260000 64 133 3792.25
2.260000 64 134 3485.62
2.260000 64 135 3418.01
2.260000 64 136 3400.80
2.260000 64 137 3303.57
2.260000 64 138 3304.75
2.260000 64 139 3601.89
2.260000 64 140 3810.01
2.260000 64 141 4153.18
2.260000 64 142 4410.68
2.260000 64 143 4376.59
2.260000 64 144 4208.75
2.260000 64 145 3979.36
2.260000 64 146 3951.48
2.260000 64 147 3874.31
2.260000 64 148 3582.86
2.260000 64 149 3494.06
2.260000 64 150 3364.46
2.260000 64 151 3522.30
2.260000 64 152 3803.45
2.260000 64 153 3707.89
2.260000 64 154 3701.58
2.260000 64 155 3577.19
2.260000 64 156 3499.16
2.260000 64 157 3336.99
2.260000 64 158 3439.44
2.260000 64 159 3952.70
2.260000 64 160 4124.77
2.260000 64 161 4320.25
2.260000 64 162 4154.42
2.260000 64 163 4124.31
2.260000 64 164 4470.84
2.260000 64 165 4700.98
2.260000 64 166 4610.41
2.260000 64 167 4348.38
2.260000 64 168 4259.02
2.260000 64 169 4300.94
2.260000 64 170 4175.31
2.260000 64 171 4009.71
2.260000 64 172 3626.76
2.260000 64 173 3467.99
2.260000 64 174 3206.62
2.260000 64 175 3205.32
2.260000 64 176 2996.46
2.260000 64 177 3218.57
2.260000 64 178 3273.80
2.260000 64 179 3179.18
2.260000 64 180 2716.87
2.260000 64 181 2469.84
2.260000 64 182 2451.54
2.260000 64 183 2782.86
2.260000 64 184 3114.55
2.260000 64 185 3503.80
2.260000 64 186 3969.26
2.260000 64 187 3960.60
2.260000 64 188 4037.22
2.260000 64 189 4359.02
2.260000 64 190 4697.46
2.260000 64 191 4900.27
2.260000 64 192 5054.47
2.260000 64 193 5399.15
2.260000 64 194 5552.28
2.260000 64 195 5513.31
2.260000 64 196 5815.31
2.260000 64 197 6018.92
2.260000 64 198 6140.88
2.260000 64 199 6248.23
