3.640000 64 0 121268.53
3.640000 64 1 98852.97
3.640000 64 2 81750.11
3.640000 64 3 68426.03
3.640000 64 4 57722.03
3.640000 64 5 49112.51
3.640000 64 6 41992.17
3.640000 64 7 35981.24
3.640000 64 8 30764.80
3.640000 64 9 26476.99
3.640000 64 10 22815.22
3.640000 64 11 19630.39
3.640000 64 12 17138.17
3.640000 64 13 15017.49
3.640000 64 14 13122.99
3.640000 64 15 11453.89
3.640000 64 16 9894.74
3.640000 64 17 8540.34
3.640000 64 18 7338.57
3.640000 64 19 6462.67
3.640000 64 20 5680.00
3.640000 64 21 4829.07
3.640000 64 22 4234.33
3.640000 64 23 3908.33
3.640000 64 24 3483.82
3.640000 64 25 3269.03
3.640000 64 26 3080.75
3.640000 64 27 2833.03
3.640000 64 28 2614.57
3.640000 64 29 2341.98
3.640000 64 30 2350.91
3.640000 64 31 2421.36
3.640000 64 32 2579.05
3.640000 64 33 2658.16
3.640000 64 34 2831.20
3.640000 64 35 2987.27
3.640000 64 36 2913.57
3.640000 64 37 2717.89
3.640000 64 38 2405.99
3.640000 64 39 2006.57
3.640000 64 40 1544.92
3.640000 64 41 1009.01
3.640000 64 42 633.22
3.640000 64 43 419.38
3.640000 64 44 238.75
3.640000 64 45 240.44
3.640000 64 46 317.99
3.640000 64 47 443.04
3.640000 64 48 799.53
3.640000 64 49 924.15
3.640000 64 50 1007.99
3.640000 64 51 1314.43
3.640000 64 52 1474.56
3.640000 64 53 1650.37
3.640000 64 54 1875.67
3.640000 64 55 2127.85
3.640000 64 56 2417.76
3.640000 64 57 2587.00
3.640000 64 58 2885.21
3.640000 64 59 2691.25
3.640000 64 60 2668.32
3.640000 64 61 2711.01
3.640000 64 62 2500.02
3.640000 64 63 2221.83
3.640000 64 64 2128.34
3.640000 64 65 2202.80
3.640000 64 66 2397.02
3.640000 64 67 2417.74
3.640000 64 68 2537.28
3.640000 64 69 2623.14
3.640000 64 70 2563.95
3.640000 64 71 2659.12
3.640000 64 72 2894.13
3.640000 64 73 2906.26
3.640000 64 74 2837.96
3.640000 64 75 2889.78
3.640000 64 76 2761.96
3.640000 64 77 2530.12
3.640000 64 78 2701.74
3.640000 64 79 2865.99
3.640000 64 80 3009.66
3.640000 64 81 3295.69
3.640000 64 82 3516.89
3.640000 64 83 3672.69
3.640000 64 84 3846.85
3.640000 64 85 3843.48
3.640000 64 86 3901.27
3.640000 64 87 4102.79
3.640000 64 88 4308.10
3.640000 64 89 4719.02
3.640000 64 90 4990.12
3.640000 64 91 5187.46
3.640000 64 92 5163.26
3.640000 64 93 5135.33
3.640000 64 94 5168.33
3.640000 64 95 5070.84
3.640000 64 96 4894.82
3.640000 64 97 4792.37
3.640000 64 98 4758.28
3.640000 64 99 4715.88
3.640000 64 100 4509.45
3.640000 64 101 4312.18
3.640000 64 102 4234.02
3.640000 64 103 4431.29
3.640000 64 104 4497.96
3.640000 64 105 4490.42
3.640000 64 106 4331.97
3.640000 64 107 3966.33
3.640000 64 108 3827.99
3.640000 64 109 3657.38
3.640000 64 110 3382.37
3.640000 64 111 3135.77
3.640000 64 112 2884.99
3.640000 64 113 2827.42
3.640000 64 114 2858.95
3.640000 64 115 2861.37
3.640000 64 116 2732.50
3.640000 64 117 2427.39
3.640000 64 118 2221.55
3.640000 64 119 1923.88
3.640000 64 120 1912.98
3.640000 64 121 1676.46
3.640000 64 122 1563.97
3.640000 64 123 1350.67
3.640000 64 124 1236.74
3.640000 64 125 1367.59
3.640000 64 126 1420.08
3.640000 64 127 1334.81
3.640000 64 128 1182.86
3.640000 64 129 1329.49
3.640000 64 130 1297.86
3.640000 64 131 1367.06
3.640000 64 132 1432.89
3.640000 64 133 1357.14
3.640000 64 134 1349.52
3.640000 64 135 1290.43
3.640000 64 136 1207.23
3.640000 64 137 1155.33
3.640000 64 138 1189.42
3.640000 64 139 1254.46
3.640000 64 140 1602.01
3.640000 64 141 1848.49
3.640000 64 142 2032.23
3.640000 64 143 2192.80
3.640000 64 144 2154.84
3.640000 64 145 2189.95
3.640000 64 146 2415.12
3.640000 64 147 2500.29
3.640000 64 148 2300.11
3.640000 64 149 2364.40
3.640000 64 150 2360.84
3.640000 64 151 2428.71
3.640000 64 152 2402.43
3.640000 64 153 1982.31
3.640000 64 154 1694.77
3.640000 64 155 1628.54
3.640000 64 156 1685.71
3.640000 64 157 1775.35
3.640000 64 158 1916.41
3.640000 64 159 1995.88
3.640000 64 160 1863.65
3.640000 64 161 1755.08
3.640000 64 162 1646.75
3.640000 64 163 1442.35
3.640000 64 164 1378.36
3.640000 64 165 1305.88
3.640000 64 166 1328.48
3.640000 64 167 1352.39
3.640000 64 168 1439.67
3.640000 64 169 1721.81
3.640000 64 170 1771.25
3.640000 64 171 1737.14
3.640000 64 172 1742.32
3.640000 64 173 1792.11
3.640000 64 174 1856.33
3.640000 64 175 2007.64
3.640000 64 176 2007.06
3.640000 64 177 1934.84
3.640000 64 178 2092.60
3.640000 64 179 2144.10
3.640000 64 180 2247.85
3.640000 64 181 2289.73
3.640000 64 182 2407.46
3.640000 64 183 2426.07
3.640000 64 184 2214.44
3.640000 64 185 2177.96
3.640000 64 186 2010.27
3.640000 64 187 1806.02
3.640000 64 188 1726.40
3.640000 64 189 1496.31
3.640000 64 190 1498.50
3.640000 64 191 1582.93
3.640000 64 192 1613.76
3.640000 64 193 1779.56
3.640000 64 194 1952.85
3.640000 64 195 2131.44
3.640000 64 196 2008.50
3.640000 64 197 1880.70
3.640000 64 198 1825.26
3.640000 64 199 1880.46
