2.268000 256 0 943226.73
2.268000 256 1 839830.20
2.268000 256 2 756278.33
2.268000 256 3 687852.44
2.268000 256 4 618883.11
2.268000 256 5 548928.61
2.268000 256 6 480881.22
2.268000 256 7 418501.57
2.268000 256 8 369651.98
2.268000 256 9 327181.28
2.268000 256 10 286017.84
2.268000 256 11 248157.64
2.268000 256 12 213651.49
2.268000 256 13 179213.40
2.268000 256 14 141325.96
2.268000 256 15 96053.24
2.268000 256 16 50826.11
2.268000 256 17 12468.34
2.268000 256 18 -7020.64
2.268000 256 19 -28984.12
2.268000 256 20 -48933.38
2.268000 256 21 -65545.34
2.268000 256 22 -81772.98
2.268000 256 23 -92630.45
2.268000 256 24 -101675.79
2.268000 256 25 -115237.24
2.268000 256 26 -124285.25
2.268000 256 27 -128265.50
2.268000 256 28 -133423.16
2.268000 256 29 -132720.49
2.268000 256 30 -137951.22
2.268000 256 31 -139729.51
2.268000 256 32 -148373.24
2.268000 256 33 -163539.00
2.268000 256 34 -176007.51
2.268000 256 35 -178416.30
2.268000 256 36 -180242.68
2.268000 256 37 -176678.84
2.268000 256 38 -174915.69
2.268000 256 39 -166148.38
2.268000 256 40 -157285.68
2.268000 256 41 -145885.16
2.268000 256 42 -132831.58
2.268000 256 43 -128474.07
2.268000 256 44 -121848.03
2.268000 256 45 -116607.27
2.268000 256 46 -112879.60
2.268000 256 47 -120564.08
2.268000 256 48 -123409.38
2.268000 256 49 -129811.43
2.268000 256 50 -136257.43
2.268000 256 51 -142852.59
2.268000 256 52 -146478.22
2.268000 256 53 -143830.23
2.268000 256 54 -144947.25
2.268000 256 55 -148919.16
2.268000 256 56 -151720.49
2.268000 256 57 -162541.19
2.268000 256 58 -171509.40
2.268000 256 59 -172582.70
2.268000 256 60 -177612.26
2.268000 256 61 -181639.79
2.268000 256 62 -197160.16
2.268000 256 63 -215810.90
2.268000 256 64 -225679.82
2.268000 256 65 -238708.12
2.268000 256 66 -253578.28
2.268000 256 67 -269067.49
2.268000 256 68 -276623.22
2.268000 256 69 -280416.82
2.268000 256 70 -281416.81
2.268000 256 71 -283240.49
2.268000 256 72 -285639.89
2.268000 256 73 -288834.36
2.268000 256 74 -295288.47
2.268000 256 75 -298659.91
2.268000 256 76 -304305.52
2.268000 256 77 -320019.50
2.268000 256 78 -331086.78
2.268000 256 79 -330537.01
2.268000 256 80 -332462.14
2.268000 256 81 -331065.10
2.268000 256 82 -331293.00
2.268000 256 83 -327160.06
2.268000 256 84 -324897.93
2.268000 256 85 -314243.22
2.268000 256 86 -301744.18
2.268000 256 87 -279496.45
2.268000 256 88 -251557.71
2.268000 256 89 -227988.09
2.268000 256 90 -210706.36
2.268000 256 91 -194208.35
2.268000 256 92 -175545.89
2.268000 256 93 -145625.68
2.268000 256 94 -115864.77
2.268000 256 95 -90440.70
2.268000 256 96 -66647.34
2.268000 256 97 -47395.91
2.268000 256 98 -43389.54
2.268000 256 99 -37727.66
2.268000 256 100 -27462.67
2.268000 256 101 -15825.79
2.268000 256 102 -2554.61
2.268000 256 103 11024.33
2.268000 256 104 24552.92
2.268000 256 105 32586.99
2.268000 256 106 41372.12
2.268000 256 107 52547.65
2.268000 256 108 63284.97
2.268000 256 109 73143.67
2.268000 256 110 81224.15
2.268000 256 111 89038.60
2.268000 256 112 91197.97
2.268000 256 113 93747.31
2.268000 256 114 93951.01
2.268000 256 115 97085.64
2.268000 256 116 96923.18
2.268000 256 117 90852.28
2.268000 256 118 84767.65
2.268000 256 119 72307.05
2.268000 256 120 62887.46
2.268000 256 121 48797.28
2.268000 256 122 37112.71
2.268000 256 123 27149.25
2.268000 256 124 20530.46
2.268000 256 125 5960.81
2.268000 256 126 -7857.84
2.268000 256 127 -21941.92
2.268000 256 128 -34779.22
2.268000 256 129 -57543.85
2.268000 256 130 -75313.18
2.268000 256 131 -98633.82
2.268000 256 132 -118385.97
2.268000 256 133 -126918.52
2.268000 256 134 -133367.35
2.268000 256 135 -147519.72
2.268000 256 136 -162876.55
2.268000 256 137 -183189.72
2.268000 256 138 -197505.79
2.268000 256 139 -209979.71
2.268000 256 140 -220251.50
2.268000 256 141 -222720.20
2.268000 256 142 -215854.10
2.268000 256 143 -211392.53
2.268000 256 144 -204479.25
2.268000 256 145 -194631.37
2.268000 256 146 -184003.13
2.268000 256 147 -176486.36
2.268000 256 148 -162901.16
2.268000 256 149 -160901.65
2.268000 256 150 -166358.51
2.268000 256 151 -170365.37
2.268000 256 152 -166167.98
2.268000 256 153 -155115.87
2.268000 256 154 -139989.80
2.268000 256 155 -126942.48
2.268000 256 156 -115370.78
2.268000 256 157 -109281.18
2.268000 256 158 -104335.48
2.268000 256 159 -108342.87
2.268000 256 160 -108262.02
2.268000 256 161 -108307.65
2.268000 256 162 -112637.10
2.268000 256 163 -112172.35
2.268000 256 164 -110463.82
2.268000 256 165 -111177.53
2.268000 256 166 -111607.08
2.268000 256 167 -106166.61
2.268000 256 168 -114404.78
2.268000 256 169 -124098.24
2.268000 256 170 -138499.98
2.268000 256 171 -155689.98
2.268000 256 172 -170670.77
2.268000 256 173 -179884.48
2.268000 256 174 -189472.27
2.268000 256 175 -210486.24
2.268000 256 176 -222283.70
2.268000 256 177 -242919.18
2.268000 256 178 -263522.09
2.268000 256 179 -290185.95
2.268000 256 180 -311264.53
2.268000 256 181 -333281.50
2.268000 256 182 -352682.20
2.268000 256 183 -358609.73
2.268000 256 184 -357173.47
2.268000 256 185 -356811.02
2.268000 256 186 -341572.94
2.268000 256 187 -341395.56
2.268000 256 188 -341022.44
2.268000 256 189 -345613.39
2.268000 256 190 -351434.89
2.268000 256 191 -359244.39
2.268000 256 192 -368433.38
2.268000 256 193 -376220.75
2.268000 256 194 -386412.34
2.268000 256 195 -387545.29
2.268000 256 196 -388993.57
2.268000 256 197 -382198.55
2.268000 256 198 -373911.95
2.268000 256 199 -363880.97
