3.780000 16 0 5590.68
3.780000 16 1 4055.82
3.780000 16 2 3025.03
3.780000 16 3 2289.86
3.780000 16 4 1756.87
3.780000 16 5 1351.10
3.780000 16 6 1052.29
3.780000 16 7 825.77
3.780000 16 8 657.00
3.780000 16 9 530.46
3.780000 16 10 422.89
3.780000 16 11 331.73
3.780000 16 12 264.99
3.780000 16 13 212.60
3.780000 16 14 158.77
3.780000 16 15 124.46
3.780000 16 16 102.08
3.780000 16 17 89.79
3.780000 16 18 73.17
3.780000 16 19 46.01
3.780000 16 20 38.40
3.780000 16 21 56.91
3.780000 16 22 60.18
3.780000 16 23 58.12
3.780000 16 24 64.01
3.780000 16 25 78.76
3.780000 16 26 72.42
3.780000 16 27 60.00
3.780000 16 28 51.80
3.780000 16 29 46.80
3.780000 16 30 50.27
3.780000 16 31 37.77
3.780000 16 32 26.88
3.780000 16 33 27.40
3.780000 16 34 20.88
3.780000 16 35  5.63
3.780000 16 36 -7.15
3.780000 16 37 -20.14
3.780000 16 38 -19.40
3.780000 16 39 -15.16
3.780000 16 40 -14.18
3.780000 16 41  0.04
3.780000 16 42 15.30
3.780000 16 43 24.07
3.780000 16 44 42.64
3.780000 16 45 53.44
3.780000 16 46 62.31
3.780000 16 47 71.51
3.780000 16 48 63.24
3.780000 16 49 74.08
3.780000 16 50 73.93
3.780000 16 51 70.94
3.780000 16 52 70.70
3.780000 16 53 60.70
3.780000 16 54 44.77
3.780000 16 55 50.80
3.780000 16 56 34.82
3.780000 16 57 34.80
3.780000 16 58 37.37
3.780000 16 59 44.28
3.780000 16 60 30.81
3.780000 16 61 21.35
3.780000 16 62 32.81
3.780000 16 63 33.04
3.780000 16 64 17.49
3.780000 16 65 11.79
3.780000 16 66  7.76
3.780000 16 67  9.89
3.780000 16 68 -1.85
3.780000 16 69  0.81
3.780000 16 70 -10.41
3.780000 16 71 -0.99
3.780000 16 72 -1.96
3.780000 16 73  9.73
3.780000 16 74 -10.64
3.780000 16 75 -17.68
3.780000 16 76 -20.25
3.780000 16 77 -10.80
3.780000 16 78 10.80
3.780000 16 79 28.55
3.780000 16 80 24.36
3.780000 16 81 16.60
3.780000 16 82 12.75
3.780000 16 83  5.63
3.780000 16 84 -0.14
3.780000 16 85 -5.93
3.780000 16 86 -5.54
3.780000 16 87  3.55
3.780000 16 88  5.08
3.780000 16 89  0.55
3.780000 16 90 -6.02
3.780000 16 91  6.71
3.780000 16 92  2.12
3.780000 16 93 -7.78
3.780000 16 94 -19.43
3.780000 16 95 -28.67
3.780000 16 96 -31.16
3.780000 16 97 -27.94
3.780000 16 98 -38.88
3.780000 16 99 -33.43
3.780000 16 100 -28.97
3.780000 16 101 -20.56
3.780000 16 102 -28.21
3.780000 16 103 -34.68
3.780000 16 104 -29.58
3.780000 16 105 -11.43
3.780000 16 106 -2.20
3.780000 16 107  8.92
3.780000 16 108 14.08
3.780000 16 109  7.03
3.780000 16 110 -13.86
3.780000 16 111 -28.35
3.780000 16 112 -41.06
3.780000 16 113 -61.66
3.780000 16 114 -83.19
3.780000 16 115 -99.46
3.780000 16 116 -95.16
3.780000 16 117 -74.17
3.780000 16 118 -44.46
3.780000 16 119 -27.37
3.780000 16 120 -14.73
3.780000 16 121 -5.20
3.780000 16 122 -0.21
3.780000 16 123  4.01
3.780000 16 124 19.38
3.780000 16 125 30.01
3.780000 16 126 29.26
3.780000 16 127 12.41
3.780000 16 128  5.65
3.780000 16 129 -2.60
3.780000 16 130 -21.82
3.780000 16 131 -31.47
3.780000 16 132 -50.01
3.780000 16 133 -55.07
3.780000 16 134 -53.31
3.780000 16 135 -47.22
3.780000 16 136 -61.27
3.780000 16 137 -58.52
3.780000 16 138 -55.24
3.780000 16 139 -53.80
3.780000 16 140 -48.07
3.780000 16 141 -44.18
3.780000 16 142 -59.16
3.780000 16 143 -61.59
3.780000 16 144 -62.30
3.780000 16 145 -47.25
3.780000 16 146 -36.66
3.780000 16 147 -34.03
3.780000 16 148 -11.91
3.780000 16 149 -15.28
3.780000 16 150 -1.47
3.780000 16 151 -7.20
3.780000 16 152 -9.80
3.780000 16 153 -3.07
3.780000 16 154 16.52
3.780000 16 155 15.53
3.780000 16 156 19.61
3.780000 16 157 21.66
3.780000 16 158 22.85
3.780000 16 159 25.94
3.780000 16 160 17.28
3.780000 16 161 13.56
3.780000 16 162 18.10
3.780000 16 163 19.14
3.780000 16 164 14.70
3.780000 16 165  1.81
3.780000 16 166 -7.30
3.780000 16 167 -29.60
3.780000 16 168 -26.47
3.780000 16 169 -28.79
3.780000 16 170 -13.35
3.780000 16 171 -5.73
3.780000 16 172 -15.65
3.780000 16 173 -23.53
3.780000 16 174 -34.00
3.780000 16 175 -29.32
3.780000 16 176 -23.82
3.780000 16 177 -20.79
3.780000 16 178 -12.08
3.780000 16 179 -14.29
3.780000 16 180  3.17
3.780000 16 181 12.67
3.780000 16 182 15.48
3.780000 16 183  5.51
3.780000 16 184 -8.24
3.780000 16 185 -10.01
3.780000 16 186 -18.03
3.780000 16 187 -35.24
3.780000 16 188 -48.09
3.780000 16 189 -55.23
3.780000 16 190 -56.15
3.780000 16 191 -41.47
3.780000 16 192 -8.49
3.780000 16 193 13.74
3.780000 16 194 25.81
3.780000 16 195 22.46
3.780000 16 196 19.09
3.780000 16 197  4.85
3.780000 16 198 -3.91
3.780000 16 199 -4.44
