3.780000 24 0 13397.31
3.780000 24 1 10730.67
3.780000 24 2 8709.88
3.780000 24 3 7118.55
3.780000 24 4 5901.73
3.780000 24 5 4934.95
3.780000 24 6 4148.48
3.780000 24 7 3494.54
3.780000 24 8 2958.71
3.780000 24 9 2493.61
3.780000 24 10 2126.97
3.780000 24 11 1797.11
3.780000 24 12 1521.01
3.780000 24 13 1309.20
3.780000 24 14 1115.43
3.780000 24 15 945.61
3.780000 24 16 815.53
3.780000 24 17 729.75
3.780000 24 18 649.63
3.780000 24 19 580.30
3.780000 24 20 523.15
3.780000 24 21 473.11
3.780000 24 22 434.96
3.780000 24 23 420.53
3.780000 24 24 377.40
3.780000 24 25 322.79
3.780000 24 26 277.58
3.780000 24 27 260.60
3.780000 24 28 251.30
3.780000 24 29 246.11
3.780000 24 30 222.80
3.780000 24 31 187.38
3.780000 24 32 135.45
3.780000 24 33 104.92
3.780000 24 34 73.23
3.780000 24 35 49.63
3.780000 24 36  6.64
3.780000 24 37 -67.35
3.780000 24 38 -119.03
3.780000 24 39 -141.41
3.780000 24 40 -153.81
3.780000 24 41 -151.81
3.780000 24 42 -135.93
3.780000 24 43 -131.02
3.780000 24 44 -107.98
3.780000 24 45 -106.86
3.780000 24 46 -122.01
3.780000 24 47 -130.42
3.780000 24 48 -118.92
3.780000 24 49 -128.63
3.780000 24 50 -165.52
3.780000 24 51 -187.11
3.780000 24 52 -184.35
3.780000 24 53 -181.06
3.780000 24 54 -167.88
3.780000 24 55 -159.41
3.780000 24 56 -165.37
3.780000 24 57 -167.29
3.780000 24 58 -192.19
3.780000 24 59 -185.52
3.780000 24 60 -161.82
3.780000 24 61 -155.94
3.780000 24 62 -143.81
3.780000 24 63 -135.14
3.780000 24 64 -127.45
3.780000 24 65 -117.14
3.780000 24 66 -118.78
3.780000 24 67 -132.42
3.780000 24 68 -153.96
3.780000 24 69 -158.30
3.780000 24 70 -163.13
3.780000 24 71 -165.36
3.780000 24 72 -159.39
3.780000 24 73 -132.71
3.780000 24 74 -110.54
3.780000 24 75 -94.12
3.780000 24 76 -89.99
3.780000 24 77 -84.59
3.780000 24 78 -101.13
3.780000 24 79 -130.71
3.780000 24 80 -184.55
3.780000 24 81 -232.70
3.780000 24 82 -261.36
3.780000 24 83 -257.11
3.780000 24 84 -246.26
3.780000 24 85 -219.13
3.780000 24 86 -215.41
3.780000 24 87 -204.83
3.780000 24 88 -177.98
3.780000 24 89 -155.40
3.780000 24 90 -139.70
3.780000 24 91 -100.76
3.780000 24 92 -71.27
3.780000 24 93 -79.71
3.780000 24 94 -79.31
3.780000 24 95 -65.97
3.780000 24 96 -49.87
3.780000 24 97 -37.24
3.780000 24 98 -28.94
3.780000 24 99 -9.45
3.780000 24 100 -7.49
3.780000 24 101 -3.30
3.780000 24 102 -8.31
3.780000 24 103 -1.40
3.780000 24 104  6.34
3.780000 24 105 32.94
3.780000 24 106 42.06
3.780000 24 107 45.66
3.780000 24 108 53.52
3.780000 24 109 53.01
3.780000 24 110 74.23
3.780000 24 111 72.15
3.780000 24 112 76.27
3.780000 24 113 89.56
3.780000 24 114 78.93
3.780000 24 115 56.30
3.780000 24 116 36.49
3.780000 24 117 20.32
3.780000 24 118 27.34
3.780000 24 119  0.13
3.780000 24 120 -12.08
3.780000 24 121 -11.54
3.780000 24 122 -36.62
3.780000 24 123 -40.40
3.780000 24 124 -44.10
3.780000 24 125 -28.15
3.780000 24 126 -34.67
3.780000 24 127 -12.40
3.780000 24 128 -1.93
3.780000 24 129  2.42
3.780000 24 130 -16.25
3.780000 24 131 -22.55
3.780000 24 132 -11.41
3.780000 24 133  5.20
3.780000 24 134 -2.75
3.780000 24 135 -30.07
3.780000 24 136 -14.04
3.780000 24 137  8.94
3.780000 24 138 33.91
3.780000 24 139 37.96
3.780000 24 140 36.67
3.780000 24 141 33.89
3.780000 24 142 38.29
3.780000 24 143 48.13
3.780000 24 144 50.94
3.780000 24 145 52.60
3.780000 24 146 44.14
3.780000 24 147 13.21
3.780000 24 148 10.51
3.780000 24 149 -5.26
3.780000 24 150 -37.88
3.780000 24 151 -59.31
3.780000 24 152 -67.38
3.780000 24 153 -77.60
3.780000 24 154 -99.03
3.780000 24 155 -129.95
3.780000 24 156 -137.38
3.780000 24 157 -166.82
3.780000 24 158 -215.64
3.780000 24 159 -230.20
3.780000 24 160 -226.12
3.780000 24 161 -224.31
3.780000 24 162 -208.11
3.780000 24 163 -198.98
3.780000 24 164 -196.54
3.780000 24 165 -190.96
3.780000 24 166 -193.73
3.780000 24 167 -188.51
3.780000 24 168 -178.33
3.780000 24 169 -182.62
3.780000 24 170 -197.97
3.780000 24 171 -212.87
3.780000 24 172 -221.37
3.780000 24 173 -225.41
3.780000 24 174 -221.02
3.780000 24 175 -203.83
3.780000 24 176 -164.15
3.780000 24 177 -140.22
3.780000 24 178 -135.86
3.780000 24 179 -147.73
3.780000 24 180 -188.82
3.780000 24 181 -222.43
3.780000 24 182 -217.88
3.780000 24 183 -211.54
3.780000 24 184 -212.39
3.780000 24 185 -193.74
3.780000 24 186 -193.59
3.780000 24 187 -185.09
3.780000 24 188 -189.63
3.780000 24 189 -173.81
3.780000 24 190 -164.91
3.780000 24 191 -143.68
3.780000 24 192 -120.08
3.780000 24 193 -97.16
3.780000 24 194 -69.51
3.780000 24 195 -86.94
3.780000 24 196 -119.18
3.780000 24 197 -139.95
3.780000 24 198 -171.07
3.780000 24 199 -178.00
