3.640000 16 0 5139.03
3.640000 16 1 3352.93
3.640000 16 2 2264.67
3.640000 16 3 1560.10
3.640000 16 4 1086.09
3.640000 16 5 754.53
3.640000 16 6 539.14
3.640000 16 7 392.44
3.640000 16 8 279.77
3.640000 16 9 212.49
3.640000 16 10 175.58
3.640000 16 11 129.60
3.640000 16 12 83.56
3.640000 16 13 53.53
3.640000 16 14 31.07
3.640000 16 15  3.88
3.640000 16 16 -15.23
3.640000 16 17 -37.01
3.640000 16 18 -24.81
3.640000 16 19 -7.64
3.640000 16 20 -0.55
3.640000 16 21 -0.78
3.640000 16 22  1.05
3.640000 16 23  9.20
3.640000 16 24  2.60
3.640000 16 25 -6.06
3.640000 16 26 -9.17
3.640000 16 27 -4.75
3.640000 16 28  1.73
3.640000 16 29  4.08
3.640000 16 30 18.98
3.640000 16 31 24.43
3.640000 16 32 36.11
3.640000 16 33 38.57
3.640000 16 34 43.34
3.640000 16 35 67.85
3.640000 16 36 68.59
3.640000 16 37 71.76
3.640000 16 38 61.29
3.640000 16 39 44.21
3.640000 16 40 27.87
3.640000 16 41 25.00
3.640000 16 42 18.27
3.640000 16 43  8.94
3.640000 16 44  8.36
3.640000 16 45 -10.88
3.640000 16 46 -2.44
3.640000 16 47  0.17
3.640000 16 48 -1.74
3.640000 16 49  3.68
3.640000 16 50  4.45
3.640000 16 51 -0.36
3.640000 16 52 -3.15
3.640000 16 53 -5.53
3.640000 16 54 -13.39
3.640000 16 55 -14.58
3.640000 16 56 -19.65
3.640000 16 57 -25.48
3.640000 16 58 -10.88
3.640000 16 59 -2.46
3.640000 16 60 17.58
3.640000 16 61  9.41
3.640000 16 62  4.35
3.640000 16 63 -1.76
3.640000 16 64 -2.06
3.640000 16 65 -2.05
3.640000 16 66 -4.18
3.640000 16 67 -0.25
3.640000 16 68 15.29
3.640000 16 69 20.98
3.640000 16 70 36.11
3.640000 16 71 22.76
3.640000 16 72 13.80
3.640000 16 73  7.08
3.640000 16 74  7.90
3.640000 16 75  5.58
3.640000 16 76 -2.37
3.640000 16 77  0.49
3.640000 16 78  2.97
3.640000 16 79 -1.56
3.640000 16 80 -17.13
3.640000 16 81 -25.10
3.640000 16 82 -28.60
3.640000 16 83 -22.89
3.640000 16 84 -14.16
3.640000 16 85 -8.41
3.640000 16 86  0.29
3.640000 16 87  7.98
3.640000 16 88 -0.85
3.640000 16 89 -7.95
3.640000 16 90  3.54
3.640000 16 91  8.41
3.640000 16 92 -3.20
3.640000 16 93 -14.37
3.640000 16 94 -13.63
3.640000 16 95 -7.07
3.640000 16 96  5.48
3.640000 16 97  7.60
3.640000 16 98 11.98
3.640000 16 99 20.68
3.640000 16 100 10.24
3.640000 16 101  5.05
3.640000 16 102 -1.00
3.640000 16 103 -7.52
3.640000 16 104 -6.74
3.640000 16 105 -3.20
3.640000 16 106 -8.26
3.640000 16 107 -3.51
3.640000 16 108 -1.40
3.640000 16 109 -2.88
3.640000 16 110  6.23
3.640000 16 111 -8.20
3.640000 16 112 -25.77
3.640000 16 113 -22.52
3.640000 16 114 -2.83
3.640000 16 115 -6.66
3.640000 16 116 -17.13
3.640000 16 117 -21.19
3.640000 16 118 -23.19
3.640000 16 119 -22.04
3.640000 16 120 -9.98
3.640000 16 121 -29.80
3.640000 16 122 -44.52
3.640000 16 123 -36.49
3.640000 16 124 -33.60
3.640000 16 125 -38.86
3.640000 16 126 -35.15
3.640000 16 127 -38.42
3.640000 16 128 -34.26
3.640000 16 129 -32.87
3.640000 16 130 -15.54
3.640000 16 131 -5.89
3.640000 16 132 -18.54
3.640000 16 133 -36.87
3.640000 16 134 -31.94
3.640000 16 135 -41.47
3.640000 16 136 -37.88
3.640000 16 137 -35.25
3.640000 16 138 -39.48
3.640000 16 139 -53.40
3.640000 16 140 -46.09
3.640000 16 141 -47.74
3.640000 16 142 -52.90
3.640000 16 143 -45.89
3.640000 16 144 -34.10
3.640000 16 145 -58.80
3.640000 16 146 -80.84
3.640000 16 147 -88.37
3.640000 16 148 -95.07
3.640000 16 149 -82.31
3.640000 16 150 -71.68
3.640000 16 151 -62.21
3.640000 16 152 -53.62
3.640000 16 153 -44.94
3.640000 16 154 -41.39
3.640000 16 155 -37.88
3.640000 16 156 -29.22
3.640000 16 157 -14.84
3.640000 16 158  2.54
3.640000 16 159 21.06
3.640000 16 160 17.32
3.640000 16 161 19.09
3.640000 16 162 26.94
3.640000 16 163 25.79
3.640000 16 164 21.89
3.640000 16 165 18.08
3.640000 16 166  9.49
3.640000 16 167  9.79
3.640000 16 168 21.33
3.640000 16 169 25.53
3.640000 16 170 32.66
3.640000 16 171 26.01
3.640000 16 172  7.90
3.640000 16 173 -3.16
3.640000 16 174 -12.73
3.640000 16 175 -14.13
3.640000 16 176 -11.19
3.640000 16 177 -11.93
3.640000 16 178 -10.56
3.640000 16 179  5.84
3.640000 16 180  2.04
3.640000 16 181 -10.12
3.640000 16 182 -13.80
3.640000 16 183 -27.34
3.640000 16 184 -20.31
3.640000 16 185 -15.93
3.640000 16 186 -15.23
3.640000 16 187  0.31
3.640000 16 188 15.26
3.640000 16 189  4.72
3.640000 16 190  0.57
3.640000 16 191 -9.34
3.640000 16 192 -7.12
3.640000 16 193 10.74
3.640000 16 194 14.51
3.640000 16 195  8.12
3.640000 16 196  2.04
3.640000 16 197 -0.59
3.640000 16 198  1.74
3.640000 16 199  4.36
