3.800000 24 0 12981.63
3.800000 24 1 10504.49
3.800000 24 2 8651.13
3.800000 24 3 7177.82
3.800000 24 4 6000.28
3.800000 24 5 5046.38
3.800000 24 6 4252.39
3.800000 24 7 3577.00
3.800000 24 8 3006.47
3.800000 24 9 2525.06
3.800000 24 10 2121.70
3.800000 24 11 1768.45
3.800000 24 12 1462.75
3.800000 24 13 1211.94
3.800000 24 14 985.92
3.800000 24 15 809.80
3.800000 24 16 663.78
3.800000 24 17 574.39
3.800000 24 18 460.45
3.800000 24 19 374.31
3.800000 24 20 295.48
3.800000 24 21 208.22
3.800000 24 22 139.33
3.800000 24 23 95.28
3.800000 24 24 58.17
3.800000 24 25 55.06
3.800000 24 26 68.90
3.800000 24 27 103.25
3.800000 24 28 137.54
3.800000 24 29 126.07
3.800000 24 30 119.66
3.800000 24 31 101.70
3.800000 24 32 80.40
3.800000 24 33 75.95
3.800000 24 34 72.71
3.800000 24 35 66.08
3.800000 24 36 62.87
3.800000 24 37 77.26
3.800000 24 38 87.77
3.800000 24 39 82.14
3.800000 24 40 91.07
3.800000 24 41 102.13
3.800000 24 42 78.12
3.800000 24 43 58.76
3.800000 24 44 49.84
3.800000 24 45 37.71
3.800000 24 46 46.92
3.800000 24 47 44.69
3.800000 24 48 27.72
3.800000 24 49 32.20
3.800000 24 50 23.71
3.800000 24 51 -1.90
3.800000 24 52  1.02
3.800000 24 53 -16.94
3.800000 24 54 -8.80
3.800000 24 55 -34.52
3.800000 24 56 -35.40
3.800000 24 57 -27.66
3.800000 24 58 -22.55
3.800000 24 59 -16.96
3.800000 24 60 -58.24
3.800000 24 61 -67.89
3.800000 24 62 -71.11
3.800000 24 63 -60.45
3.800000 24 64 -50.02
3.800000 24 65 -28.89
3.800000 24 66 -6.76
3.800000 24 67  2.07
3.800000 24 68  2.25
3.800000 24 69 -7.40
3.800000 24 70 -6.80
3.800000 24 71 -12.45
3.800000 24 72 -23.87
3.800000 24 73 -40.22
3.800000 24 74 -60.26
3.800000 24 75 -102.54
3.800000 24 76 -139.77
3.800000 24 77 -169.53
3.800000 24 78 -202.89
3.800000 24 79 -218.58
3.800000 24 80 -218.66
3.800000 24 81 -200.05
3.800000 24 82 -187.61
3.800000 24 83 -189.28
3.800000 24 84 -189.76
3.800000 24 85 -183.50
3.800000 24 86 -160.36
3.800000 24 87 -122.01
3.800000 24 88 -103.03
3.800000 24 89 -97.19
3.800000 24 90 -94.23
3.800000 24 91 -71.90
3.800000 24 92 -35.05
3.800000 24 93 -12.88
3.800000 24 94  2.37
3.800000 24 95 -5.56
3.800000 24 96  2.90
3.800000 24 97 -0.12
3.800000 24 98 18.98
3.800000 24 99 34.97
3.800000 24 100 56.24
3.800000 24 101 50.80
3.800000 24 102 59.50
3.800000 24 103 78.45
3.800000 24 104 114.55
3.800000 24 105 137.17
3.800000 24 106 149.56
3.800000 24 107 150.95
3.800000 24 108 125.30
3.800000 24 109 103.15
3.800000 24 110 98.31
3.800000 24 111 88.18
3.800000 24 112 75.80
3.800000 24 113 62.02
3.800000 24 114 42.20
3.800000 24 115 16.09
3.800000 24 116  4.90
3.800000 24 117 -8.40
3.800000 24 118  8.37
3.800000 24 119 12.88
3.800000 24 120 16.13
3.800000 24 121 35.29
3.800000 24 122 66.22
3.800000 24 123 80.92
3.800000 24 124 72.02
3.800000 24 125 49.47
3.800000 24 126 37.32
3.800000 24 127 23.12
3.800000 24 128 19.87
3.800000 24 129 20.69
3.800000 24 130 23.75
3.800000 24 131 23.44
3.800000 24 132  7.44
3.800000 24 133 15.38
3.800000 24 134 33.06
3.800000 24 135 41.35
3.800000 24 136 30.64
3.800000 24 137 27.29
3.800000 24 138 24.95
3.800000 24 139 14.64
3.800000 24 140 36.82
3.800000 24 141 44.70
3.800000 24 142 54.05
3.800000 24 143 63.18
3.800000 24 144 76.16
3.800000 24 145 79.64
3.800000 24 146 109.16
3.800000 24 147 134.17
3.800000 24 148 162.56
3.800000 24 149 171.97
3.800000 24 150 196.59
3.800000 24 151 199.26
3.800000 24 152 219.50
3.800000 24 153 227.62
3.800000 24 154 231.73
3.800000 24 155 257.84
3.800000 24 156 250.43
3.800000 24 157 232.44
3.800000 24 158 208.94
3.800000 24 159 189.34
3.800000 24 160 177.66
3.800000 24 161 173.26
3.800000 24 162 192.35
3.800000 24 163 214.80
3.800000 24 164 228.91
3.800000 24 165 245.32
3.800000 24 166 250.59
3.800000 24 167 249.66
3.800000 24 168 247.84
3.800000 24 169 238.20
3.800000 24 170 198.63
3.800000 24 171 177.49
3.800000 24 172 167.77
3.800000 24 173 125.74
3.800000 24 174 124.15
3.800000 24 175 112.02
3.800000 24 176 124.14
3.800000 24 177 102.57
3.800000 24 178 77.18
3.800000 24 179 64.88
3.800000 24 180 46.32
3.800000 24 181 45.01
3.800000 24 182 25.33
3.800000 24 183 33.35
3.800000 24 184 30.21
3.800000 24 185 13.58
3.800000 24 186 -6.15
3.800000 24 187 -23.98
3.800000 24 188 -23.03
3.800000 24 189 -32.97
3.800000 24 190 -29.07
3.800000 24 191 -15.01
3.800000 24 192 -2.41
3.800000 24 193 -7.00
3.800000 24 194 -4.63
3.800000 24 195  8.67
3.800000 24 196  4.42
3.800000 24 197 10.86
3.800000 24 198 29.23
3.800000 24 199 43.14
