2.267000 256 0 954560.89
2.267000 256 1 849536.30
2.267000 256 2 764818.02
2.267000 256 3 694235.45
2.267000 256 4 637371.64
2.267000 256 5 596672.13
2.267000 256 6 555922.94
2.267000 256 7 525981.11
2.267000 256 8 506417.77
2.267000 256 9 482954.26
2.267000 256 10 472050.74
2.267000 256 11 459516.28
2.267000 256 12 455990.86
2.267000 256 13 452682.85
2.267000 256 14 444330.41
2.267000 256 15 434380.52
2.267000 256 16 421117.00
2.267000 256 17 414628.38
2.267000 256 18 406427.96
2.267000 256 19 399385.53
2.267000 256 20 391978.88
2.267000 256 21 394162.84
2.267000 256 22 399147.21
2.267000 256 23 402162.86
2.267000 256 24 407183.45
2.267000 256 25 408156.50
2.267000 256 26 399319.31
2.267000 256 27 390522.41
2.267000 256 28 379007.05
2.267000 256 29 353573.29
2.267000 256 30 335996.07
2.267000 256 31 322846.48
2.267000 256 32 309716.94
2.267000 256 33 299309.67
2.267000 256 34 291395.46
2.267000 256 35 284151.23
2.267000 256 36 275827.18
2.267000 256 37 270481.87
2.267000 256 38 264196.35
2.267000 256 39 253494.91
2.267000 256 40 246728.03
2.267000 256 41 233826.42
2.267000 256 42 221243.14
2.267000 256 43 202907.51
2.267000 256 44 181348.24
2.267000 256 45 169107.58
2.267000 256 46 153342.51
2.267000 256 47 137246.26
2.267000 256 48 118672.16
2.267000 256 49 106279.61
2.267000 256 50 98842.19
2.267000 256 51 88416.78
2.267000 256 52 89192.78
2.267000 256 53 89207.40
2.267000 256 54 91800.34
2.267000 256 55 109367.41
2.267000 256 56 123455.50
2.267000 256 57 135735.20
2.267000 256 58 140742.18
2.267000 256 59 148378.59
2.267000 256 60 167652.88
2.267000 256 61 189147.74
2.267000 256 62 208321.70
2.267000 256 63 228072.79
2.267000 256 64 250465.60
2.267000 256 65 273940.49
2.267000 256 66 295966.32
2.267000 256 67 312988.64
2.267000 256 68 329141.66
2.267000 256 69 339895.50
2.267000 256 70 355068.34
2.267000 256 71 365157.53
2.267000 256 72 382842.76
2.267000 256 73 402327.11
2.267000 256 74 419158.82
2.267000 256 75 435037.83
2.267000 256 76 452113.01
2.267000 256 77 477530.32
2.267000 256 78 493238.50
2.267000 256 79 501242.26
2.267000 256 80 512096.43
2.267000 256 81 519674.75
2.267000 256 82 512317.51
2.267000 256 83 504962.90
2.267000 256 84 513997.29
2.267000 256 85 521878.87
2.267000 256 86 521678.69
2.267000 256 87 534490.47
2.267000 256 88 551525.74
2.267000 256 89 570802.84
2.267000 256 90 588609.54
2.267000 256 91 597614.52
2.267000 256 92 607231.24
2.267000 256 93 615405.97
2.267000 256 94 627416.90
2.267000 256 95 637474.86
2.267000 256 96 657042.27
2.267000 256 97 675342.78
2.267000 256 98 697606.48
2.267000 256 99 718081.22
2.267000 256 100 732483.96
2.267000 256 101 746672.06
2.267000 256 102 753292.57
2.267000 256 103 767496.97
2.267000 256 104 786882.60
2.267000 256 105 804157.11
2.267000 256 106 826858.64
2.267000 256 107 832654.78
2.267000 256 108 851064.82
2.267000 256 109 868432.86
2.267000 256 110 876854.50
2.267000 256 111 880277.63
2.267000 256 112 883208.53
2.267000 256 113 878777.05
2.267000 256 114 870977.60
2.267000 256 115 869993.94
2.267000 256 116 875102.88
2.267000 256 117 869645.10
2.267000 256 118 871891.87
2.267000 256 119 882800.86
2.267000 256 120 898370.15
2.267000 256 121 912169.89
2.267000 256 122 932538.02
2.267000 256 123 954350.01
2.267000 256 124 981102.35
2.267000 256 125 1005598.39
2.267000 256 126 1019758.62
2.267000 256 127 1033425.84
2.267000 256 128 1034411.83
2.267000 256 129 1035636.65
2.267000 256 130 1031635.27
2.267000 256 131 1033564.83
2.267000 256 132 1038390.77
2.267000 256 133 1046722.99
2.267000 256 134 1047421.01
2.267000 256 135 1048967.49
2.267000 256 136 1044682.68
2.267000 256 137 1042006.54
2.267000 256 138 1042613.82
2.267000 256 139 1045265.64
2.267000 256 140 1056483.98
2.267000 256 141 1070230.35
2.267000 256 142 1070720.22
2.267000 256 143 1074994.01
2.267000 256 144 1075797.91
2.267000 256 145 1070948.71
2.267000 256 146 1073157.21
2.267000 256 147 1086191.69
2.267000 256 148 1098551.89
2.267000 256 149 1101721.20
2.267000 256 150 1110465.19
2.267000 256 151 1105482.60
2.267000 256 152 1091940.38
2.267000 256 153 1075503.46
2.267000 256 154 1082344.94
2.267000 256 155 1091313.94
2.267000 256 156 1094581.31
2.267000 256 157 1094311.14
2.267000 256 158 1093492.85
2.267000 256 159 1090908.88
2.267000 256 160 1100876.14
2.267000 256 161 1109606.56
2.267000 256 162 1121620.68
2.267000 256 163 1115760.35
2.267000 256 164 1105076.73
2.267000 256 165 1093435.38
2.267000 256 166 1087288.63
2.267000 256 167 1081130.49
2.267000 256 168 1067542.14
2.267000 256 169 1067487.12
2.267000 256 170 1069460.27
2.267000 256 171 1070879.40
2.267000 256 172 1069337.72
2.267000 256 173 1065816.08
2.267000 256 174 1065405.40
2.267000 256 175 1061825.93
2.267000 256 176 1065205.00
2.267000 256 177 1067579.87
2.267000 256 178 1071998.30
2.267000 256 179 1084921.77
2.267000 256 180 1097696.59
2.267000 256 181 1108115.35
2.267000 256 182 1120565.78
2.267000 256 183 1128951.97
2.267000 256 184 1136386.45
2.267000 256 185 1137463.00
2.267000 256 186 1149806.78
2.267000 256 187 1158555.60
2.267000 256 188 1163772.61
2.267000 256 189 1170101.45
2.267000 256 190 1173961.98
2.267000 256 191 1181399.05
2.267000 256 192 1190119.49
2.267000 256 193 1199543.57
2.267000 256 194 1205280.87
2.267000 256 195 1209752.57
2.267000 256 196 1198961.28
2.267000 256 197 1201112.76
2.267000 256 198 1194399.75
2.267000 256 199 1187783.88
