3.500000 48 0 16380.50
3.500000 48 1 9412.47
3.500000 48 2 5635.13
3.500000 48 3 3570.63
3.500000 48 4 2348.05
3.500000 48 5 1767.50
3.500000 48 6 1304.27
3.500000 48 7 992.49
3.500000 48 8 626.87
3.500000 48 9 574.16
3.500000 48 10 385.05
3.500000 48 11 439.48
3.500000 48 12 464.46
3.500000 48 13 324.61
3.500000 48 14 304.90
3.500000 48 15 287.36
3.500000 48 16 332.19
3.500000 48 17 253.41
3.500000 48 18 460.23
3.500000 48 19 423.95
3.500000 48 20 334.06
3.500000 48 21 304.74
3.500000 48 22 81.87
3.500000 48 23 -147.90
3.500000 48 24 -179.89
3.500000 48 25 -262.42
3.500000 48 26 -266.75
3.500000 48 27 -303.23
3.500000 48 28 -393.43
3.500000 48 29 -445.70
3.500000 48 30 -471.60
3.500000 48 31 -502.90
3.500000 48 32 -562.42
3.500000 48 33 -459.27
3.500000 48 34 -519.68
3.500000 48 35 -361.52
3.500000 48 36 -159.30
3.500000 48 37 -58.49
3.500000 48 38 146.67
3.500000 48 39 178.78
3.500000 48 40 44.84
3.500000 48 41 -49.28
3.500000 48 42 -156.67
3.500000 48 43 -274.79
3.500000 48 44 -507.35
3.500000 48 45 -591.29
3.500000 48 46 -754.03
3.500000 48 47 -801.54
3.500000 48 48 -884.80
3.500000 48 49 -785.22
3.500000 48 50 -871.86
3.500000 48 51 -809.38
3.500000 48 52 -545.14
3.500000 48 53 -567.91
3.500000 48 54 -677.61
3.500000 48 55 -610.45
3.500000 48 56 -384.37
3.500000 48 57 -173.54
3.500000 48 58 -141.46
3.500000 48 59 -502.01
3.500000 48 60 -735.69
3.500000 48 61 -778.03
3.500000 48 62 -738.84
3.500000 48 63 -876.32
3.500000 48 64 -1059.61
3.500000 48 65 -949.44
3.500000 48 66 -631.05
3.500000 48 67 -526.11
3.500000 48 68 -388.41
3.500000 48 69 -375.73
3.500000 48 70 -383.56
3.500000 48 71 -462.45
3.500000 48 72 -507.83
3.500000 48 73 -423.29
3.500000 48 74 -338.36
3.500000 48 75 -264.65
3.500000 48 76 -229.29
3.500000 48 77 -240.97
3.500000 48 78 -270.51
3.500000 48 79 -412.27
3.500000 48 80 -337.51
3.500000 48 81 -447.78
3.500000 48 82 -587.22
3.500000 48 83 -776.46
3.500000 48 84 -873.93
3.500000 48 85 -750.22
3.500000 48 86 -713.87
3.500000 48 87 -499.53
3.500000 48 88 -243.66
3.500000 48 89 -135.01
3.500000 48 90 -164.62
3.500000 48 91 -254.19
3.500000 48 92 -140.84
3.500000 48 93 -43.49
3.500000 48 94 -189.56
3.500000 48 95 -181.43
3.500000 48 96 -117.37
3.500000 48 97 -172.31
3.500000 48 98 -78.04
3.500000 48 99 -137.71
3.500000 48 100 -169.00
3.500000 48 101 -207.02
3.500000 48 102 -219.20
3.500000 48 103 -31.96
3.500000 48 104 236.67
3.500000 48 105 475.81
3.500000 48 106 79.84
3.500000 48 107 -216.45
3.500000 48 108 -355.48
3.500000 48 109 -416.76
3.500000 48 110 -421.46
3.500000 48 111 -657.67
3.500000 48 112 -829.60
3.500000 48 113 -857.87
3.500000 48 114 -1065.76
3.500000 48 115 -1388.79
3.500000 48 116 -1430.94
3.500000 48 117 -1245.11
3.500000 48 118 -1210.96
3.500000 48 119 -1140.25
3.500000 48 120 -1173.34
3.500000 48 121 -1186.27
3.500000 48 122 -1198.02
3.500000 48 123 -1258.83
3.500000 48 124 -1392.54
3.500000 48 125 -1279.92
3.500000 48 126 -1005.89
3.500000 48 127 -1068.31
3.500000 48 128 -1158.56
3.500000 48 129 -1136.68
3.500000 48 130 -1284.24
3.500000 48 131 -1345.91
3.500000 48 132 -1426.74
3.500000 48 133 -1754.55
3.500000 48 134 -1524.10
3.500000 48 135 -1628.52
3.500000 48 136 -1529.79
3.500000 48 137 -1596.78
3.500000 48 138 -1379.02
3.500000 48 139 -1388.38
3.500000 48 140 -1509.54
3.500000 48 141 -1532.71
3.500000 48 142 -1529.90
3.500000 48 143 -1421.20
3.500000 48 144 -1326.08
3.500000 48 145 -1181.27
3.500000 48 146 -1325.78
3.500000 48 147 -1310.54
3.500000 48 148 -1229.26
3.500000 48 149 -1332.98
3.500000 48 150 -1327.31
3.500000 48 151 -1158.69
3.500000 48 152 -1129.99
3.500000 48 153 -1069.70
3.500000 48 154 -995.27
3.500000 48 155 -1055.54
3.500000 48 156 -1192.46
3.500000 48 157 -1277.70
3.500000 48 158 -1032.16
3.500000 48 159 -877.31
3.500000 48 160 -706.95
3.500000 48 161 -699.86
3.500000 48 162 -529.69
3.500000 48 163 -408.05
3.500000 48 164 -645.34
3.500000 48 165 -668.68
3.500000 48 166 -920.05
3.500000 48 167 -954.45
3.500000 48 168 -947.75
3.500000 48 169 -1006.73
3.500000 48 170 -1129.13
3.500000 48 171 -1041.97
3.500000 48 172 -839.21
3.500000 48 173 -950.01
3.500000 48 174 -1156.99
3.500000 48 175 -1234.36
3.500000 48 176 -1445.34
3.500000 48 177 -1617.55
3.500000 48 178 -1720.36
3.500000 48 179 -1843.56
3.500000 48 180 -1935.43
3.500000 48 181 -2026.96
3.500000 48 182 -2242.73
3.500000 48 183 -2020.74
3.500000 48 184 -2148.45
3.500000 48 185 -2280.03
3.500000 48 186 -2377.08
3.500000 48 187 -2419.23
3.500000 48 188 -2376.50
3.500000 48 189 -2273.73
3.500000 48 190 -2143.36
3.500000 48 191 -1986.34
3.500000 48 192 -1984.48
3.500000 48 193 -2124.18
3.500000 48 194 -2215.78
3.500000 48 195 -2182.49
3.500000 48 196 -2081.68
3.500000 48 197 -1964.48
3.500000 48 198 -1796.49
3.500000 48 199 -1887.17
