3.636000 128 0 226776.91
3.636000 128 1 190798.88
3.636000 128 2 161317.56
3.636000 128 3 136639.13
3.636000 128 4 117357.55
3.636000 128 5 100466.94
3.636000 128 6 84413.63
3.636000 128 7 70595.61
3.636000 128 8 58782.90
3.636000 128 9 51357.44
3.636000 128 10 44332.95
3.636000 128 11 39346.20
3.636000 128 12 35003.73
3.636000 128 13 31493.71
3.636000 128 14 27444.77
3.636000 128 15 24391.20
3.636000 128 16 20931.09
3.636000 128 17 16938.50
3.636000 128 18 12694.23
3.636000 128 19 9313.53
3.636000 128 20 7567.95
3.636000 128 21 7593.50
3.636000 128 22 7160.66
3.636000 128 23 6697.67
3.636000 128 24 5892.17
3.636000 128 25 5208.16
3.636000 128 26 2935.52
3.636000 128 27 1310.90
3.636000 128 28 -942.48
3.636000 128 29 -3217.74
3.636000 128 30 -5685.01
3.636000 128 31 -7349.49
3.636000 128 32 -8645.40
3.636000 128 33 -10574.43
3.636000 128 34 -10881.66
3.636000 128 35 -10824.18
3.636000 128 36 -8819.32
3.636000 128 37 -6371.17
3.636000 128 38 -5408.10
3.636000 128 39 -4625.27
3.636000 128 40 -6281.72
3.636000 128 41 -7766.86
3.636000 128 42 -10793.20
3.636000 128 43 -13677.79
3.636000 128 44 -15881.88
3.636000 128 45 -16518.66
3.636000 128 46 -17466.04
3.636000 128 47 -17582.31
3.636000 128 48 -18085.50
3.636000 128 49 -18165.79
3.636000 128 50 -17653.40
3.636000 128 51 -16666.21
3.636000 128 52 -16417.79
3.636000 128 53 -17393.03
3.636000 128 54 -17241.82
3.636000 128 55 -18181.40
3.636000 128 56 -19395.47
3.636000 128 57 -21272.06
3.636000 128 58 -21425.96
3.636000 128 59 -22518.58
3.636000 128 60 -23059.87
3.636000 128 61 -24821.37
3.636000 128 62 -25485.63
3.636000 128 63 -25294.32
3.636000 128 64 -25039.20
3.636000 128 65 -25461.85
3.636000 128 66 -26894.72
3.636000 128 67 -26611.64
3.636000 128 68 -27016.12
3.636000 128 69 -27921.41
3.636000 128 70 -27191.16
3.636000 128 71 -27135.40
3.636000 128 72 -27370.53
3.636000 128 73 -29127.13
3.636000 128 74 -30493.16
3.636000 128 75 -31814.46
3.636000 128 76 -35066.92
3.636000 128 77 -37071.41
3.636000 128 78 -38628.91
3.636000 128 79 -38177.50
3.636000 128 80 -37865.03
3.636000 128 81 -38605.28
3.636000 128 82 -39180.54
3.636000 128 83 -38977.44
3.636000 128 84 -38791.32
3.636000 128 85 -39400.20
3.636000 128 86 -39306.58
3.636000 128 87 -38711.28
3.636000 128 88 -39929.79
3.636000 128 89 -39865.90
3.636000 128 90 -40427.27
3.636000 128 91 -41681.42
3.636000 128 92 -44363.07
3.636000 128 93 -46064.36
3.636000 128 94 -47783.45
3.636000 128 95 -48570.91
3.636000 128 96 -48693.36
3.636000 128 97 -49468.58
3.636000 128 98 -50082.63
3.636000 128 99 -50847.24
3.636000 128 100 -49857.66
3.636000 128 101 -48963.58
3.636000 128 102 -50182.67
3.636000 128 103 -51902.58
3.636000 128 104 -52223.20
3.636000 128 105 -53894.41
3.636000 128 106 -55168.99
3.636000 128 107 -56276.80
3.636000 128 108 -56073.62
3.636000 128 109 -56869.06
3.636000 128 110 -56772.67
3.636000 128 111 -57183.52
3.636000 128 112 -55834.35
3.636000 128 113 -54301.03
3.636000 128 114 -52176.40
3.636000 128 115 -51335.95
3.636000 128 116 -49015.70
3.636000 128 117 -47988.26
3.636000 128 118 -46129.60
3.636000 128 119 -45288.39
3.636000 128 120 -44667.34
3.636000 128 121 -41343.56
3.636000 128 122 -40415.52
3.636000 128 123 -39069.75
3.636000 128 124 -39373.58
3.636000 128 125 -39444.08
3.636000 128 126 -40943.35
3.636000 128 127 -42478.29
3.636000 128 128 -43788.04
3.636000 128 129 -43848.93
3.636000 128 130 -42275.48
3.636000 128 131 -42075.85
3.636000 128 132 -42110.31
3.636000 128 133 -41652.42
3.636000 128 134 -41764.36
3.636000 128 135 -40745.29
3.636000 128 136 -40589.00
3.636000 128 137 -39404.05
3.636000 128 138 -38923.07
3.636000 128 139 -37700.25
3.636000 128 140 -35873.23
3.636000 128 141 -33773.90
3.636000 128 142 -33536.10
3.636000 128 143 -32357.07
3.636000 128 144 -32919.93
3.636000 128 145 -32366.79
3.636000 128 146 -31798.28
3.636000 128 147 -31324.18
3.636000 128 148 -31933.31
3.636000 128 149 -31903.81
3.636000 128 150 -32689.13
3.636000 128 151 -34057.03
3.636000 128 152 -36544.15
3.636000 128 153 -40068.49
3.636000 128 154 -42433.42
3.636000 128 155 -42226.51
3.636000 128 156 -41141.10
3.636000 128 157 -40596.54
3.636000 128 158 -37259.11
3.636000 128 159 -32690.76
3.636000 128 160 -28894.00
3.636000 128 161 -27051.82
3.636000 128 162 -25131.57
3.636000 128 163 -25402.58
3.636000 128 164 -25887.31
3.636000 128 165 -25988.81
3.636000 128 166 -25199.34
3.636000 128 167 -24361.65
3.636000 128 168 -22552.79
3.636000 128 169 -20694.03
3.636000 128 170 -17926.82
3.636000 128 171 -15469.78
3.636000 128 172 -14645.02
3.636000 128 173 -12906.09
3.636000 128 174 -11854.90
3.636000 128 175 -10893.25
3.636000 128 176 -9624.23
3.636000 128 177 -10550.22
3.636000 128 178 -11049.76
3.636000 128 179 -9513.45
3.636000 128 180 -7907.40
3.636000 128 181 -5449.20
3.636000 128 182 -3490.33
3.636000 128 183 -2203.87
3.636000 128 184 -512.28
3.636000 128 185 1288.87
3.636000 128 186 2791.65
3.636000 128 187 3389.34
3.636000 128 188 4668.28
3.636000 128 189 6395.09
3.636000 128 190 7972.05
3.636000 128 191 9182.37
3.636000 128 192 10898.47
3.636000 128 193 12660.97
3.636000 128 194 14568.00
3.636000 128 195 17569.10
3.636000 128 196 19292.05
3.636000 128 197 21128.87
3.636000 128 198 21491.88
3.636000 128 199 21510.13
