3.500000 24 0 4039.93
3.500000 24 1 2353.31
3.500000 24 2 1377.57
3.500000 24 3 855.20
3.500000 24 4 527.96
3.500000 24 5 313.30
3.500000 24 6 193.49
3.500000 24 7 172.57
3.500000 24 8 155.36
3.500000 24 9 109.35
3.500000 24 10 90.70
3.500000 24 11 110.70
3.500000 24 12 72.02
3.500000 24 13 29.48
3.500000 24 14 -51.97
3.500000 24 15 -78.59
3.500000 24 16 -117.13
3.500000 24 17 -152.52
3.500000 24 18 -152.00
3.500000 24 19 -175.80
3.500000 24 20 -180.01
3.500000 24 21 -141.12
3.500000 24 22 -106.14
3.500000 24 23 -88.45
3.500000 24 24 -46.05
3.500000 24 25 -23.05
3.500000 24 26 -13.75
3.500000 24 27 14.90
3.500000 24 28 72.29
3.500000 24 29 141.92
3.500000 24 30 139.63
3.500000 24 31 124.60
3.500000 24 32 112.17
3.500000 24 33 86.74
3.500000 24 34 22.77
3.500000 24 35 -20.09
3.500000 24 36 -29.77
3.500000 24 37 -63.32
3.500000 24 38 -80.84
3.500000 24 39 -68.47
3.500000 24 40 -64.59
3.500000 24 41 -34.59
3.500000 24 42 -18.04
3.500000 24 43 -32.31
3.500000 24 44 -73.24
3.500000 24 45 -107.03
3.500000 24 46 -119.60
3.500000 24 47 -112.66
3.500000 24 48 -122.35
3.500000 24 49 -53.77
3.500000 24 50 -44.95
3.500000 24 51 -52.69
3.500000 24 52 -79.91
3.500000 24 53 -100.16
3.500000 24 54 -109.40
3.500000 24 55 -118.14
3.500000 24 56 -125.42
3.500000 24 57 -120.88
3.500000 24 58 -96.30
3.500000 24 59 -20.36
3.500000 24 60  1.01
3.500000 24 61 -0.28
3.500000 24 62 11.84
3.500000 24 63 -6.26
3.500000 24 64 -13.44
3.500000 24 65 -6.90
3.500000 24 66 -16.88
3.500000 24 67 12.33
3.500000 24 68 35.07
3.500000 24 69 48.33
3.500000 24 70 91.57
3.500000 24 71 121.85
3.500000 24 72 104.09
3.500000 24 73 50.36
3.500000 24 74 -1.82
3.500000 24 75 38.38
3.500000 24 76 92.77
3.500000 24 77 99.27
3.500000 24 78 59.45
3.500000 24 79 40.38
3.500000 24 80 15.23
3.500000 24 81  6.14
3.500000 24 82 -3.34
3.500000 24 83 -4.42
3.500000 24 84 -6.20
3.500000 24 85  8.21
3.500000 24 86 -15.61
3.500000 24 87 -52.49
3.500000 24 88 -90.75
3.500000 24 89 -83.70
3.500000 24 90 -93.86
3.500000 24 91 -103.27
3.500000 24 92 -119.39
3.500000 24 93 -69.98
3.500000 24 94 -67.31
3.500000 24 95 -65.45
3.500000 24 96 -17.27
3.500000 24 97 22.71
3.500000 24 98 -3.58
3.500000 24 99  2.23
3.500000 24 100 -29.26
3.500000 24 101 -48.76
3.500000 24 102 -37.25
3.500000 24 103 -1.03
3.500000 24 104 23.44
3.500000 24 105 65.53
3.500000 24 106 73.68
3.500000 24 107 64.50
3.500000 24 108 95.25
3.500000 24 109 107.61
3.500000 24 110 83.62
3.500000 24 111 70.07
3.500000 24 112 77.34
3.500000 24 113 61.27
3.500000 24 114 42.26
3.500000 24 115 23.21
3.500000 24 116 32.16
3.500000 24 117 36.64
3.500000 24 118 112.95
3.500000 24 119 153.18
3.500000 24 120 179.47
3.500000 24 121 154.64
3.500000 24 122 133.19
3.500000 24 123 70.13
3.500000 24 124 15.18
3.500000 24 125 14.23
3.500000 24 126 -4.88
3.500000 24 127 17.44
3.500000 24 128 44.84
3.500000 24 129 25.01
3.500000 24 130 67.00
3.500000 24 131 69.70
3.500000 24 132 57.42
3.500000 24 133 69.04
3.500000 24 134 34.64
3.500000 24 135 29.35
3.500000 24 136 62.92
3.500000 24 137 40.19
3.500000 24 138 55.53
3.500000 24 139 108.47
3.500000 24 140 160.14
3.500000 24 141 167.25
3.500000 24 142 155.35
3.500000 24 143 101.02
3.500000 24 144 117.59
3.500000 24 145 82.19
3.500000 24 146 73.94
3.500000 24 147 55.48
3.500000 24 148 118.89
3.500000 24 149 123.59
3.500000 24 150 144.84
3.500000 24 151 123.92
3.500000 24 152 154.41
3.500000 24 153 173.04
3.500000 24 154 149.19
3.500000 24 155 121.44
3.500000 24 156 147.47
3.500000 24 157 137.34
3.500000 24 158 118.19
3.500000 24 159 111.85
3.500000 24 160 118.91
3.500000 24 161 135.70
3.500000 24 162 122.81
3.500000 24 163 124.28
3.500000 24 164 65.04
3.500000 24 165 38.66
3.500000 24 166 47.44
3.500000 24 167 30.97
3.500000 24 168 36.43
3.500000 24 169 65.79
3.500000 24 170 81.58
3.500000 24 171 48.55
3.500000 24 172 20.07
3.500000 24 173 20.72
3.500000 24 174 70.24
3.500000 24 175 71.06
3.500000 24 176 68.81
3.500000 24 177 102.03
3.500000 24 178 149.35
3.500000 24 179 153.56
3.500000 24 180 131.85
3.500000 24 181 133.66
3.500000 24 182 158.77
3.500000 24 183 172.71
3.500000 24 184 226.66
3.500000 24 185 236.05
3.500000 24 186 231.40
3.500000 24 187 252.15
3.500000 24 188 253.31
3.500000 24 189 265.78
3.500000 24 190 277.54
3.500000 24 191 318.65
3.500000 24 192 367.56
3.500000 24 193 337.78
3.500000 24 194 323.73
3.500000 24 195 322.14
3.500000 24 196 284.43
3.500000 24 197 244.22
3.500000 24 198 238.10
3.500000 24 199 241.89
