3.643000 32 0 25153.93
3.643000 32 1 18816.17
3.643000 32 2 14360.58
3.643000 32 3 11055.03
3.643000 32 4 8571.84
3.643000 32 5 6703.91
3.643000 32 6 5259.18
3.643000 32 7 4174.80
3.643000 32 8 3273.62
3.643000 32 9 2605.59
3.643000 32 10 2138.31
3.643000 32 11 1771.59
3.643000 32 12 1468.53
3.643000 32 13 1186.84
3.643000 32 14 983.24
3.643000 32 15 796.46
3.643000 32 16 643.79
3.643000 32 17 542.69
3.643000 32 18 420.18
3.643000 32 19 349.32
3.643000 32 20 287.22
3.643000 32 21 298.51
3.643000 32 22 275.17
3.643000 32 23 245.82
3.643000 32 24 191.36
3.643000 32 25 205.07
3.643000 32 26 136.05
3.643000 32 27 102.34
3.643000 32 28 108.79
3.643000 32 29 133.00
3.643000 32 30 162.59
3.643000 32 31 155.94
3.643000 32 32 160.77
3.643000 32 33 177.35
3.643000 32 34 172.68
3.643000 32 35 190.90
3.643000 32 36 199.85
3.643000 32 37 233.81
3.643000 32 38 242.97
3.643000 32 39 216.84
3.643000 32 40 214.63
3.643000 32 41 221.02
3.643000 32 42 253.56
3.643000 32 43 249.21
3.643000 32 44 205.33
3.643000 32 45 221.35
3.643000 32 46 251.26
3.643000 32 47 232.40
3.643000 32 48 309.62
3.643000 32 49 332.08
3.643000 32 50 345.47
3.643000 32 51 372.98
3.643000 32 52 394.97
3.643000 32 53 359.57
3.643000 32 54 373.49
3.643000 32 55 364.60
3.643000 32 56 358.31
3.643000 32 57 313.05
3.643000 32 58 282.24
3.643000 32 59 246.16
3.643000 32 60 210.02
3.643000 32 61 186.54
3.643000 32 62 132.16
3.643000 32 63 115.01
3.643000 32 64 71.52
3.643000 32 65 28.15
3.643000 32 66  7.42
3.643000 32 67 -57.54
3.643000 32 68 -113.27
3.643000 32 69 -174.72
3.643000 32 70 -197.40
3.643000 32 71 -170.55
3.643000 32 72 -78.68
3.643000 32 73 -53.49
3.643000 32 74 -61.15
3.643000 32 75 -87.81
3.643000 32 76 -89.01
3.643000 32 77 -95.48
3.643000 32 78 -71.77
3.643000 32 79 -116.60
3.643000 32 80 -147.88
3.643000 32 81 -219.16
3.643000 32 82 -210.99
3.643000 32 83 -198.43
3.643000 32 84 -220.67
3.643000 32 85 -277.32
3.643000 32 86 -257.82
3.643000 32 87 -209.94
3.643000 32 88 -191.10
3.643000 32 89 -144.12
3.643000 32 90 -50.56
3.643000 32 91 -15.33
3.643000 32 92  9.23
3.643000 32 93 -52.66
3.643000 32 94 -108.53
3.643000 32 95 -106.19
3.643000 32 96 -123.41
3.643000 32 97 -134.94
3.643000 32 98 -156.20
3.643000 32 99 -126.86
3.643000 32 100 -139.91
3.643000 32 101 -207.03
3.643000 32 102 -284.70
3.643000 32 103 -242.39
3.643000 32 104 -200.18
3.643000 32 105 -139.59
3.643000 32 106 -102.24
3.643000 32 107 -91.49
3.643000 32 108 -123.56
3.643000 32 109 -149.14
3.643000 32 110 -144.23
3.643000 32 111 -147.43
3.643000 32 112 -114.17
3.643000 32 113 -85.46
3.643000 32 114 -121.15
3.643000 32 115 -68.89
3.643000 32 116 -137.72
3.643000 32 117 -192.38
3.643000 32 118 -216.83
3.643000 32 119 -218.31
3.643000 32 120 -189.32
3.643000 32 121 -129.95
3.643000 32 122 -58.61
3.643000 32 123 -36.18
3.643000 32 124 29.99
3.643000 32 125 52.09
3.643000 32 126 12.68
3.643000 32 127 -18.99
3.643000 32 128 -43.36
3.643000 32 129 -36.40
3.643000 32 130 -29.68
3.643000 32 131 -27.53
3.643000 32 132 -77.46
3.643000 32 133 -123.63
3.643000 32 134 -163.04
3.643000 32 135 -219.23
3.643000 32 136 -265.73
3.643000 32 137 -212.45
3.643000 32 138 -219.95
3.643000 32 139 -228.45
3.643000 32 140 -242.44
3.643000 32 141 -279.81
3.643000 32 142 -332.31
3.643000 32 143 -344.59
3.643000 32 144 -385.76
3.643000 32 145 -400.56
3.643000 32 146 -387.34
3.643000 32 147 -389.84
3.643000 32 148 -414.73
3.643000 32 149 -386.03
3.643000 32 150 -406.53
3.643000 32 151 -486.66
3.643000 32 152 -463.63
3.643000 32 153 -491.38
3.643000 32 154 -508.68
3.643000 32 155 -540.68
3.643000 32 156 -537.42
3.643000 32 157 -446.57
3.643000 32 158 -360.71
3.643000 32 159 -235.91
3.643000 32 160 -159.24
3.643000 32 161 -89.95
3.643000 32 162 -120.78
3.643000 32 163 -146.63
3.643000 32 164 -216.55
3.643000 32 165 -347.85
3.643000 32 166 -383.62
3.643000 32 167 -346.48
3.643000 32 168 -346.25
3.643000 32 169 -315.33
3.643000 32 170 -311.72
3.643000 32 171 -285.90
3.643000 32 172 -319.03
3.643000 32 173 -338.41
3.643000 32 174 -338.76
3.643000 32 175 -339.85
3.643000 32 176 -305.88
3.643000 32 177 -243.15
3.643000 32 178 -171.96
3.643000 32 179 -165.91
3.643000 32 180 -129.69
3.643000 32 181 -88.05
3.643000 32 182 -24.19
3.643000 32 183 -12.73
3.643000 32 184 -62.60
3.643000 32 185 -74.42
3.643000 32 186 -83.97
3.643000 32 187 -81.71
3.643000 32 188 -68.06
3.643000 32 189 -27.80
3.643000 32 190 -59.93
3.643000 32 191 -153.92
3.643000 32 192 -237.15
3.643000 32 193 -221.37
3.643000 32 194 -255.46
3.643000 32 195 -287.93
3.643000 32 196 -277.37
3.643000 32 197 -315.35
3.643000 32 198 -310.32
3.643000 32 199 -283.26
