3.480000 128 0 252306.97
3.480000 128 1 141795.85
3.480000 128 2 81991.87
3.480000 128 3 47675.55
3.480000 128 4 27375.32
3.480000 128 5 16360.98
3.480000 128 6 10143.77
3.480000 128 7 6330.79
3.480000 128 8 4129.28
3.480000 128 9 3724.40
3.480000 128 10 3577.26
3.480000 128 11 2160.53
3.480000 128 12 1492.36
3.480000 128 13 531.91
3.480000 128 14 804.93
3.480000 128 15 2182.13
3.480000 128 16 2754.68
3.480000 128 17 2823.99
3.480000 128 18 2870.62
3.480000 128 19 2624.82
3.480000 128 20 3174.86
3.480000 128 21 4012.98
3.480000 128 22 5382.71
3.480000 128 23 6424.42
3.480000 128 24 6455.11
3.480000 128 25 6292.89
3.480000 128 26 5485.81
3.480000 128 27 4866.09
3.480000 128 28 4407.43
3.480000 128 29 3752.08
3.480000 128 30 4218.75
3.480000 128 31 3975.90
3.480000 128 32 4492.57
3.480000 128 33 4783.67
3.480000 128 34 5300.44
3.480000 128 35 5116.06
3.480000 128 36 4725.88
3.480000 128 37 3881.89
3.480000 128 38 3150.97
3.480000 128 39 3268.53
3.480000 128 40 3842.06
3.480000 128 41 3770.40
3.480000 128 42 1986.65
3.480000 128 43 933.20
3.480000 128 44 452.58
3.480000 128 45 762.69
3.480000 128 46 2191.70
3.480000 128 47 2430.21
3.480000 128 48 1987.18
3.480000 128 49 1739.39
3.480000 128 50 2154.75
3.480000 128 51 1809.49
3.480000 128 52 2155.90
3.480000 128 53 1560.67
3.480000 128 54 1431.75
3.480000 128 55 1907.65
3.480000 128 56 1113.81
3.480000 128 57 249.05
3.480000 128 58 -592.90
3.480000 128 59 -1093.39
3.480000 128 60 366.87
3.480000 128 61 1309.21
3.480000 128 62 992.53
3.480000 128 63 371.97
3.480000 128 64 504.08
3.480000 128 65 277.25
3.480000 128 66 300.79
3.480000 128 67 -207.89
3.480000 128 68 -194.35
3.480000 128 69 -0.61
3.480000 128 70 -14.23
3.480000 128 71 -182.00
3.480000 128 72 307.69
3.480000 128 73 -878.50
3.480000 128 74 -1818.37
3.480000 128 75 -1438.33
3.480000 128 76 -2216.11
3.480000 128 77 -1814.33
3.480000 128 78 -1248.65
3.480000 128 79 -2001.13
3.480000 128 80 -1726.52
3.480000 128 81 -1765.39
3.480000 128 82 -2376.81
3.480000 128 83 -2138.33
3.480000 128 84 -2329.18
3.480000 128 85 -2124.19
3.480000 128 86 -1430.42
3.480000 128 87 -2737.48
3.480000 128 88 -3070.03
3.480000 128 89 -2511.90
3.480000 128 90 -1922.10
3.480000 128 91 -1933.31
3.480000 128 92 -1668.22
3.480000 128 93 -324.08
3.480000 128 94 129.06
3.480000 128 95 95.35
3.480000 128 96 1024.12
3.480000 128 97 1052.87
3.480000 128 98 1164.22
3.480000 128 99 1209.32
3.480000 128 100 2368.25
3.480000 128 101 2851.69
3.480000 128 102 3021.75
3.480000 128 103 2103.76
3.480000 128 104 1874.98
3.480000 128 105 1162.79
3.480000 128 106 1246.28
3.480000 128 107 1345.12
3.480000 128 108 1768.41
3.480000 128 109 458.26
3.480000 128 110 584.37
3.480000 128 111 592.27
3.480000 128 112 1107.83
3.480000 128 113 544.35
3.480000 128 114 472.76
3.480000 128 115 -14.25
3.480000 128 116 819.56
3.480000 128 117 1136.35
3.480000 128 118 1338.15
3.480000 128 119 2073.80
3.480000 128 120 3126.04
3.480000 128 121 2897.47
3.480000 128 122 2914.06
3.480000 128 123 1924.69
3.480000 128 124 1707.02
3.480000 128 125 1265.25
3.480000 128 126 601.79
3.480000 128 127 674.25
3.480000 128 128 1126.36
3.480000 128 129 2285.79
3.480000 128 130 3241.18
3.480000 128 131 3560.98
3.480000 128 132 3216.66
3.480000 128 133 2064.82
3.480000 128 134 1575.40
3.480000 128 135 1703.47
3.480000 128 136 1934.17
3.480000 128 137 1579.11
3.480000 128 138 490.06
3.480000 128 139 875.56
3.480000 128 140 1965.62
3.480000 128 141 2882.53
3.480000 128 142 3270.59
3.480000 128 143 3226.49
3.480000 128 144 4194.76
3.480000 128 145 4170.78
3.480000 128 146 3320.19
3.480000 128 147 3312.10
3.480000 128 148 2336.58
3.480000 128 149 2464.46
3.480000 128 150 2527.35
3.480000 128 151 2659.54
3.480000 128 152 2409.53
3.480000 128 153 2862.60
3.480000 128 154 2831.25
3.480000 128 155 2575.74
3.480000 128 156 2820.92
3.480000 128 157 2652.26
3.480000 128 158 2086.31
3.480000 128 159 1684.05
3.480000 128 160 2775.17
3.480000 128 161 4135.19
3.480000 128 162 3709.22
3.480000 128 163 2446.60
3.480000 128 164 2130.95
3.480000 128 165 1370.89
3.480000 128 166 1482.67
3.480000 128 167 1200.77
3.480000 128 168 1240.82
3.480000 128 169 2121.47
3.480000 128 170 1649.70
3.480000 128 171 1226.96
3.480000 128 172 1940.43
3.480000 128 173 2153.83
3.480000 128 174 2416.34
3.480000 128 175 1572.52
3.480000 128 176 1137.12
3.480000 128 177 947.66
3.480000 128 178 1235.39
3.480000 128 179 1142.26
3.480000 128 180 1179.89
3.480000 128 181 1520.67
3.480000 128 182 637.02
3.480000 128 183 383.63
3.480000 128 184 248.60
3.480000 128 185 415.70
3.480000 128 186 582.11
3.480000 128 187 1723.95
3.480000 128 188 2221.72
3.480000 128 189 3045.80
3.480000 128 190 3348.44
3.480000 128 191 3589.34
3.480000 128 192 3681.50
3.480000 128 193 3585.60
3.480000 128 194 2809.99
3.480000 128 195 2913.47
3.480000 128 196 2276.84
3.480000 128 197 2311.08
3.480000 128 198 1490.15
3.480000 128 199 900.99
