3.640000 48 0 27629.72
3.640000 48 1 21592.93
3.640000 48 2 17100.62
3.640000 48 3 13748.35
3.640000 48 4 11197.32
3.640000 48 5 9288.77
3.640000 48 6 7523.85
3.640000 48 7 6046.39
3.640000 48 8 4990.93
3.640000 48 9 4002.58
3.640000 48 10 3076.75
3.640000 48 11 2296.17
3.640000 48 12 1812.52
3.640000 48 13 1344.63
3.640000 48 14 820.43
3.640000 48 15 445.65
3.640000 48 16 64.01
3.640000 48 17 -152.68
3.640000 48 18 -403.78
3.640000 48 19 -579.13
3.640000 48 20 -571.63
3.640000 48 21 -517.54
3.640000 48 22 -566.19
3.640000 48 23 -721.57
3.640000 48 24 -1003.93
3.640000 48 25 -1085.41
3.640000 48 26 -1363.70
3.640000 48 27 -1615.39
3.640000 48 28 -1850.38
3.640000 48 29 -2088.28
3.640000 48 30 -2287.95
3.640000 48 31 -2553.17
3.640000 48 32 -2709.54
3.640000 48 33 -2728.94
3.640000 48 34 -2720.47
3.640000 48 35 -2917.08
3.640000 48 36 -2983.97
3.640000 48 37 -2756.74
3.640000 48 38 -2856.46
3.640000 48 39 -2759.26
3.640000 48 40 -2738.30
3.640000 48 41 -2774.84
3.640000 48 42 -2833.16
3.640000 48 43 -2752.23
3.640000 48 44 -2778.84
3.640000 48 45 -2758.30
3.640000 48 46 -2766.23
3.640000 48 47 -2768.21
3.640000 48 48 -2814.16
3.640000 48 49 -2930.63
3.640000 48 50 -3158.14
3.640000 48 51 -3245.02
3.640000 48 52 -3433.45
3.640000 48 53 -3628.52
3.640000 48 54 -3483.17
3.640000 48 55 -3342.38
3.640000 48 56 -3359.52
3.640000 48 57 -3481.95
3.640000 48 58 -3631.34
3.640000 48 59 -3720.54
3.640000 48 60 -3791.56
3.640000 48 61 -3737.20
3.640000 48 62 -3726.16
3.640000 48 63 -3593.48
3.640000 48 64 -3402.18
3.640000 48 65 -3405.42
3.640000 48 66 -3221.59
3.640000 48 67 -3119.04
3.640000 48 68 -3012.14
3.640000 48 69 -2893.31
3.640000 48 70 -2699.78
3.640000 48 71 -2522.94
3.640000 48 72 -2352.29
3.640000 48 73 -2084.25
3.640000 48 74 -1932.55
3.640000 48 75 -1809.17
3.640000 48 76 -1657.44
3.640000 48 77 -1771.63
3.640000 48 78 -1983.66
3.640000 48 79 -2249.53
3.640000 48 80 -2383.42
3.640000 48 81 -2528.24
3.640000 48 82 -2488.35
3.640000 48 83 -2576.00
3.640000 48 84 -2617.07
3.640000 48 85 -2704.80
3.640000 48 86 -2639.81
3.640000 48 87 -2573.28
3.640000 48 88 -2505.96
3.640000 48 89 -2422.70
3.640000 48 90 -2612.20
3.640000 48 91 -2831.54
3.640000 48 92 -3000.37
3.640000 48 93 -3141.26
3.640000 48 94 -3146.44
3.640000 48 95 -3184.90
3.640000 48 96 -3005.18
3.640000 48 97 -2776.13
3.640000 48 98 -2703.99
3.640000 48 99 -2711.83
3.640000 48 100 -2570.51
3.640000 48 101 -2523.69
3.640000 48 102 -2237.86
3.640000 48 103 -2156.31
3.640000 48 104 -1969.61
3.640000 48 105 -2004.15
3.640000 48 106 -2250.38
3.640000 48 107 -2191.24
3.640000 48 108 -2238.41
3.640000 48 109 -2285.40
3.640000 48 110 -2368.60
3.640000 48 111 -2520.21
3.640000 48 112 -2469.81
3.640000 48 113 -2393.32
3.640000 48 114 -2608.72
3.640000 48 115 -2700.04
3.640000 48 116 -2784.79
3.640000 48 117 -2826.58
3.640000 48 118 -2904.00
3.640000 48 119 -2906.43
3.640000 48 120 -2968.09
3.640000 48 121 -3073.80
3.640000 48 122 -3177.68
3.640000 48 123 -3292.57
3.640000 48 124 -3381.20
3.640000 48 125 -3182.08
3.640000 48 126 -3105.69
3.640000 48 127 -3081.79
3.640000 48 128 -2986.38
3.640000 48 129 -3159.44
3.640000 48 130 -3118.98
3.640000 48 131 -2904.74
3.640000 48 132 -2626.59
3.640000 48 133 -2503.06
3.640000 48 134 -2448.25
3.640000 48 135 -2471.90
3.640000 48 136 -2517.40
3.640000 48 137 -2536.74
3.640000 48 138 -2615.67
3.640000 48 139 -2757.25
3.640000 48 140 -2767.15
3.640000 48 141 -2560.05
3.640000 48 142 -2362.53
3.640000 48 143 -2281.53
3.640000 48 144 -2339.09
3.640000 48 145 -2241.00
3.640000 48 146 -2065.04
3.640000 48 147 -2088.22
3.640000 48 148 -2257.89
3.640000 48 149 -2397.45
3.640000 48 150 -2502.77
3.640000 48 151 -2564.14
3.640000 48 152 -2491.91
3.640000 48 153 -2621.87
3.640000 48 154 -2865.25
3.640000 48 155 -3048.73
3.640000 48 156 -3408.43
3.640000 48 157 -3528.54
3.640000 48 158 -3556.02
3.640000 48 159 -3523.76
3.640000 48 160 -3492.68
3.640000 48 161 -3439.95
3.640000 48 162 -3615.87
3.640000 48 163 -3713.89
3.640000 48 164 -3711.91
3.640000 48 165 -3845.72
3.640000 48 166 -3865.36
3.640000 48 167 -3916.31
3.640000 48 168 -4006.10
3.640000 48 169 -4274.05
3.640000 48 170 -4512.94
3.640000 48 171 -4633.27
3.640000 48 172 -4577.63
3.640000 48 173 -4619.13
3.640000 48 174 -4758.95
3.640000 48 175 -4984.03
3.640000 48 176 -5181.97
3.640000 48 177 -5289.49
3.640000 48 178 -5568.79
3.640000 48 179 -5587.99
3.640000 48 180 -5580.11
3.640000 48 181 -5593.89
3.640000 48 182 -5548.72
3.640000 48 183 -5278.75
3.640000 48 184 -5167.55
3.640000 48 185 -4858.37
3.640000 48 186 -4567.19
3.640000 48 187 -4745.40
3.640000 48 188 -4743.81
3.640000 48 189 -4711.43
3.640000 48 190 -4641.53
3.640000 48 191 -4697.31
3.640000 48 192 -4599.18
3.640000 48 193 -4686.92
3.640000 48 194 -4790.72
3.640000 48 195 -4899.99
3.640000 48 196 -4855.63
3.640000 48 197 -4753.05
3.640000 48 198 -4740.12
3.640000 48 199 -4865.94
