3.780000 96 0 169036.25
3.780000 96 1 163833.68
3.780000 96 2 159060.34
3.780000 96 3 154524.76
3.780000 96 4 150302.85
3.780000 96 5 146251.03
3.780000 96 6 142416.32
3.780000 96 7 138804.81
3.780000 96 8 135313.90
3.780000 96 9 132005.37
3.780000 96 10 128795.11
3.780000 96 11 125703.08
3.780000 96 12 122776.84
3.780000 96 13 119899.29
3.780000 96 14 117129.15
3.780000 96 15 114495.62
3.780000 96 16 111942.70
3.780000 96 17 109441.62
3.780000 96 18 107049.57
3.780000 96 19 104778.76
3.780000 96 20 102626.31
3.780000 96 21 100513.39
3.780000 96 22 98485.95
3.780000 96 23 96530.39
3.780000 96 24 94657.61
3.780000 96 25 92818.38
3.780000 96 26 91023.48
3.780000 96 27 89261.78
3.780000 96 28 87570.64
3.780000 96 29 85933.64
3.780000 96 30 84350.77
3.780000 96 31 82802.10
3.780000 96 32 81289.68
3.780000 96 33 79780.78
3.780000 96 34 78327.23
3.780000 96 35 76978.07
3.780000 96 36 75583.69
3.780000 96 37 74242.54
3.780000 96 38 72995.42
3.780000 96 39 71757.57
3.780000 96 40 70532.83
3.780000 96 41 69405.17
3.780000 96 42 68178.54
3.780000 96 43 66992.29
3.780000 96 44 65880.75
3.780000 96 45 64769.90
3.780000 96 46 63742.64
3.780000 96 47 62744.65
3.780000 96 48 61712.14
3.780000 96 49 60718.80
3.780000 96 50 59802.70
3.780000 96 51 58884.58
3.780000 96 52 57991.90
3.780000 96 53 57111.13
3.780000 96 54 56205.51
3.780000 96 55 55368.83
3.780000 96 56 54473.49
3.780000 96 57 53591.20
3.780000 96 58 52737.95
3.780000 96 59 51856.17
3.780000 96 60 50944.68
3.780000 96 61 50069.03
3.780000 96 62 49216.76
3.780000 96 63 48384.97
3.780000 96 64 47620.77
3.780000 96 65 46913.97
3.780000 96 66 46206.95
3.780000 96 67 45624.98
3.780000 96 68 44985.10
3.780000 96 69 44312.32
3.780000 96 70 43665.05
3.780000 96 71 43065.05
3.780000 96 72 42483.12
3.780000 96 73 41893.86
3.780000 96 74 41327.69
3.780000 96 75 40798.29
3.780000 96 76 40241.92
3.780000 96 77 39704.33
3.780000 96 78 39153.01
3.780000 96 79 38565.94
3.780000 96 80 38038.84
3.780000 96 81 37540.66
3.780000 96 82 37043.28
3.780000 96 83 36508.16
3.780000 96 84 35981.31
3.780000 96 85 35477.96
3.780000 96 86 35019.71
3.780000 96 87 34520.48
3.780000 96 88 34016.46
3.780000 96 89 33475.26
3.780000 96 90 33016.58
3.780000 96 91 32575.62
3.780000 96 92 32200.74
3.780000 96 93 31890.04
3.780000 96 94 31493.46
3.780000 96 95 31110.87
3.780000 96 96 30682.90
3.780000 96 97 30252.66
3.780000 96 98 29761.95
3.780000 96 99 29213.48
3.780000 96 100 28742.23
3.780000 96 101 28323.99
3.780000 96 102 27977.30
3.780000 96 103 27635.08
3.780000 96 104 27267.78
3.780000 96 105 26957.94
3.780000 96 106 26603.97
3.780000 96 107 26264.25
3.780000 96 108 25929.39
3.780000 96 109 25643.10
3.780000 96 110 25371.08
3.780000 96 111 25052.50
3.780000 96 112 24771.84
3.780000 96 113 24536.11
3.780000 96 114 24309.04
3.780000 96 115 24038.64
3.780000 96 116 23838.33
3.780000 96 117 23664.79
3.780000 96 118 23481.78
3.780000 96 119 23370.59
3.780000 96 120 23289.55
3.780000 96 121 23204.32
3.780000 96 122 23176.88
3.780000 96 123 23176.64
3.780000 96 124 23186.80
3.780000 96 125 23208.09
3.780000 96 126 23205.74
3.780000 96 127 23230.23
3.780000 96 128 23288.59
3.780000 96 129 23344.52
3.780000 96 130 23423.88
3.780000 96 131 23461.03
3.780000 96 132 23461.03
3.780000 96 133 23479.60
3.780000 96 134 23513.78
3.780000 96 135 23537.01
3.780000 96 136 23534.75
3.780000 96 137 23496.01
3.780000 96 138 23457.92
3.780000 96 139 23476.17
3.780000 96 140 23445.76
3.780000 96 141 23452.39
3.780000 96 142 23442.67
3.780000 96 143 23469.85
3.780000 96 144 23454.65
3.780000 96 145 23415.57
3.780000 96 146 23402.53
3.780000 96 147 23317.58
3.780000 96 148 23270.97
3.780000 96 149 23219.35
3.780000 96 150 23203.55
3.780000 96 151 23122.89
3.780000 96 152 23028.77
3.780000 96 153 22955.31
3.780000 96 154 22848.55
3.780000 96 155 22756.67
3.780000 96 156 22703.04
3.780000 96 157 22621.33
3.780000 96 158 22507.31
3.780000 96 159 22377.12
3.780000 96 160 22332.64
3.780000 96 161 22341.81
3.780000 96 162 22371.46
3.780000 96 163 22367.31
3.780000 96 164 22369.10
3.780000 96 165 22399.09
3.780000 96 166 22434.39
3.780000 96 167 22449.63
3.780000 96 168 22480.29
3.780000 96 169 22522.72
3.780000 96 170 22549.71
3.780000 96 171 22518.42
3.780000 96 172 22484.87
3.780000 96 173 22492.56
3.780000 96 174 22565.75
3.780000 96 175 22651.89
3.780000 96 176 22714.05
3.780000 96 177 22822.21
3.780000 96 178 22884.93
3.780000 96 179 22924.70
3.780000 96 180 22984.36
3.780000 96 181 23081.67
3.780000 96 182 23180.55
3.780000 96 183 23225.87
3.780000 96 184 23225.10
3.780000 96 185 23210.65
3.780000 96 186 23168.68
3.780000 96 187 23079.82
3.780000 96 188 22976.70
3.780000 96 189 22846.76
3.780000 96 190 22742.79
3.780000 96 191 22659.34
3.780000 96 192 22591.36
3.780000 96 193 22481.00
3.780000 96 194 22359.18
3.780000 96 195 22237.08
3.780000 96 196 22183.07
3.780000 96 197 22029.22
3.780000 96 198 21877.02
3.780000 96 199 21793.96
