2.258000 64 0 42432.12
2.258000 64 1 32576.04
2.258000 64 2 25298.29
2.258000 64 3 20116.83
2.258000 64 4 15650.88
2.258000 64 5 11987.23
2.258000 64 6 9185.98
2.258000 64 7 6944.00
2.258000 64 8 5259.43
2.258000 64 9 3950.62
2.258000 64 10 2793.91
2.258000 64 11 2029.76
2.258000 64 12 1667.12
2.258000 64 13 1049.41
2.258000 64 14 267.68
2.258000 64 15 -34.76
2.258000 64 16 -662.51
2.258000 64 17 -943.44
2.258000 64 18 -1166.01
2.258000 64 19 -1496.09
2.258000 64 20 -1654.90
2.258000 64 21 -1539.73
2.258000 64 22 -1840.16
2.258000 64 23 -2147.47
2.258000 64 24 -2300.45
2.258000 64 25 -2512.68
2.258000 64 26 -2765.49
2.258000 64 27 -3044.22
2.258000 64 28 -3582.92
2.258000 64 29 -4168.25
2.258000 64 30 -4622.38
2.258000 64 31 -4493.68
2.258000 64 32 -4523.84
2.258000 64 33 -4447.56
2.258000 64 34 -4017.37
2.258000 64 35 -3649.78
2.258000 64 36 -3292.83
2.258000 64 37 -2917.36
2.258000 64 38 -2777.35
2.258000 64 39 -2792.35
2.258000 64 40 -2691.81
2.258000 64 41 -2678.36
2.258000 64 42 -2509.46
2.258000 64 43 -2408.09
2.258000 64 44 -2253.05
2.258000 64 45 -2395.45
2.258000 64 46 -2083.63
2.258000 64 47 -1798.25
2.258000 64 48 -1889.00
2.258000 64 49 -1726.75
2.258000 64 50 -1485.52
2.258000 64 51 -1343.39
2.258000 64 52 -971.01
2.258000 64 53 -671.46
2.258000 64 54 -352.89
2.258000 64 55 -70.83
2.258000 64 56 141.45
2.258000 64 57 289.99
2.258000 64 58 424.67
2.258000 64 59 374.91
2.258000 64 60 353.29
2.258000 64 61 290.21
2.258000 64 62 -240.44
2.258000 64 63 -399.18
2.258000 64 64 -189.23
2.258000 64 65 -494.14
2.258000 64 66 -1027.11
2.258000 64 67 -1202.32
2.258000 64 68 -1776.15
2.258000 64 69 -2086.79
2.258000 64 70 -2257.77
2.258000 64 71 -2197.65
2.258000 64 72 -1974.79
2.258000 64 73 -2063.35
2.258000 64 74 -1995.23
2.258000 64 75 -1811.19
2.258000 64 76 -1608.13
2.258000 64 77 -1855.31
2.258000 64 78 -1896.87
2.258000 64 79 -1991.90
2.258000 64 80 -2138.95
2.258000 64 81 -2082.85
2.258000 64 82 -1684.79
2.258000 64 83 -1149.97
2.258000 64 84 -553.30
2.258000 64 85 -244.96
2.258000 64 86 -25.11
2.258000 64 87 -314.84
2.258000 64 88 -561.05
2.258000 64 89 -876.60
2.258000 64 90 -894.10
2.258000 64 91 -687.79
2.258000 64 92 -487.93
2.258000 64 93 -103.84
2.258000 64 94 -4.46
2.258000 64 95 108.31
2.258000 64 96 184.05
2.258000 64 97 513.96
2.258000 64 98 930.62
2.258000 64 99 1113.25
2.258000 64 100 1185.86
2.258000 64 101 1184.80
2.258000 64 102 874.90
2.258000 64 103 826.59
2.258000 64 104 1003.44
2.258000 64 105 1514.02
2.258000 64 106 1664.62
2.258000 64 107 1616.81
2.258000 64 108 1709.46
2.258000 64 109 1643.54
2.258000 64 110 1587.03
2.258000 64 111 1522.84
2.258000 64 112 1437.27
2.258000 64 113 1346.42
2.258000 64 114 1171.62
2.258000 64 115 1343.13
2.258000 64 116 1537.05
2.258000 64 117 1683.73
2.258000 64 118 1884.31
2.258000 64 119 2072.62
2.258000 64 120 2692.06
2.258000 64 121 3144.94
2.258000 64 122 3570.60
2.258000 64 123 3725.74
2.258000 64 124 3743.28
2.258000 64 125 3447.16
2.258000 64 126 3123.96
2.258000 64 127 3076.38
2.258000 64 128 3136.12
2.258000 64 129 3279.07
2.258000 64 130 3189.17
2.258000 64 131 3207.16
2.258000 64 132 3011.99
2.258000 64 133 2810.71
2.258000 64 134 2709.08
2.258000 64 135 2744.31
2.258000 64 136 2619.40
2.258000 64 137 2540.63
2.258000 64 138 2379.80
2.258000 64 139 2198.77
2.258000 64 140 2271.81
2.258000 64 141 2451.15
2.258000 64 142 2445.53
2.258000 64 143 2738.52
2.258000 64 144 2847.05
2.258000 64 145 2764.16
2.258000 64 146 2317.91
2.258000 64 147 2155.86
2.258000 64 148 1817.56
2.258000 64 149 1079.72
2.258000 64 150 555.13
2.258000 64 151 94.62
2.258000 64 152 -278.95
2.258000 64 153 -106.58
2.258000 64 154 179.49
2.258000 64 155 376.15
2.258000 64 156 851.61
2.258000 64 157 1072.83
2.258000 64 158 1471.50
2.258000 64 159 1347.93
2.258000 64 160 1442.55
2.258000 64 161 1619.19
2.258000 64 162 1896.88
2.258000 64 163 1964.53
2.258000 64 164 2020.76
2.258000 64 165 1835.24
2.258000 64 166 1469.84
2.258000 64 167 1078.52
2.258000 64 168 1315.74
2.258000 64 169 1119.95
2.258000 64 170 872.41
2.258000 64 171 807.42
2.258000 64 172 931.89
2.258000 64 173 945.70
2.258000 64 174 990.26
2.258000 64 175 618.36
2.258000 64 176 -108.40
2.258000 64 177 201.63
2.258000 64 178 480.78
2.258000 64 179 613.34
2.258000 64 180 578.39
2.258000 64 181 512.75
2.258000 64 182 687.56
2.258000 64 183 665.25
2.258000 64 184 711.57
2.258000 64 185 471.36
2.258000 64 186 235.35
2.258000 64 187 -115.27
2.258000 64 188 -74.64
2.258000 64 189 166.58
2.258000 64 190 177.02
2.258000 64 191 90.95
2.258000 64 192 -39.03
2.258000 64 193 -412.60
2.258000 64 194 -503.42
2.258000 64 195 -692.84
2.258000 64 196 -462.87
2.258000 64 197 -368.86
2.258000 64 198 -671.75
2.258000 64 199 -636.69
