2.268000 64 0 45138.17
2.268000 64 1 36709.09
2.268000 64 2 30411.39
2.268000 64 3 25559.35
2.268000 64 4 21601.87
2.268000 64 5 18277.56
2.268000 64 6 15189.28
2.268000 64 7 12648.32
2.268000 64 8 10630.03
2.268000 64 9 8944.28
2.268000 64 10 7434.02
2.268000 64 11 6223.40
2.268000 64 12 5650.10
2.268000 64 13 5174.11
2.268000 64 14 4789.38
2.268000 64 15 4728.74
2.268000 64 16 4817.69
2.268000 64 17 5002.96
2.268000 64 18 4761.81
2.268000 64 19 4698.09
2.268000 64 20 4738.60
2.268000 64 21 4592.50
2.268000 64 22 4303.22
2.268000 64 23 4024.11
2.268000 64 24 3785.28
2.268000 64 25 4037.20
2.268000 64 26 3799.31
2.268000 64 27 3727.98
2.268000 64 28 3503.58
2.268000 64 29 3346.50
2.268000 64 30 3387.51
2.268000 64 31 2948.56
2.268000 64 32 2490.84
2.268000 64 33 2052.21
2.268000 64 34 1761.80
2.268000 64 35 1330.74
2.268000 64 36 964.37
2.268000 64 37 712.80
2.268000 64 38 616.65
2.268000 64 39 645.99
2.268000 64 40 748.29
2.268000 64 41 604.55
2.268000 64 42 572.66
2.268000 64 43 543.34
2.268000 64 44 789.98
2.268000 64 45 891.36
2.268000 64 46 1073.63
2.268000 64 47 1166.95
2.268000 64 48 1335.45
2.268000 64 49 1630.99
2.268000 64 50 1762.16
2.268000 64 51 1681.39
2.268000 64 52 1410.60
2.268000 64 53 1250.65
2.268000 64 54 1069.94
2.268000 64 55 818.07
2.268000 64 56 701.19
2.268000 64 57 642.15
2.268000 64 58 601.52
2.268000 64 59 690.48
2.268000 64 60 823.84
2.268000 64 61 768.50
2.268000 64 62 811.62
2.268000 64 63 763.04
2.268000 64 64 706.05
2.268000 64 65 953.94
2.268000 64 66 1214.58
2.268000 64 67 1589.26
2.268000 64 68 1756.16
2.268000 64 69 2046.56
2.268000 64 70 1859.51
2.268000 64 71 1687.65
2.268000 64 72 1257.22
2.268000 64 73 1445.09
2.268000 64 74 1336.96
2.268000 64 75 1412.81
2.268000 64 76 1636.93
2.268000 64 77 1738.10
2.268000 64 78 1663.27
2.268000 64 79 1642.30
2.268000 64 80 1531.86
2.268000 64 81 1660.93
2.268000 64 82 1707.06
2.268000 64 83 1475.56
2.268000 64 84 1150.91
2.268000 64 85 738.29
2.268000 64 86 336.15
2.268000 64 87 -129.61
2.268000 64 88 -653.22
2.268000 64 89 -1236.70
2.268000 64 90 -1503.42
2.268000 64 91 -1867.18
2.268000 64 92 -2065.09
2.268000 64 93 -2310.19
2.268000 64 94 -2367.56
2.268000 64 95 -2379.56
2.268000 64 96 -2548.52
2.268000 64 97 -2557.93
2.268000 64 98 -2619.21
2.268000 64 99 -3017.75
2.268000 64 100 -2998.49
2.268000 64 101 -3038.62
2.268000 64 102 -2845.73
2.268000 64 103 -2491.94
2.268000 64 104 -2060.35
2.268000 64 105 -2163.25
2.268000 64 106 -2063.98
2.268000 64 107 -2198.96
2.268000 64 108 -2444.60
2.268000 64 109 -2302.20
2.268000 64 110 -2172.76
2.268000 64 111 -1962.49
2.268000 64 112 -2014.12
2.268000 64 113 -1461.93
2.268000 64 114 -1153.92
2.268000 64 115 -1199.50
2.268000 64 116 -1255.89
2.268000 64 117 -1294.32
2.268000 64 118 -1391.51
2.268000 64 119 -1752.14
2.268000 64 120 -2269.48
2.268000 64 121 -2891.56
2.268000 64 122 -3491.61
2.268000 64 123 -3666.58
2.268000 64 124 -3999.00
2.268000 64 125 -4414.85
2.268000 64 126 -4883.00
2.268000 64 127 -4875.40
2.268000 64 128 -5181.72
2.268000 64 129 -5345.99
2.268000 64 130 -5125.71
2.268000 64 131 -4850.23
2.268000 64 132 -4736.29
2.268000 64 133 -4715.59
2.268000 64 134 -4721.94
2.268000 64 135 -4336.57
2.268000 64 136 -4100.70
2.268000 64 137 -4160.89
2.268000 64 138 -4530.42
2.268000 64 139 -4528.66
2.268000 64 140 -4604.52
2.268000 64 141 -4859.50
2.268000 64 142 -5004.03
2.268000 64 143 -5244.40
2.268000 64 144 -5310.43
2.268000 64 145 -5320.03
2.268000 64 146 -5462.28
2.268000 64 147 -5828.85
2.268000 64 148 -6131.70
2.268000 64 149 -6248.67
2.268000 64 150 -6101.10
2.268000 64 151 -6284.72
2.268000 64 152 -6236.28
2.268000 64 153 -6414.99
2.268000 64 154 -6665.92
2.268000 64 155 -7132.68
2.268000 64 156 -7620.74
2.268000 64 157 -7975.70
2.268000 64 158 -8040.44
2.268000 64 159 -8319.32
2.268000 64 160 -8525.08
2.268000 64 161 -8604.18
2.268000 64 162 -8337.77
2.268000 64 163 -7995.09
2.268000 64 164 -7803.59
2.268000 64 165 -7699.20
2.268000 64 166 -7594.34
2.268000 64 167 -7424.50
2.268000 64 168 -7191.52
2.268000 64 169 -7098.83
2.268000 64 170 -7182.02
2.268000 64 171 -7175.25
2.268000 64 172 -7381.31
2.268000 64 173 -7801.84
2.268000 64 174 -7938.50
2.268000 64 175 -8348.18
2.268000 64 176 -8646.56
2.268000 64 177 -8694.30
2.268000 64 178 -8737.37
2.268000 64 179 -8861.88
2.268000 64 180 -8684.39
2.268000 64 181 -8591.53
2.268000 64 182 -8560.09
2.268000 64 183 -8029.31
2.268000 64 184 -7683.50
2.268000 64 185 -7482.56
2.268000 64 186 -7202.50
2.268000 64 187 -6680.86
2.268000 64 188 -6183.94
2.268000 64 189 -5416.77
2.268000 64 190 -4905.61
2.268000 64 191 -4453.35
2.268000 64 192 -3972.82
2.268000 64 193 -3563.67
2.268000 64 194 -3263.76
2.268000 64 195 -3064.28
2.268000 64 196 -3027.04
2.268000 64 197 -3080.60
2.268000 64 198 -3425.75
2.268000 64 199 -3804.15
