2.270000 128 0 213237.70
2.270000 128 1 185522.75
2.270000 128 2 162760.66
2.270000 128 3 143229.61
2.270000 128 4 126744.46
2.270000 128 5 112503.12
2.270000 128 6 99842.19
2.270000 128 7 88099.33
2.270000 128 8 77757.66
2.270000 128 9 68988.22
2.270000 128 10 61676.71
2.270000 128 11 55672.54
2.270000 128 12 49111.05
2.270000 128 13 43184.99
2.270000 128 14 37269.79
2.270000 128 15 32128.30
2.270000 128 16 26914.11
2.270000 128 17 21511.23
2.270000 128 18 16510.45
2.270000 128 19 9169.36
2.270000 128 20 1997.71
2.270000 128 21 -4675.56
2.270000 128 22 -10005.65
2.270000 128 23 -14495.95
2.270000 128 24 -17980.26
2.270000 128 25 -21098.53
2.270000 128 26 -24203.04
2.270000 128 27 -26079.85
2.270000 128 28 -28657.99
2.270000 128 29 -32583.89
2.270000 128 30 -35086.66
2.270000 128 31 -37140.84
2.270000 128 32 -39258.20
2.270000 128 33 -41348.31
2.270000 128 34 -42984.52
2.270000 128 35 -44895.52
2.270000 128 36 -46245.96
2.270000 128 37 -48243.81
2.270000 128 38 -48824.64
2.270000 128 39 -49501.07
2.270000 128 40 -49093.97
2.270000 128 41 -48972.04
2.270000 128 42 -47315.81
2.270000 128 43 -47528.92
2.270000 128 44 -49358.56
2.270000 128 45 -50648.36
2.270000 128 46 -52972.22
2.270000 128 47 -54449.00
2.270000 128 48 -56307.14
2.270000 128 49 -58637.41
2.270000 128 50 -59742.91
2.270000 128 51 -62339.26
2.270000 128 52 -63962.38
2.270000 128 53 -64686.37
2.270000 128 54 -64687.71
2.270000 128 55 -66503.37
2.270000 128 56 -67222.78
2.270000 128 57 -69792.97
2.270000 128 58 -72497.85
2.270000 128 59 -75183.25
2.270000 128 60 -77762.14
2.270000 128 61 -80467.23
2.270000 128 62 -83834.19
2.270000 128 63 -85605.05
2.270000 128 64 -87963.44
2.270000 128 65 -90563.07
2.270000 128 66 -93103.98
2.270000 128 67 -94155.20
2.270000 128 68 -94177.61
2.270000 128 69 -95637.27
2.270000 128 70 -96269.59
2.270000 128 71 -96385.00
2.270000 128 72 -96217.60
2.270000 128 73 -96673.91
2.270000 128 74 -97940.97
2.270000 128 75 -99793.82
2.270000 128 76 -100656.57
2.270000 128 77 -102516.18
2.270000 128 78 -103366.52
2.270000 128 79 -104479.09
2.270000 128 80 -104726.34
2.270000 128 81 -105051.77
2.270000 128 82 -105751.30
2.270000 128 83 -105916.54
2.270000 128 84 -106286.10
2.270000 128 85 -107007.62
2.270000 128 86 -108739.04
2.270000 128 87 -110037.40
2.270000 128 88 -110418.25
2.270000 128 89 -110517.91
2.270000 128 90 -111575.44
2.270000 128 91 -112715.90
2.270000 128 92 -113305.78
2.270000 128 93 -112899.93
2.270000 128 94 -111252.73
2.270000 128 95 -110318.93
2.270000 128 96 -108527.43
2.270000 128 97 -107451.98
2.270000 128 98 -106734.84
2.270000 128 99 -105555.58
2.270000 128 100 -105397.14
2.270000 128 101 -104623.58
2.270000 128 102 -103717.01
2.270000 128 103 -102120.97
2.270000 128 104 -102387.34
2.270000 128 105 -102548.85
2.270000 128 106 -102149.29
2.270000 128 107 -102064.54
2.270000 128 108 -103663.33
2.270000 128 109 -103961.31
2.270000 128 110 -105083.95
2.270000 128 111 -105858.31
2.270000 128 112 -107034.37
2.270000 128 113 -106691.27
2.270000 128 114 -106269.67
2.270000 128 115 -105999.10
2.270000 128 116 -105776.48
2.270000 128 117 -104162.62
2.270000 128 118 -101948.51
2.270000 128 119 -99939.69
2.270000 128 120 -97675.38
2.270000 128 121 -97298.24
2.270000 128 122 -96334.94
2.270000 128 123 -94823.52
2.270000 128 124 -94912.33
2.270000 128 125 -95845.10
2.270000 128 126 -94937.72
2.270000 128 127 -94003.80
2.270000 128 128 -91820.78
2.270000 128 129 -89166.22
2.270000 128 130 -86343.78
2.270000 128 131 -83788.15
2.270000 128 132 -80324.15
2.270000 128 133 -77560.66
2.270000 128 134 -74343.42
2.270000 128 135 -72520.90
2.270000 128 136 -72147.02
2.270000 128 137 -70078.03
2.270000 128 138 -67501.03
2.270000 128 139 -65449.25
2.270000 128 140 -64272.33
2.270000 128 141 -62761.07
2.270000 128 142 -60119.09
2.270000 128 143 -57785.84
2.270000 128 144 -54943.78
2.270000 128 145 -50905.40
2.270000 128 146 -47059.92
2.270000 128 147 -42342.68
2.270000 128 148 -37877.20
2.270000 128 149 -33763.97
2.270000 128 150 -30100.99
2.270000 128 151 -27185.24
2.270000 128 152 -23018.64
2.270000 128 153 -18556.02
2.270000 128 154 -15698.53
2.270000 128 155 -11627.40
2.270000 128 156 -8360.96
2.270000 128 157 -6464.45
2.270000 128 158 -6504.71
2.270000 128 159 -5563.96
2.270000 128 160 -4584.39
2.270000 128 161 -3663.42
2.270000 128 162 -3840.57
2.270000 128 163 -5551.36
2.270000 128 164 -6431.37
2.270000 128 165 -8381.08
2.270000 128 166 -10783.48
2.270000 128 167 -14434.90
2.270000 128 168 -16643.36
2.270000 128 169 -20224.61
2.270000 128 170 -23720.61
2.270000 128 171 -25753.22
2.270000 128 172 -28598.55
2.270000 128 173 -31446.19
2.270000 128 174 -34262.01
2.270000 128 175 -35877.25
2.270000 128 176 -37698.48
2.270000 128 177 -38121.14
2.270000 128 178 -38157.91
2.270000 128 179 -38328.19
2.270000 128 180 -37770.35
2.270000 128 181 -39544.04
2.270000 128 182 -41380.94
2.270000 128 183 -42537.60
2.270000 128 184 -44606.08
2.270000 128 185 -48145.17
2.270000 128 186 -50151.80
2.270000 128 187 -51424.25
2.270000 128 188 -52316.95
2.270000 128 189 -52627.06
2.270000 128 190 -52782.21
2.270000 128 191 -54426.54
2.270000 128 192 -56348.35
2.270000 128 193 -58106.01
2.270000 128 194 -59493.19
2.270000 128 195 -59879.02
2.270000 128 196 -60321.16
2.270000 128 197 -60760.98
2.270000 128 198 -60524.15
2.270000 128 199 -60228.47
