3.400000 32 0 5740.55
3.400000 32 1 2730.52
3.400000 32 2 1333.41
3.400000 32 3 619.33
3.400000 32 4 277.95
3.400000 32 5 103.67
3.400000 32 6 58.71
3.400000 32 7 -38.52
3.400000 32 8 -46.24
3.400000 32 9 -121.22
3.400000 32 10 -134.50
3.400000 32 11 -144.28
3.400000 32 12 -185.01
3.400000 32 13 -117.55
3.400000 32 14 -190.40
3.400000 32 15 -189.58
3.400000 32 16 -112.37
3.400000 32 17 -59.46
3.400000 32 18 -72.38
3.400000 32 19 -53.66
3.400000 32 20 -120.53
3.400000 32 21 -203.47
3.400000 32 22 -149.44
3.400000 32 23 -123.23
3.400000 32 24 -96.55
3.400000 32 25 -129.49
3.400000 32 26 -217.51
3.400000 32 27 -269.04
3.400000 32 28 -287.76
3.400000 32 29 -240.70
3.400000 32 30 -297.19
3.400000 32 31 -326.19
3.400000 32 32 -271.22
3.400000 32 33 -229.92
3.400000 32 34 -245.03
3.400000 32 35 -255.71
3.400000 32 36 -273.66
3.400000 32 37 -260.30
3.400000 32 38 -259.70
3.400000 32 39 -283.12
3.400000 32 40 -193.94
3.400000 32 41 -171.82
3.400000 32 42 -91.72
3.400000 32 43 -79.11
3.400000 32 44 -111.66
3.400000 32 45 -160.30
3.400000 32 46 -136.05
3.400000 32 47 -1.03
3.400000 32 48 12.19
3.400000 32 49 -78.44
3.400000 32 50 -103.33
3.400000 32 51 -158.69
3.400000 32 52 -162.66
3.400000 32 53 -152.31
3.400000 32 54 -116.86
3.400000 32 55 -77.76
3.400000 32 56 -119.24
3.400000 32 57 -187.15
3.400000 32 58 -182.25
3.400000 32 59 -192.36
3.400000 32 60 -201.21
3.400000 32 61 -252.90
3.400000 32 62 -315.48
3.400000 32 63 -305.13
3.400000 32 64 -237.53
3.400000 32 65 -204.15
3.400000 32 66 -92.17
3.400000 32 67 -64.70
3.400000 32 68 -110.12
3.400000 32 69 -57.98
3.400000 32 70 -55.41
3.400000 32 71 -7.48
3.400000 32 72 10.03
3.400000 32 73 77.98
3.400000 32 74 137.95
3.400000 32 75 100.39
3.400000 32 76 120.51
3.400000 32 77 189.90
3.400000 32 78 205.80
3.400000 32 79 222.18
3.400000 32 80 147.23
3.400000 32 81 73.32
3.400000 32 82 118.84
3.400000 32 83 100.91
3.400000 32 84 79.01
3.400000 32 85 68.16
3.400000 32 86 29.83
3.400000 32 87 72.03
3.400000 32 88 54.99
3.400000 32 89 59.55
3.400000 32 90 -84.17
3.400000 32 91 -45.09
3.400000 32 92 -10.54
3.400000 32 93 21.21
3.400000 32 94  3.90
3.400000 32 95 20.53
3.400000 32 96 26.97
3.400000 32 97 88.73
3.400000 32 98 43.07
3.400000 32 99 68.83
3.400000 32 100 53.33
3.400000 32 101 46.90
3.400000 32 102 73.92
3.400000 32 103 48.31
3.400000 32 104 52.76
3.400000 32 105 69.58
3.400000 32 106 19.69
3.400000 32 107 48.45
3.400000 32 108 170.29
3.400000 32 109 188.89
3.400000 32 110 179.01
3.400000 32 111 66.20
3.400000 32 112 64.95
3.400000 32 113 88.50
3.400000 32 114 39.57
3.400000 32 115 11.74
3.400000 32 116 43.98
3.400000 32 117  2.78
3.400000 32 118 24.03
3.400000 32 119 159.18
3.400000 32 120 149.77
3.400000 32 121 187.03
3.400000 32 122 140.65
3.400000 32 123 157.43
3.400000 32 124 197.46
3.400000 32 125 169.15
3.400000 32 126 135.19
3.400000 32 127 56.08
3.400000 32 128 -44.18
3.400000 32 129 -33.11
3.400000 32 130 -52.67
3.400000 32 131 -36.87
3.400000 32 132 -68.34
3.400000 32 133 -50.13
3.400000 32 134 74.42
3.400000 32 135 146.74
3.400000 32 136 258.09
3.400000 32 137 314.50
3.400000 32 138 352.43
3.400000 32 139 236.77
3.400000 32 140 104.67
3.400000 32 141 65.88
3.400000 32 142 43.74
3.400000 32 143 94.48
3.400000 32 144 108.68
3.400000 32 145 118.16
3.400000 32 146 103.81
3.400000 32 147 146.76
3.400000 32 148 223.57
3.400000 32 149 269.91
3.400000 32 150 247.65
3.400000 32 151 251.15
3.400000 32 152 204.47
3.400000 32 153 182.44
3.400000 32 154 132.89
3.400000 32 155 86.21
3.400000 32 156 106.62
3.400000 32 157 157.65
3.400000 32 158 175.39
3.400000 32 159 148.88
3.400000 32 160 229.81
3.400000 32 161 238.45
3.400000 32 162 336.60
3.400000 32 163 360.39
3.400000 32 164 355.51
3.400000 32 165 373.30
3.400000 32 166 348.78
3.400000 32 167 248.04
3.400000 32 168 194.90
3.400000 32 169 157.61
3.400000 32 170 176.08
3.400000 32 171 232.39
3.400000 32 172 297.37
3.400000 32 173 297.06
3.400000 32 174 268.04
3.400000 32 175 246.31
3.400000 32 176 234.21
3.400000 32 177 109.37
3.400000 32 178 56.24
3.400000 32 179 54.12
3.400000 32 180 93.09
3.400000 32 181 189.88
3.400000 32 182 297.52
3.400000 32 183 351.45
3.400000 32 184 235.06
3.400000 32 185 238.24
3.400000 32 186 216.97
3.400000 32 187 207.55
3.400000 32 188 191.23
3.400000 32 189 118.62
3.400000 32 190 99.48
3.400000 32 191 85.85
3.400000 32 192 196.05
3.400000 32 193 157.49
3.400000 32 194 49.47
3.400000 32 195 68.80
3.400000 32 196 98.30
3.400000 32 197 13.58
3.400000 32 198 70.97
3.400000 32 199 70.59
