2.269200 2048 0 85876927.73
2.269200 2048 1 77005890.46
2.269200 2048 2 63588951.20
2.269200 2048 3 50552038.75
2.269200 2048 4 37710453.74
2.269200 2048 5 25319360.80
2.269200 2048 6 6720381.38
2.269200 2048 7 -10800398.66
2.269200 2048 8 -25197020.99
2.269200 2048 9 -35651006.11
2.269200 2048 10 -42814777.50
2.269200 2048 11 -50284102.70
2.269200 2048 12 -58767142.24
2.269200 2048 13 -68793068.05
2.269200 2048 14 -80843174.59
2.269200 2048 15 -95138700.81
2.269200 2048 16 -109501274.06
2.269200 2048 17 -120365675.81
2.269200 2048 18 -131329850.31
2.269200 2048 19 -141953795.44
2.269200 2048 20 -147841167.67
2.269200 2048 21 -156780626.72
2.269200 2048 22 -165882179.09
2.269200 2048 23 -175375899.66
2.269200 2048 24 -183153028.80
2.269200 2048 25 -191057689.52
2.269200 2048 26 -196834975.23
2.269200 2048 27 -201136739.00
2.269200 2048 28 -205528478.08
2.269200 2048 29 -209841174.73
2.269200 2048 30 -213486336.03
2.269200 2048 31 -212736720.72
2.269200 2048 32 -217896184.02
2.269200 2048 33 -229498379.79
2.269200 2048 34 -241014329.43
2.269200 2048 35 -252602941.71
2.269200 2048 36 -262278137.27
2.269200 2048 37 -272740138.54
2.269200 2048 38 -280029017.48
2.269200 2048 39 -284698897.17
2.269200 2048 40 -287041060.68
2.269200 2048 41 -288933896.89
2.269200 2048 42 -293252681.11
2.269200 2048 43 -300668493.59
2.269200 2048 44 -304662214.23
2.269200 2048 45 -307878337.25
2.269200 2048 46 -309412866.16
2.269200 2048 47 -308685794.21
2.269200 2048 48 -307798143.25
2.269200 2048 49 -308734619.56
2.269200 2048 50 -307683819.67
2.269200 2048 51 -306647613.59
2.269200 2048 52 -305828665.02
2.269200 2048 53 -309296942.20
2.269200 2048 54 -312704890.99
2.269200 2048 55 -316938283.02
2.269200 2048 56 -320958209.28
2.269200 2048 57 -327217501.80
2.269200 2048 58 -333544059.35
2.269200 2048 59 -339714942.90
2.269200 2048 60 -345701620.97
2.269200 2048 61 -354636916.34
2.269200 2048 62 -363575316.57
2.269200 2048 63 -374564095.66
2.269200 2048 64 -385596426.01
2.269200 2048 65 -394553047.27
2.269200 2048 66 -403408461.48
2.269200 2048 67 -412359810.48
2.269200 2048 68 -428841612.61
2.269200 2048 69 -445149822.30
2.269200 2048 70 -461080437.98
2.269200 2048 71 -476871923.16
2.269200 2048 72 -492136617.40
2.269200 2048 73 -507818484.62
2.269200 2048 74 -523605483.73
2.269200 2048 75 -539978878.42
2.269200 2048 76 -551340900.99
2.269200 2048 77 -562980029.73
2.269200 2048 78 -575393151.14
2.269200 2048 79 -583238317.96
2.269200 2048 80 -592857850.03
2.269200 2048 81 -598021071.26
2.269200 2048 82 -603210514.27
2.269200 2048 83 -605226373.39
2.269200 2048 84 -603166100.72
2.269200 2048 85 -606724873.55
2.269200 2048 86 -606669430.52
2.269200 2048 87 -609239776.49
2.269200 2048 88 -611694556.20
2.269200 2048 89 -614054259.36
2.269200 2048 90 -617709259.73
2.269200 2048 91 -621459021.98
2.269200 2048 92 -629852453.41
2.269200 2048 93 -638194387.79
2.269200 2048 94 -641089654.26
2.269200 2048 95 -643922307.86
2.269200 2048 96 -646786384.53
2.269200 2048 97 -643774964.10
2.269200 2048 98 -640697747.06
2.269200 2048 99 -639331027.98
2.269200 2048 100 -641847260.55
2.269200 2048 101 -641525089.96
2.269200 2048 102 -641129895.20
2.269200 2048 103 -642180245.41
2.269200 2048 104 -640409216.74
2.269200 2048 105 -640845365.55
2.269200 2048 106 -641253640.33
2.269200 2048 107 -639807175.38
2.269200 2048 108 -636353998.59
2.269200 2048 109 -634536138.66
2.269200 2048 110 -632763666.62
2.269200 2048 111 -630964927.99
2.269200 2048 112 -629620193.02
2.269200 2048 113 -628316018.79
2.269200 2048 114 -626950051.74
2.269200 2048 115 -625836022.57
2.269200 2048 116 -624544839.21
2.269200 2048 117 -624371446.70
2.269200 2048 118 -618244962.45
2.269200 2048 119 -612044156.72
2.269200 2048 120 -612107772.25
2.269200 2048 121 -615675348.79
2.269200 2048 122 -618951183.11
2.269200 2048 123 -622334919.12
2.269200 2048 124 -626374612.17
2.269200 2048 125 -633956863.55
2.269200 2048 126 -641598161.55
2.269200 2048 127 -653177801.02
2.269200 2048 128 -664820272.67
2.269200 2048 129 -676467032.51
2.269200 2048 130 -688186783.88
2.269200 2048 131 -697041879.76
2.269200 2048 132 -709879154.92
2.269200 2048 133 -719589218.11
2.269200 2048 134 -729298115.98
2.269200 2048 135 -735588692.21
2.269200 2048 136 -743340597.84
2.269200 2048 137 -751056527.03
2.269200 2048 138 -764596087.36
2.269200 2048 139 -776566077.02
2.269200 2048 140 -788515680.61
2.269200 2048 141 -804676541.42
2.269200 2048 142 -820908754.84
2.269200 2048 143 -835918085.84
2.269200 2048 144 -851947723.66
2.269200 2048 145 -867002823.37
2.269200 2048 146 -882466281.84
2.269200 2048 147 -897883853.40
2.269200 2048 148 -912072967.42
2.269200 2048 149 -924648983.77
2.269200 2048 150 -930803912.08
2.269200 2048 151 -935282165.99
2.269200 2048 152 -935754023.05
2.269200 2048 153 -936294676.74
2.269200 2048 154 -936999336.69
2.269200 2048 155 -936771824.44
2.269200 2048 156 -936553473.44
2.269200 2048 157 -938103056.66
2.269200 2048 158 -939559266.34
2.269200 2048 159 -941089758.09
2.269200 2048 160 -944186711.04
2.269200 2048 161 -944408659.71
2.269200 2048 162 -941221302.30
2.269200 2048 163 -937653151.62
2.269200 2048 164 -930895531.15
2.269200 2048 165 -923413287.48
2.269200 2048 166 -914492985.52
2.269200 2048 167 -902227563.56
2.269200 2048 168 -888155399.83
2.269200 2048 169 -874637115.37
2.269200 2048 170 -858847493.98
2.269200 2048 171 -838428986.41
2.269200 2048 172 -818193552.28
2.269200 2048 173 -798027284.40
2.269200 2048 174 -778702478.88
2.269200 2048 175 -759383858.35
2.269200 2048 176 -739172623.05
2.269200 2048 177 -719077263.25
2.269200 2048 178 -698958227.31
2.269200 2048 179 -678810039.80
2.269200 2048 180 -658422021.94
2.269200 2048 181 -638093262.64
2.269200 2048 182 -617781625.64
2.269200 2048 183 -598411486.57
2.269200 2048 184 -579833338.49
2.269200 2048 185 -561034092.23
2.269200 2048 186 -543116033.58
2.269200 2048 187 -526406162.08
2.269200 2048 188 -515593058.89
2.269200 2048 189 -504772391.09
2.269200 2048 190 -492917463.66
2.269200 2048 191 -488549127.54
2.269200 2048 192 -484314390.16
2.269200 2048 193 -479730467.66
2.269200 2048 194 -475541023.30
2.269200 2048 195 -467792795.41
2.269200 2048 196 -460102021.52
2.269200 2048 197 -452103652.56
2.269200 2048 198 -441203380.05
2.269200 2048 199 -430209246.18
