2.300000 256 0 469865.65
2.300000 256 1 463030.75
2.300000 256 2 456382.73
2.300000 256 3 450263.90
2.300000 256 4 444012.56
2.300000 256 5 439034.44
2.300000 256 6 434634.55
2.300000 256 7 431702.91
2.300000 256 8 429108.85
2.300000 256 9 427374.59
2.300000 256 10 425584.79
2.300000 256 11 426536.09
2.300000 256 12 430319.69
2.300000 256 13 435678.53
2.300000 256 14 441561.19
2.300000 256 15 447221.97
2.300000 256 16 451274.43
2.300000 256 17 456016.60
2.300000 256 18 460946.38
2.300000 256 19 465580.78
2.300000 256 20 470502.56
2.300000 256 21 473670.37
2.300000 256 22 479965.55
2.300000 256 23 484513.89
2.300000 256 24 488666.69
2.300000 256 25 492757.03
2.300000 256 26 496734.49
2.300000 256 27 501140.35
2.300000 256 28 503791.18
2.300000 256 29 507249.95
2.300000 256 30 509091.62
2.300000 256 31 510914.38
2.300000 256 32 513181.69
2.300000 256 33 515551.68
2.300000 256 34 515812.41
2.300000 256 35 515492.49
2.300000 256 36 514642.78
2.300000 256 37 516568.52
2.300000 256 38 514980.01
2.300000 256 39 515708.93
2.300000 256 40 517855.03
2.300000 256 41 518120.06
2.300000 256 42 518323.82
2.300000 256 43 519029.83
2.300000 256 44 519742.97
2.300000 256 45 519503.54
2.300000 256 46 519867.11
2.300000 256 47 520665.09
2.300000 256 48 522532.16
2.300000 256 49 523649.74
2.300000 256 50 523920.83
2.300000 256 51 522961.11
2.300000 256 52 520607.12
2.300000 256 53 520397.22
2.300000 256 54 522084.24
2.300000 256 55 524781.27
2.300000 256 56 527261.06
2.300000 256 57 529578.43
2.300000 256 58 528707.03
2.300000 256 59 529813.84
2.300000 256 60 532442.32
2.300000 256 61 535155.61
2.300000 256 62 538042.74
2.300000 256 63 541146.07
2.300000 256 64 543139.37
2.300000 256 65 544792.23
2.300000 256 66 545151.60
2.300000 256 67 545549.59
2.300000 256 68 546772.39
2.300000 256 69 549106.44
2.300000 256 70 552775.24
2.300000 256 71 556405.41
2.300000 256 72 560227.00
2.300000 256 73 563166.60
2.300000 256 74 565796.88
2.300000 256 75 570001.33
2.300000 256 76 574094.65
2.300000 256 77 578475.39
2.300000 256 78 584099.80
2.300000 256 79 590241.51
2.300000 256 80 596454.13
2.300000 256 81 602498.78
2.300000 256 82 607976.06
2.300000 256 83 616794.34
2.300000 256 84 625720.37
2.300000 256 85 636965.17
2.300000 256 86 647719.36
2.300000 256 87 659877.59
2.300000 256 88 670888.77
2.300000 256 89 683904.12
2.300000 256 90 694382.71
2.300000 256 91 704533.15
2.300000 256 92 719034.27
2.300000 256 93 733762.00
2.300000 256 94 746782.03
2.300000 256 95 760506.83
2.300000 256 96 774409.54
2.300000 256 97 786615.11
2.300000 256 98 799567.01
2.300000 256 99 812440.04
2.300000 256 100 823267.70
2.300000 256 101 832915.86
2.300000 256 102 842346.21
2.300000 256 103 851733.47
2.300000 256 104 861487.89
2.300000 256 105 872647.18
2.300000 256 106 884831.03
2.300000 256 107 897645.07
2.300000 256 108 911118.77
2.300000 256 109 923508.91
2.300000 256 110 935739.27
2.300000 256 111 947566.73
2.300000 256 112 955895.43
2.300000 256 113 963741.21
2.300000 256 114 971840.06
2.300000 256 115 982373.05
2.300000 256 116 993730.46
2.300000 256 117 1004875.45
2.300000 256 118 1017558.52
2.300000 256 119 1031360.78
2.300000 256 120 1044070.83
2.300000 256 121 1057133.02
2.300000 256 122 1069160.96
2.300000 256 123 1082068.81
2.300000 256 124 1094899.00
2.300000 256 125 1108806.80
2.300000 256 126 1122193.23
2.300000 256 127 1135820.84
2.300000 256 128 1148658.41
2.300000 256 129 1161023.30
2.300000 256 130 1173598.91
2.300000 256 131 1185446.87
2.300000 256 132 1197274.13
2.300000 256 133 1209330.83
2.300000 256 134 1221248.49
2.300000 256 135 1233000.89
2.300000 256 136 1242993.50
2.300000 256 137 1252305.07
2.300000 256 138 1263860.71
2.300000 256 139 1274995.86
2.300000 256 140 1285275.71
2.300000 256 141 1293187.15
2.300000 256 142 1299880.45
2.300000 256 143 1305604.08
2.300000 256 144 1311691.57
2.300000 256 145 1320103.56
2.300000 256 146 1329178.27
2.300000 256 147 1338686.59
2.300000 256 148 1350914.79
2.300000 256 149 1363227.17
2.300000 256 150 1377912.84
2.300000 256 151 1392348.77
2.300000 256 152 1406058.33
2.300000 256 153 1420207.07
2.300000 256 154 1433580.68
2.300000 256 155 1446017.41
2.300000 256 156 1458413.61
2.300000 256 157 1470614.40
2.300000 256 158 1483827.64
2.300000 256 159 1495052.16
2.300000 256 160 1502106.42
2.300000 256 161 1509440.49
2.300000 256 162 1516788.60
2.300000 256 163 1524921.54
2.300000 256 164 1529648.34
2.300000 256 165 1535127.00
2.300000 256 166 1540081.03
2.300000 256 167 1545439.18
2.300000 256 168 1550453.78
2.300000 256 169 1553751.29
2.300000 256 170 1557021.12
2.300000 256 171 1563526.69
2.300000 256 172 1569752.89
2.300000 256 173 1575502.21
2.300000 256 174 1581194.96
2.300000 256 175 1586047.14
2.300000 256 176 1590901.18
2.300000 256 177 1593377.83
2.300000 256 178 1600978.87
2.300000 256 179 1609934.58
2.300000 256 180 1624865.09
2.300000 256 181 1639336.64
2.300000 256 182 1653233.75
2.300000 256 183 1667387.12
2.300000 256 184 1680972.22
2.300000 256 185 1695876.14
2.300000 256 186 1707091.57
2.300000 256 187 1717933.95
2.300000 256 188 1729317.93
2.300000 256 189 1740715.02
2.300000 256 190 1751088.33
2.300000 256 191 1764405.13
2.300000 256 192 1779926.15
2.300000 256 193 1794844.49
2.300000 256 194 1809958.06
2.300000 256 195 1825646.29
2.300000 256 196 1842081.21
2.300000 256 197 1861079.82
2.300000 256 198 1882507.31
2.300000 256 199 1903551.32
