2.290000 128 0 179378.60
2.290000 128 1 165840.12
2.290000 128 2 154713.91
2.290000 128 3 144907.32
2.290000 128 4 136501.05
2.290000 128 5 129016.16
2.290000 128 6 122574.60
2.290000 128 7 116716.54
2.290000 128 8 110367.00
2.290000 128 9 104242.75
2.290000 128 10 97600.36
2.290000 128 11 91116.25
2.290000 128 12 85250.63
2.290000 128 13 79528.02
2.290000 128 14 73476.17
2.290000 128 15 68791.17
2.290000 128 16 64290.36
2.290000 128 17 60168.44
2.290000 128 18 55903.28
2.290000 128 19 50269.00
2.290000 128 20 44777.90
2.290000 128 21 40298.83
2.290000 128 22 35856.48
2.290000 128 23 31632.53
2.290000 128 24 26899.68
2.290000 128 25 23245.52
2.290000 128 26 20404.13
2.290000 128 27 17737.28
2.290000 128 28 15406.66
2.290000 128 29 13450.28
2.290000 128 30 11776.40
2.290000 128 31 11059.18
2.290000 128 32 10852.70
2.290000 128 33 11413.15
2.290000 128 34 12144.01
2.290000 128 35 12591.69
2.290000 128 36 14402.96
2.290000 128 37 15987.32
2.290000 128 38 17193.33
2.290000 128 39 17139.26
2.290000 128 40 17880.19
2.290000 128 41 18898.43
2.290000 128 42 20022.61
2.290000 128 43 20905.48
2.290000 128 44 22273.79
2.290000 128 45 23160.46
2.290000 128 46 23053.59
2.290000 128 47 23374.89
2.290000 128 48 24146.57
2.290000 128 49 25111.22
2.290000 128 50 25977.67
2.290000 128 51 26047.74
2.290000 128 52 26008.55
2.290000 128 53 25773.38
2.290000 128 54 26050.47
2.290000 128 55 25331.51
2.290000 128 56 24941.23
2.290000 128 57 24686.23
2.290000 128 58 25048.14
2.290000 128 59 25421.80
2.290000 128 60 25439.79
2.290000 128 61 25711.27
2.290000 128 62 24878.28
2.290000 128 63 24878.13
2.290000 128 64 25229.25
2.290000 128 65 25981.16
2.290000 128 66 27510.21
2.290000 128 67 28719.33
2.290000 128 68 29192.79
2.290000 128 69 29972.10
2.290000 128 70 30752.41
2.290000 128 71 29826.81
2.290000 128 72 29582.25
2.290000 128 73 28443.09
2.290000 128 74 27772.26
2.290000 128 75 27023.36
2.290000 128 76 26569.11
2.290000 128 77 25615.66
2.290000 128 78 25008.54
2.290000 128 79 26934.76
2.290000 128 80 28781.43
2.290000 128 81 31105.79
2.290000 128 82 33325.90
2.290000 128 83 35495.58
2.290000 128 84 36827.53
2.290000 128 85 37872.58
2.290000 128 86 38984.01
2.290000 128 87 40477.71
2.290000 128 88 42553.42
2.290000 128 89 44056.91
2.290000 128 90 45471.65
2.290000 128 91 47552.34
2.290000 128 92 50457.51
2.290000 128 93 52379.10
2.290000 128 94 54272.85
2.290000 128 95 56066.58
2.290000 128 96 57667.64
2.290000 128 97 59512.46
2.290000 128 98 61027.14
2.290000 128 99 62394.78
2.290000 128 100 64280.85
2.290000 128 101 66304.23
2.290000 128 102 68895.50
2.290000 128 103 70673.56
2.290000 128 104 72358.84
2.290000 128 105 74358.81
2.290000 128 106 77663.81
2.290000 128 107 80595.31
2.290000 128 108 83749.44
2.290000 128 109 86609.38
2.290000 128 110 88017.25
2.290000 128 111 89401.33
2.290000 128 112 90682.52
2.290000 128 113 92112.12
2.290000 128 114 94176.66
2.290000 128 115 96597.80
2.290000 128 116 99259.38
2.290000 128 117 101923.24
2.290000 128 118 103905.11
2.290000 128 119 105831.08
2.290000 128 120 106954.42
2.290000 128 121 107756.54
2.290000 128 122 108941.99
2.290000 128 123 109142.65
2.290000 128 124 109139.74
2.290000 128 125 108659.13
2.290000 128 126 109268.24
2.290000 128 127 109186.23
2.290000 128 128 109525.96
2.290000 128 129 110344.58
2.290000 128 130 111372.98
2.290000 128 131 111913.42
2.290000 128 132 112224.43
2.290000 128 133 112525.20
2.290000 128 134 111666.33
2.290000 128 135 111155.88
2.290000 128 136 110744.11
2.290000 128 137 110359.05
2.290000 128 138 109938.42
2.290000 128 139 109132.85
2.290000 128 140 108447.66
2.290000 128 141 107893.52
2.290000 128 142 107230.76
2.290000 128 143 105816.46
2.290000 128 144 103686.46
2.290000 128 145 101855.47
2.290000 128 146 100516.58
2.290000 128 147 97443.31
2.290000 128 148 94705.38
2.290000 128 149 91628.29
2.290000 128 150 88163.16
2.290000 128 151 84821.42
2.290000 128 152 80861.45
2.290000 128 153 78692.80
2.290000 128 154 76900.89
2.290000 128 155 75771.60
2.290000 128 156 74970.59
2.290000 128 157 74227.14
2.290000 128 158 73335.41
2.290000 128 159 72522.39
2.290000 128 160 71632.35
2.290000 128 161 70859.37
2.290000 128 162 70077.85
2.290000 128 163 70128.17
2.290000 128 164 69892.03
2.290000 128 165 70057.88
2.290000 128 166 69603.43
2.290000 128 167 69289.36
2.290000 128 168 68341.86
2.290000 128 169 66482.05
2.290000 128 170 63521.74
2.290000 128 171 60810.63
2.290000 128 172 57882.56
2.290000 128 173 54920.63
2.290000 128 174 51796.88
2.290000 128 175 48301.96
2.290000 128 176 44663.17
2.290000 128 177 41341.44
2.290000 128 178 39075.79
2.290000 128 179 36747.55
2.290000 128 180 35214.33
2.290000 128 181 33879.59
2.290000 128 182 32852.69
2.290000 128 183 32511.91
2.290000 128 184 30968.40
2.290000 128 185 31666.36
2.290000 128 186 32110.28
2.290000 128 187 33219.69
2.290000 128 188 34287.99
2.290000 128 189 34294.69
2.290000 128 190 34400.53
2.290000 128 191 34689.32
2.290000 128 192 34693.47
2.290000 128 193 34867.60
2.290000 128 194 34509.08
2.290000 128 195 34199.35
2.290000 128 196 33839.55
2.290000 128 197 32918.99
2.290000 128 198 32866.69
2.290000 128 199 32829.33
