3.637000 32 0 11576.25
3.637000 32 1 8659.26
3.637000 32 2 6613.62
3.637000 32 3 5174.97
3.637000 32 4 4137.53
3.637000 32 5 3294.83
3.637000 32 6 2589.09
3.637000 32 7 2146.62
3.637000 32 8 1885.38
3.637000 32 9 1585.77
3.637000 32 10 1327.69
3.637000 32 11 1102.79
3.637000 32 12 997.72
3.637000 32 13 783.09
3.637000 32 14 728.94
3.637000 32 15 688.59
3.637000 32 16 690.58
3.637000 32 17 748.58
3.637000 32 18 785.64
3.637000 32 19 741.61
3.637000 32 20 722.02
3.637000 32 21 662.48
3.637000 32 22 658.44
3.637000 32 23 628.23
3.637000 32 24 552.16
3.637000 32 25 548.81
3.637000 32 26 475.15
3.637000 32 27 427.22
3.637000 32 28 307.60
3.637000 32 29 190.50
3.637000 32 30 73.96
3.637000 32 31 68.31
3.637000 32 32 103.86
3.637000 32 33 101.93
3.637000 32 34 120.96
3.637000 32 35 243.94
3.637000 32 36 320.63
3.637000 32 37 295.39
3.637000 32 38 269.55
3.637000 32 39 223.33
3.637000 32 40 136.26
3.637000 32 41 107.67
3.637000 32 42 123.56
3.637000 32 43 195.24
3.637000 32 44 175.95
3.637000 32 45 186.52
3.637000 32 46 126.09
3.637000 32 47 151.60
3.637000 32 48 256.97
3.637000 32 49 335.06
3.637000 32 50 318.33
3.637000 32 51 253.69
3.637000 32 52 230.46
3.637000 32 53 183.21
3.637000 32 54 166.23
3.637000 32 55 172.01
3.637000 32 56 165.86
3.637000 32 57 115.72
3.637000 32 58 74.28
3.637000 32 59 96.77
3.637000 32 60 81.88
3.637000 32 61 43.53
3.637000 32 62 55.09
3.637000 32 63 38.05
3.637000 32 64 21.50
3.637000 32 65 38.46
3.637000 32 66 -1.25
3.637000 32 67 -45.62
3.637000 32 68 -63.15
3.637000 32 69 40.92
3.637000 32 70 60.87
3.637000 32 71 70.23
3.637000 32 72 141.63
3.637000 32 73 165.20
3.637000 32 74 171.50
3.637000 32 75 86.51
3.637000 32 76 134.96
3.637000 32 77 192.10
3.637000 32 78 171.51
3.637000 32 79 215.22
3.637000 32 80 199.43
3.637000 32 81 225.62
3.637000 32 82 182.40
3.637000 32 83 126.76
3.637000 32 84 106.10
3.637000 32 85 65.77
3.637000 32 86 -32.56
3.637000 32 87 -109.29
3.637000 32 88 -253.21
3.637000 32 89 -310.60
3.637000 32 90 -407.54
3.637000 32 91 -377.79
3.637000 32 92 -390.36
3.637000 32 93 -443.40
3.637000 32 94 -532.57
3.637000 32 95 -537.71
3.637000 32 96 -481.14
3.637000 32 97 -419.22
3.637000 32 98 -367.51
3.637000 32 99 -276.96
3.637000 32 100 -269.70
3.637000 32 101 -298.34
3.637000 32 102 -297.37
3.637000 32 103 -341.03
3.637000 32 104 -356.15
3.637000 32 105 -375.51
3.637000 32 106 -462.16
3.637000 32 107 -496.75
3.637000 32 108 -509.71
3.637000 32 109 -558.41
3.637000 32 110 -611.71
3.637000 32 111 -624.86
3.637000 32 112 -652.73
3.637000 32 113 -743.87
3.637000 32 114 -765.64
3.637000 32 115 -698.13
3.637000 32 116 -584.00
3.637000 32 117 -390.25
3.637000 32 118 -321.92
3.637000 32 119 -249.63
3.637000 32 120 -277.63
3.637000 32 121 -439.78
3.637000 32 122 -466.34
3.637000 32 123 -502.55
3.637000 32 124 -550.93
3.637000 32 125 -573.88
3.637000 32 126 -726.50
3.637000 32 127 -767.73
3.637000 32 128 -748.24
3.637000 32 129 -735.45
3.637000 32 130 -730.11
3.637000 32 131 -708.22
3.637000 32 132 -691.81
3.637000 32 133 -728.15
3.637000 32 134 -744.01
3.637000 32 135 -699.56
3.637000 32 136 -663.36
3.637000 32 137 -662.01
3.637000 32 138 -777.00
3.637000 32 139 -795.14
3.637000 32 140 -830.80
3.637000 32 141 -834.33
3.637000 32 142 -872.18
3.637000 32 143 -808.26
3.637000 32 144 -718.53
3.637000 32 145 -598.41
3.637000 32 146 -618.67
3.637000 32 147 -662.50
3.637000 32 148 -569.50
3.637000 32 149 -526.24
3.637000 32 150 -462.56
3.637000 32 151 -383.97
3.637000 32 152 -382.39
3.637000 32 153 -402.77
3.637000 32 154 -366.01
3.637000 32 155 -256.77
3.637000 32 156 -319.91
3.637000 32 157 -339.92
3.637000 32 158 -272.07
3.637000 32 159 -244.09
3.637000 32 160 -130.11
3.637000 32 161 -4.89
3.637000 32 162 -6.60
3.637000 32 163 44.58
3.637000 32 164 161.39
3.637000 32 165 155.68
3.637000 32 166 175.88
3.637000 32 167 290.78
3.637000 32 168 377.56
3.637000 32 169 408.78
3.637000 32 170 517.31
3.637000 32 171 580.30
3.637000 32 172 585.87
3.637000 32 173 533.56
3.637000 32 174 379.05
3.637000 32 175 317.76
3.637000 32 176 263.89
3.637000 32 177 243.91
3.637000 32 178 152.71
3.637000 32 179 135.61
3.637000 32 180 84.54
3.637000 32 181 -56.78
3.637000 32 182 -148.78
3.637000 32 183 -241.77
3.637000 32 184 -283.07
3.637000 32 185 -249.75
3.637000 32 186 -184.80
3.637000 32 187 -85.82
3.637000 32 188 -121.63
3.637000 32 189 -216.90
3.637000 32 190 -264.27
3.637000 32 191 -270.33
3.637000 32 192 -281.48
3.637000 32 193 -229.26
3.637000 32 194 -9.27
3.637000 32 195 239.50
3.637000 32 196 329.68
3.637000 32 197 314.38
3.637000 32 198 207.80
3.637000 32 199 105.87
