3.770000 32 0 24002.45
3.770000 32 1 20197.91
3.770000 32 2 17179.67
3.770000 32 3 14718.31
3.770000 32 4 12689.97
3.770000 32 5 10946.37
3.770000 32 6 9463.85
3.770000 32 7 8208.22
3.770000 32 8 7132.89
3.770000 32 9 6238.25
3.770000 32 10 5488.79
3.770000 32 11 4828.37
3.770000 32 12 4261.95
3.770000 32 13 3753.06
3.770000 32 14 3312.74
3.770000 32 15 2932.88
3.770000 32 16 2643.02
3.770000 32 17 2390.91
3.770000 32 18 2139.49
3.770000 32 19 1888.80
3.770000 32 20 1652.68
3.770000 32 21 1401.95
3.770000 32 22 1230.84
3.770000 32 23 1098.19
3.770000 32 24 958.18
3.770000 32 25 842.43
3.770000 32 26 736.19
3.770000 32 27 630.69
3.770000 32 28 549.15
3.770000 32 29 473.57
3.770000 32 30 436.52
3.770000 32 31 415.19
3.770000 32 32 372.46
3.770000 32 33 329.27
3.770000 32 34 324.93
3.770000 32 35 336.68
3.770000 32 36 358.55
3.770000 32 37 372.73
3.770000 32 38 384.77
3.770000 32 39 369.29
3.770000 32 40 360.19
3.770000 32 41 364.48
3.770000 32 42 321.98
3.770000 32 43 264.97
3.770000 32 44 212.24
3.770000 32 45 118.94
3.770000 32 46 49.86
3.770000 32 47 -15.85
3.770000 32 48 -60.76
3.770000 32 49 -93.68
3.770000 32 50 -137.28
3.770000 32 51 -159.30
3.770000 32 52 -154.08
3.770000 32 53 -173.44
3.770000 32 54 -173.12
3.770000 32 55 -146.53
3.770000 32 56 -135.54
3.770000 32 57 -140.89
3.770000 32 58 -108.42
3.770000 32 59 -94.63
3.770000 32 60 -64.67
3.770000 32 61 -36.28
3.770000 32 62 -32.39
3.770000 32 63 -69.45
3.770000 32 64 -105.18
3.770000 32 65 -162.86
3.770000 32 66 -191.36
3.770000 32 67 -215.89
3.770000 32 68 -264.74
3.770000 32 69 -305.14
3.770000 32 70 -313.54
3.770000 32 71 -329.71
3.770000 32 72 -360.29
3.770000 32 73 -386.89
3.770000 32 74 -398.26
3.770000 32 75 -384.70
3.770000 32 76 -342.63
3.770000 32 77 -279.40
3.770000 32 78 -244.39
3.770000 32 79 -251.02
3.770000 32 80 -271.76
3.770000 32 81 -290.89
3.770000 32 82 -345.76
3.770000 32 83 -385.97
3.770000 32 84 -424.30
3.770000 32 85 -410.12
3.770000 32 86 -412.77
3.770000 32 87 -417.79
3.770000 32 88 -446.11
3.770000 32 89 -454.64
3.770000 32 90 -445.77
3.770000 32 91 -445.18
3.770000 32 92 -417.19
3.770000 32 93 -375.97
3.770000 32 94 -323.17
3.770000 32 95 -281.96
3.770000 32 96 -248.74
3.770000 32 97 -208.90
3.770000 32 98 -204.83
3.770000 32 99 -193.37
3.770000 32 100 -182.95
3.770000 32 101 -172.05
3.770000 32 102 -174.03
3.770000 32 103 -218.66
3.770000 32 104 -258.97
3.770000 32 105 -311.72
3.770000 32 106 -383.16
3.770000 32 107 -456.23
3.770000 32 108 -479.92
3.770000 32 109 -472.82
3.770000 32 110 -439.34
3.770000 32 111 -427.22
3.770000 32 112 -385.15
3.770000 32 113 -348.38
3.770000 32 114 -325.65
3.770000 32 115 -336.08
3.770000 32 116 -369.76
3.770000 32 117 -437.41
3.770000 32 118 -489.55
3.770000 32 119 -520.40
3.770000 32 120 -529.71
3.770000 32 121 -522.43
3.770000 32 122 -467.08
3.770000 32 123 -424.09
3.770000 32 124 -374.76
3.770000 32 125 -310.23
3.770000 32 126 -276.74
3.770000 32 127 -250.09
3.770000 32 128 -254.00
3.770000 32 129 -254.25
3.770000 32 130 -260.41
3.770000 32 131 -275.88
3.770000 32 132 -276.74
3.770000 32 133 -280.81
3.770000 32 134 -282.36
3.770000 32 135 -266.53
3.770000 32 136 -281.71
3.770000 32 137 -366.30
3.770000 32 138 -414.56
3.770000 32 139 -471.91
3.770000 32 140 -533.63
3.770000 32 141 -555.61
3.770000 32 142 -591.79
3.770000 32 143 -583.91
3.770000 32 144 -576.21
3.770000 32 145 -548.09
3.770000 32 146 -557.31
3.770000 32 147 -529.16
3.770000 32 148 -465.20
3.770000 32 149 -425.94
3.770000 32 150 -376.85
3.770000 32 151 -366.96
3.770000 32 152 -362.71
3.770000 32 153 -320.10
3.770000 32 154 -283.08
3.770000 32 155 -271.73
3.770000 32 156 -280.10
3.770000 32 157 -300.25
3.770000 32 158 -338.27
3.770000 32 159 -364.83
3.770000 32 160 -395.33
3.770000 32 161 -423.14
3.770000 32 162 -443.08
3.770000 32 163 -499.57
3.770000 32 164 -560.05
3.770000 32 165 -584.07
3.770000 32 166 -563.78
3.770000 32 167 -534.12
3.770000 32 168 -501.65
3.770000 32 169 -474.13
3.770000 32 170 -445.87
3.770000 32 171 -453.15
3.770000 32 172 -434.84
3.770000 32 173 -464.29
3.770000 32 174 -434.66
3.770000 32 175 -405.40
3.770000 32 176 -367.77
3.770000 32 177 -296.79
3.770000 32 178 -302.79
3.770000 32 179 -297.97
3.770000 32 180 -322.13
3.770000 32 181 -320.87
3.770000 32 182 -312.73
3.770000 32 183 -355.80
3.770000 32 184 -382.16
3.770000 32 185 -447.25
3.770000 32 186 -471.48
3.770000 32 187 -450.92
3.770000 32 188 -429.10
3.770000 32 189 -416.40
3.770000 32 190 -371.99
3.770000 32 191 -315.66
3.770000 32 192 -311.72
3.770000 32 193 -272.62
3.770000 32 194 -281.88
3.770000 32 195 -285.03
3.770000 32 196 -307.37
3.770000 32 197 -349.70
3.770000 32 198 -395.48
3.770000 32 199 -408.64
