3.630000 128 0 528469.98
3.630000 128 1 441089.40
3.630000 128 2 372773.52
3.630000 128 3 317617.25
3.630000 128 4 271419.70
3.630000 128 5 232225.68
3.630000 128 6 199243.38
3.630000 128 7 171339.11
3.630000 128 8 146444.87
3.630000 128 9 125553.24
3.630000 128 10 108437.53
3.630000 128 11 93855.71
3.630000 128 12 80715.59
3.630000 128 13 69014.84
3.630000 128 14 58353.81
3.630000 128 15 50332.45
3.630000 128 16 43256.66
3.630000 128 17 37050.72
3.630000 128 18 32534.36
3.630000 128 19 27883.78
3.630000 128 20 23652.07
3.630000 128 21 19748.31
3.630000 128 22 16624.99
3.630000 128 23 14275.85
3.630000 128 24 12400.78
3.630000 128 25 11415.79
3.630000 128 26 10213.59
3.630000 128 27 9194.90
3.630000 128 28 8012.03
3.630000 128 29 6849.17
3.630000 128 30 6214.24
3.630000 128 31 6183.25
3.630000 128 32 6310.95
3.630000 128 33 6346.21
3.630000 128 34 6344.92
3.630000 128 35 6030.13
3.630000 128 36 6004.43
3.630000 128 37 5987.74
3.630000 128 38 5376.40
3.630000 128 39 5582.83
3.630000 128 40 5808.02
3.630000 128 41 5852.67
3.630000 128 42 5983.49
3.630000 128 43 5294.32
3.630000 128 44 5986.60
3.630000 128 45 6676.40
3.630000 128 46 7821.09
3.630000 128 47 7849.40
3.630000 128 48 7949.85
3.630000 128 49 8069.99
3.630000 128 50 7678.28
3.630000 128 51 7046.64
3.630000 128 52 5912.19
3.630000 128 53 5683.60
3.630000 128 54 6315.56
3.630000 128 55 7453.07
3.630000 128 56 8280.06
3.630000 128 57 9171.00
3.630000 128 58 10053.59
3.630000 128 59 10219.04
3.630000 128 60 9650.23
3.630000 128 61 9956.89
3.630000 128 62 9327.43
3.630000 128 63 8794.83
3.630000 128 64 8557.50
3.630000 128 65 7405.85
3.630000 128 66 6218.33
3.630000 128 67 4689.18
3.630000 128 68 3818.19
3.630000 128 69 3275.83
3.630000 128 70 3772.83
3.630000 128 71 3915.34
3.630000 128 72 4400.44
3.630000 128 73 3969.36
3.630000 128 74 3657.76
3.630000 128 75 4558.92
3.630000 128 76 6196.12
3.630000 128 77 7618.95
3.630000 128 78 8656.23
3.630000 128 79 9953.40
3.630000 128 80 10981.34
3.630000 128 81 11502.00
3.630000 128 82 12250.52
3.630000 128 83 11945.35
3.630000 128 84 12039.42
3.630000 128 85 12408.61
3.630000 128 86 11979.90
3.630000 128 87 12415.03
3.630000 128 88 12700.38
3.630000 128 89 12589.08
3.630000 128 90 12151.11
3.630000 128 91 11309.28
3.630000 128 92 9997.17
3.630000 128 93 8696.38
3.630000 128 94 7663.80
3.630000 128 95 7131.91
3.630000 128 96 6824.04
3.630000 128 97 5878.86
3.630000 128 98 6342.91
3.630000 128 99 6707.61
3.630000 128 100 7339.21
3.630000 128 101 7223.05
3.630000 128 102 6859.90
3.630000 128 103 7837.95
3.630000 128 104 8025.02
3.630000 128 105 8806.17
3.630000 128 106 9275.40
3.630000 128 107 10751.85
3.630000 128 108 11183.73
3.630000 128 109 10300.91
3.630000 128 110 9228.76
3.630000 128 111 8274.48
3.630000 128 112 8251.33
3.630000 128 113 7491.22
3.630000 128 114 6400.92
3.630000 128 115 6679.03
3.630000 128 116 6551.34
3.630000 128 117 6095.45
3.630000 128 118 5590.49
3.630000 128 119 3924.68
3.630000 128 120 1505.85
3.630000 128 121 -448.56
3.630000 128 122 -2822.25
3.630000 128 123 -4862.84
3.630000 128 124 -6801.89
3.630000 128 125 -8890.56
3.630000 128 126 -10432.34
3.630000 128 127 -11605.06
3.630000 128 128 -12146.30
3.630000 128 129 -12416.58
3.630000 128 130 -11252.81
3.630000 128 131 -10378.60
3.630000 128 132 -10636.37
3.630000 128 133 -11184.78
3.630000 128 134 -10384.66
3.630000 128 135 -9938.62
3.630000 128 136 -9532.28
3.630000 128 137 -9468.85
3.630000 128 138 -8861.99
3.630000 128 139 -8576.76
3.630000 128 140 -8460.73
3.630000 128 141 -7503.44
3.630000 128 142 -6952.17
3.630000 128 143 -7150.81
3.630000 128 144 -8150.76
3.630000 128 145 -8580.12
3.630000 128 146 -10130.06
3.630000 128 147 -11877.38
3.630000 128 148 -13839.22
3.630000 128 149 -14777.93
3.630000 128 150 -15532.03
3.630000 128 151 -16308.36
3.630000 128 152 -17467.21
3.630000 128 153 -18163.11
3.630000 128 154 -17179.22
3.630000 128 155 -16511.67
3.630000 128 156 -15631.55
3.630000 128 157 -15550.53
3.630000 128 158 -15886.85
3.630000 128 159 -16356.09
3.630000 128 160 -16529.76
3.630000 128 161 -16332.50
3.630000 128 162 -16767.32
3.630000 128 163 -17327.32
3.630000 128 164 -17372.74
3.630000 128 165 -18034.65
3.630000 128 166 -18710.68
3.630000 128 167 -19495.17
3.630000 128 168 -19006.55
3.630000 128 169 -19754.76
3.630000 128 170 -20837.10
3.630000 128 171 -21823.18
3.630000 128 172 -23580.34
3.630000 128 173 -24878.77
3.630000 128 174 -25664.77
3.630000 128 175 -26167.90
3.630000 128 176 -25992.30
3.630000 128 177 -26268.67
3.630000 128 178 -26172.18
3.630000 128 179 -26544.80
3.630000 128 180 -26782.80
3.630000 128 181 -26784.73
3.630000 128 182 -27033.51
3.630000 128 183 -27287.50
3.630000 128 184 -27519.02
3.630000 128 185 -27201.49
3.630000 128 186 -26977.84
3.630000 128 187 -27237.28
3.630000 128 188 -27237.71
3.630000 128 189 -27312.36
3.630000 128 190 -28282.96
3.630000 128 191 -28908.71
3.630000 128 192 -29260.94
3.630000 128 193 -29858.50
3.630000 128 194 -28729.68
3.630000 128 195 -27110.99
3.630000 128 196 -25436.57
3.630000 128 197 -24231.99
3.630000 128 198 -24158.24
3.630000 128 199 -24475.12
