3.780000 48 0 50072.63
3.780000 48 1 45382.90
3.780000 48 2 41394.73
3.780000 48 3 37918.44
3.780000 48 4 34893.49
3.780000 48 5 32149.99
3.780000 48 6 29692.10
3.780000 48 7 27474.97
3.780000 48 8 25436.54
3.780000 48 9 23577.11
3.780000 48 10 21844.52
3.780000 48 11 20302.04
3.780000 48 12 18924.50
3.780000 48 13 17661.87
3.780000 48 14 16457.03
3.780000 48 15 15319.32
3.780000 48 16 14295.55
3.780000 48 17 13338.11
3.780000 48 18 12483.06
3.780000 48 19 11707.94
3.780000 48 20 10978.10
3.780000 48 21 10300.28
3.780000 48 22 9652.54
3.780000 48 23 9045.96
3.780000 48 24 8461.44
3.780000 48 25 7926.08
3.780000 48 26 7389.46
3.780000 48 27 6866.63
3.780000 48 28 6407.63
3.780000 48 29 5999.70
3.780000 48 30 5618.88
3.780000 48 31 5242.11
3.780000 48 32 4880.52
3.780000 48 33 4534.91
3.780000 48 34 4205.23
3.780000 48 35 3893.47
3.780000 48 36 3566.67
3.780000 48 37 3293.16
3.780000 48 38 3030.90
3.780000 48 39 2786.46
3.780000 48 40 2569.53
3.780000 48 41 2325.01
3.780000 48 42 2067.88
3.780000 48 43 1870.92
3.780000 48 44 1733.70
3.780000 48 45 1558.17
3.780000 48 46 1393.54
3.780000 48 47 1183.39
3.780000 48 48 976.64
3.780000 48 49 749.06
3.780000 48 50 551.98
3.780000 48 51 409.37
3.780000 48 52 280.14
3.780000 48 53 128.49
3.780000 48 54 -26.94
3.780000 48 55 -176.62
3.780000 48 56 -301.55
3.780000 48 57 -387.92
3.780000 48 58 -436.56
3.780000 48 59 -511.34
3.780000 48 60 -533.02
3.780000 48 61 -536.17
3.780000 48 62 -580.99
3.780000 48 63 -634.41
3.780000 48 64 -698.60
3.780000 48 65 -731.98
3.780000 48 66 -756.12
3.780000 48 67 -817.59
3.780000 48 68 -890.54
3.780000 48 69 -913.07
3.780000 48 70 -926.69
3.780000 48 71 -966.73
3.780000 48 72 -1031.23
3.780000 48 73 -1061.37
3.780000 48 74 -1094.71
3.780000 48 75 -1143.90
3.780000 48 76 -1179.76
3.780000 48 77 -1207.49
3.780000 48 78 -1194.46
3.780000 48 79 -1185.22
3.780000 48 80 -1202.68
3.780000 48 81 -1226.89
3.780000 48 82 -1224.46
3.780000 48 83 -1215.41
3.780000 48 84 -1160.58
3.780000 48 85 -1120.23
3.780000 48 86 -1131.89
3.780000 48 87 -1167.23
3.780000 48 88 -1136.68
3.780000 48 89 -1108.69
3.780000 48 90 -1078.65
3.780000 48 91 -1085.54
3.780000 48 92 -1104.75
3.780000 48 93 -1161.65
3.780000 48 94 -1239.90
3.780000 48 95 -1274.77
3.780000 48 96 -1308.04
3.780000 48 97 -1326.35
3.780000 48 98 -1353.71
3.780000 48 99 -1329.24
3.780000 48 100 -1301.73
3.780000 48 101 -1262.31
3.780000 48 102 -1232.37
3.780000 48 103 -1225.07
3.780000 48 104 -1196.74
3.780000 48 105 -1190.69
3.780000 48 106 -1196.16
3.780000 48 107 -1190.95
3.780000 48 108 -1164.02
3.780000 48 109 -1167.76
3.780000 48 110 -1162.60
3.780000 48 111 -1153.65
3.780000 48 112 -1159.07
3.780000 48 113 -1169.72
3.780000 48 114 -1149.23
3.780000 48 115 -1146.17
3.780000 48 116 -1171.52
3.780000 48 117 -1188.96
3.780000 48 118 -1139.08
3.780000 48 119 -1103.30
3.780000 48 120 -1069.01
3.780000 48 121 -1036.26
3.780000 48 122 -1014.91
3.780000 48 123 -993.11
3.780000 48 124 -929.29
3.780000 48 125 -856.44
3.780000 48 126 -764.01
3.780000 48 127 -703.99
3.780000 48 128 -706.30
3.780000 48 129 -746.74
3.780000 48 130 -769.58
3.780000 48 131 -787.94
3.780000 48 132 -810.83
3.780000 48 133 -853.18
3.780000 48 134 -920.05
3.780000 48 135 -959.73
3.780000 48 136 -1013.72
3.780000 48 137 -1037.03
3.780000 48 138 -1051.25
3.780000 48 139 -1056.03
3.780000 48 140 -1044.13
3.780000 48 141 -973.46
3.780000 48 142 -925.25
3.780000 48 143 -888.50
3.780000 48 144 -875.89
3.780000 48 145 -861.07
3.780000 48 146 -837.88
3.780000 48 147 -837.71
3.780000 48 148 -830.78
3.780000 48 149 -835.82
3.780000 48 150 -823.90
3.780000 48 151 -805.07
3.780000 48 152 -795.85
3.780000 48 153 -812.38
3.780000 48 154 -810.09
3.780000 48 155 -793.96
3.780000 48 156 -829.63
3.780000 48 157 -824.53
3.780000 48 158 -807.38
3.780000 48 159 -785.24
3.780000 48 160 -763.25
3.780000 48 161 -800.97
3.780000 48 162 -840.85
3.780000 48 163 -861.46
3.780000 48 164 -918.63
3.780000 48 165 -998.08
3.780000 48 166 -1056.75
3.780000 48 167 -1132.69
3.780000 48 168 -1198.14
3.780000 48 169 -1305.57
3.780000 48 170 -1401.11
3.780000 48 171 -1460.89
3.780000 48 172 -1460.43
3.780000 48 173 -1443.03
3.780000 48 174 -1401.93
3.780000 48 175 -1428.78
3.780000 48 176 -1420.89
3.780000 48 177 -1476.90
3.780000 48 178 -1530.96
3.780000 48 179 -1582.93
3.780000 48 180 -1650.21
3.780000 48 181 -1656.27
3.780000 48 182 -1695.90
3.780000 48 183 -1670.77
3.780000 48 184 -1688.62
3.780000 48 185 -1678.24
3.780000 48 186 -1664.75
3.780000 48 187 -1632.17
3.780000 48 188 -1577.96
3.780000 48 189 -1535.74
3.780000 48 190 -1504.21
3.780000 48 191 -1462.01
3.780000 48 192 -1445.41
3.780000 48 193 -1486.88
3.780000 48 194 -1548.92
3.780000 48 195 -1547.43
3.780000 48 196 -1497.81
3.780000 48 197 -1450.79
3.780000 48 198 -1402.08
3.780000 48 199 -1324.25
