2.260000 32 0 9601.73
2.260000 32 1 7109.79
2.260000 32 2 5312.37
2.260000 32 3 4094.71
2.260000 32 4 3165.51
2.260000 32 5 2426.23
2.260000 32 6 1836.82
2.260000 32 7 1502.63
2.260000 32 8 1192.27
2.260000 32 9 875.20
2.260000 32 10 659.74
2.260000 32 11 518.70
2.260000 32 12 384.09
2.260000 32 13 273.67
2.260000 32 14 207.31
2.260000 32 15 147.15
2.260000 32 16 71.30
2.260000 32 17 -68.36
2.260000 32 18 -169.44
2.260000 32 19 -279.01
2.260000 32 20 -361.16
2.260000 32 21 -452.29
2.260000 32 22 -561.05
2.260000 32 23 -588.17
2.260000 32 24 -621.02
2.260000 32 25 -591.48
2.260000 32 26 -550.78
2.260000 32 27 -502.92
2.260000 32 28 -492.90
2.260000 32 29 -456.67
2.260000 32 30 -406.64
2.260000 32 31 -412.49
2.260000 32 32 -480.38
2.260000 32 33 -458.42
2.260000 32 34 -468.04
2.260000 32 35 -425.48
2.260000 32 36 -442.40
2.260000 32 37 -452.87
2.260000 32 38 -450.46
2.260000 32 39 -560.19
2.260000 32 40 -688.95
2.260000 32 41 -811.95
2.260000 32 42 -835.65
2.260000 32 43 -834.29
2.260000 32 44 -761.18
2.260000 32 45 -716.30
2.260000 32 46 -759.04
2.260000 32 47 -746.11
2.260000 32 48 -729.46
2.260000 32 49 -629.82
2.260000 32 50 -581.86
2.260000 32 51 -591.82
2.260000 32 52 -619.42
2.260000 32 53 -649.49
2.260000 32 54 -571.43
2.260000 32 55 -530.05
2.260000 32 56 -435.71
2.260000 32 57 -467.58
2.260000 32 58 -354.40
2.260000 32 59 -186.27
2.260000 32 60 -71.12
2.260000 32 61 -6.77
2.260000 32 62 -13.16
2.260000 32 63 36.90
2.260000 32 64  6.95
2.260000 32 65 -67.61
2.260000 32 66 -141.48
2.260000 32 67 -148.59
2.260000 32 68 -143.90
2.260000 32 69 -88.20
2.260000 32 70 -25.91
2.260000 32 71 -64.47
2.260000 32 72 -123.16
2.260000 32 73 -182.44
2.260000 32 74 -222.19
2.260000 32 75 -247.82
2.260000 32 76 -210.12
2.260000 32 77 -227.59
2.260000 32 78 -249.12
2.260000 32 79 -333.51
2.260000 32 80 -387.91
2.260000 32 81 -394.86
2.260000 32 82 -404.55
2.260000 32 83 -380.52
2.260000 32 84 -373.54
2.260000 32 85 -420.69
2.260000 32 86 -477.07
2.260000 32 87 -586.35
2.260000 32 88 -634.35
2.260000 32 89 -664.31
2.260000 32 90 -707.24
2.260000 32 91 -794.05
2.260000 32 92 -745.63
2.260000 32 93 -748.97
2.260000 32 94 -810.46
2.260000 32 95 -926.32
2.260000 32 96 -976.49
2.260000 32 97 -1021.98
2.260000 32 98 -996.10
2.260000 32 99 -964.40
2.260000 32 100 -926.88
2.260000 32 101 -827.80
2.260000 32 102 -785.52
2.260000 32 103 -786.82
2.260000 32 104 -767.42
2.260000 32 105 -697.88
2.260000 32 106 -677.16
2.260000 32 107 -697.52
2.260000 32 108 -646.74
2.260000 32 109 -592.83
2.260000 32 110 -623.92
2.260000 32 111 -699.71
2.260000 32 112 -743.73
2.260000 32 113 -779.99
2.260000 32 114 -720.46
2.260000 32 115 -688.29
2.260000 32 116 -692.60
2.260000 32 117 -658.79
2.260000 32 118 -644.10
2.260000 32 119 -583.77
2.260000 32 120 -547.62
2.260000 32 121 -487.65
2.260000 32 122 -534.60
2.260000 32 123 -536.11
2.260000 32 124 -561.94
2.260000 32 125 -605.98
2.260000 32 126 -702.04
2.260000 32 127 -735.76
2.260000 32 128 -721.84
2.260000 32 129 -727.25
2.260000 32 130 -740.32
2.260000 32 131 -760.83
2.260000 32 132 -750.97
2.260000 32 133 -798.19
2.260000 32 134 -859.51
2.260000 32 135 -869.22
2.260000 32 136 -819.54
2.260000 32 137 -737.32
2.260000 32 138 -657.43
2.260000 32 139 -560.26
2.260000 32 140 -569.73
2.260000 32 141 -584.49
2.260000 32 142 -608.99
2.260000 32 143 -612.37
2.260000 32 144 -587.02
2.260000 32 145 -559.45
2.260000 32 146 -492.60
2.260000 32 147 -424.24
2.260000 32 148 -400.20
2.260000 32 149 -396.48
2.260000 32 150 -389.89
2.260000 32 151 -334.48
2.260000 32 152 -238.58
2.260000 32 153 -201.55
2.260000 32 154 -192.98
2.260000 32 155 -220.32
2.260000 32 156 -301.59
2.260000 32 157 -357.99
2.260000 32 158 -363.16
2.260000 32 159 -447.54
2.260000 32 160 -516.18
2.260000 32 161 -638.40
2.260000 32 162 -699.22
2.260000 32 163 -796.00
2.260000 32 164 -801.65
2.260000 32 165 -724.93
2.260000 32 166 -597.72
2.260000 32 167 -557.90
2.260000 32 168 -554.14
2.260000 32 169 -524.61
2.260000 32 170 -458.80
2.260000 32 171 -379.79
2.260000 32 172 -296.56
2.260000 32 173 -271.03
2.260000 32 174 -283.99
2.260000 32 175 -297.83
2.260000 32 176 -299.49
2.260000 32 177 -244.77
2.260000 32 178 -197.10
2.260000 32 179 -153.70
2.260000 32 180 -191.97
2.260000 32 181 -236.34
2.260000 32 182 -310.14
2.260000 32 183 -349.34
2.260000 32 184 -322.93
2.260000 32 185 -277.95
2.260000 32 186 -237.04
2.260000 32 187 -254.56
2.260000 32 188 -287.47
2.260000 32 189 -254.04
2.260000 32 190 -349.87
2.260000 32 191 -426.67
2.260000 32 192 -468.60
2.260000 32 193 -444.46
2.260000 32 194 -458.33
2.260000 32 195 -489.35
2.260000 32 196 -573.07
2.260000 32 197 -595.21
2.260000 32 198 -558.47
2.260000 32 199 -510.57
