2.285000 32 0 10456.33
2.285000 32 1 8139.85
2.285000 32 2 6505.10
2.285000 32 3 5283.22
2.285000 32 4 4267.29
2.285000 32 5 3414.41
2.285000 32 6 2761.29
2.285000 32 7 2283.04
2.285000 32 8 1955.10
2.285000 32 9 1640.13
2.285000 32 10 1479.64
2.285000 32 11 1230.54
2.285000 32 12 947.20
2.285000 32 13 759.68
2.285000 32 14 604.60
2.285000 32 15 503.89
2.285000 32 16 436.38
2.285000 32 17 376.48
2.285000 32 18 299.86
2.285000 32 19 292.86
2.285000 32 20 248.58
2.285000 32 21 247.87
2.285000 32 22 233.59
2.285000 32 23 278.74
2.285000 32 24 275.85
2.285000 32 25 296.71
2.285000 32 26 197.49
2.285000 32 27 167.77
2.285000 32 28 195.07
2.285000 32 29 268.43
2.285000 32 30 362.49
2.285000 32 31 454.61
2.285000 32 32 535.17
2.285000 32 33 553.56
2.285000 32 34 597.14
2.285000 32 35 605.02
2.285000 32 36 593.74
2.285000 32 37 434.48
2.285000 32 38 365.86
2.285000 32 39 324.29
2.285000 32 40 341.76
2.285000 32 41 311.32
2.285000 32 42 269.24
2.285000 32 43 283.68
2.285000 32 44 290.75
2.285000 32 45 242.62
2.285000 32 46 194.86
2.285000 32 47 174.09
2.285000 32 48 225.61
2.285000 32 49 255.41
2.285000 32 50 367.79
2.285000 32 51 500.29
2.285000 32 52 560.21
2.285000 32 53 624.66
2.285000 32 54 649.56
2.285000 32 55 614.39
2.285000 32 56 628.72
2.285000 32 57 564.96
2.285000 32 58 601.62
2.285000 32 59 643.85
2.285000 32 60 697.92
2.285000 32 61 701.51
2.285000 32 62 668.85
2.285000 32 63 574.41
2.285000 32 64 602.72
2.285000 32 65 594.15
2.285000 32 66 605.40
2.285000 32 67 577.68
2.285000 32 68 510.14
2.285000 32 69 400.36
2.285000 32 70 301.90
2.285000 32 71 222.19
2.285000 32 72 210.09
2.285000 32 73 146.53
2.285000 32 74 132.87
2.285000 32 75 167.53
2.285000 32 76 128.72
2.285000 32 77 59.14
2.285000 32 78 41.60
2.285000 32 79 32.01
2.285000 32 80 -13.97
2.285000 32 81 -60.33
2.285000 32 82 -36.53
2.285000 32 83 -30.08
2.285000 32 84 -20.11
2.285000 32 85 -7.13
2.285000 32 86 39.62
2.285000 32 87 43.86
2.285000 32 88 -0.09
2.285000 32 89 -57.99
2.285000 32 90 -134.30
2.285000 32 91 -164.82
2.285000 32 92 -194.65
2.285000 32 93 -307.19
2.285000 32 94 -432.04
2.285000 32 95 -504.07
2.285000 32 96 -472.95
2.285000 32 97 -402.94
2.285000 32 98 -377.92
2.285000 32 99 -338.80
2.285000 32 100 -247.02
2.285000 32 101 -167.37
2.285000 32 102 -88.34
2.285000 32 103 -5.53
2.285000 32 104 -19.22
2.285000 32 105 -6.22
2.285000 32 106 64.69
2.285000 32 107 112.19
2.285000 32 108 129.13
2.285000 32 109 87.55
2.285000 32 110 128.22
2.285000 32 111 123.31
2.285000 32 112 156.42
2.285000 32 113 174.93
2.285000 32 114 175.44
2.285000 32 115 188.99
2.285000 32 116 188.18
2.285000 32 117 202.28
2.285000 32 118 212.98
2.285000 32 119 197.97
2.285000 32 120 219.62
2.285000 32 121 188.32
2.285000 32 122 220.98
2.285000 32 123 223.59
2.285000 32 124 239.38
2.285000 32 125 293.66
2.285000 32 126 312.06
2.285000 32 127 294.50
2.285000 32 128 367.70
2.285000 32 129 371.29
2.285000 32 130 461.24
2.285000 32 131 481.66
2.285000 32 132 607.35
2.285000 32 133 677.30
2.285000 32 134 647.50
2.285000 32 135 625.14
2.285000 32 136 553.47
2.285000 32 137 469.70
2.285000 32 138 407.45
2.285000 32 139 403.20
2.285000 32 140 378.96
2.285000 32 141 355.21
2.285000 32 142 306.54
2.285000 32 143 278.68
2.285000 32 144 203.13
2.285000 32 145 209.73
2.285000 32 146 150.66
2.285000 32 147 116.50
2.285000 32 148 97.68
2.285000 32 149 31.00
2.285000 32 150 37.84
2.285000 32 151 86.84
2.285000 32 152 120.60
2.285000 32 153 167.14
2.285000 32 154 132.38
2.285000 32 155 124.49
2.285000 32 156 137.13
2.285000 32 157 159.75
2.285000 32 158 198.84
2.285000 32 159 166.90
2.285000 32 160 106.44
2.285000 32 161 86.94
2.285000 32 162 110.14
2.285000 32 163 152.67
2.285000 32 164 193.92
2.285000 32 165 190.13
2.285000 32 166 137.36
2.285000 32 167 152.38
2.285000 32 168 151.64
2.285000 32 169 129.99
2.285000 32 170 94.78
2.285000 32 171 78.89
2.285000 32 172 64.21
2.285000 32 173 72.21
2.285000 32 174 92.36
2.285000 32 175 127.88
2.285000 32 176 106.92
2.285000 32 177 86.39
2.285000 32 178 58.44
2.285000 32 179 104.66
2.285000 32 180 135.93
2.285000 32 181 95.82
2.285000 32 182 34.67
2.285000 32 183  0.56
2.285000 32 184 49.76
2.285000 32 185 186.50
2.285000 32 186 304.78
2.285000 32 187 366.28
2.285000 32 188 441.17
2.285000 32 189 533.82
2.285000 32 190 573.89
2.285000 32 191 574.28
2.285000 32 192 687.10
2.285000 32 193 698.13
2.285000 32 194 693.18
2.285000 32 195 631.84
2.285000 32 196 544.85
2.285000 32 197 474.55
2.285000 32 198 364.30
2.285000 32 199 339.02
