3.800000 128 0 156039.49
3.800000 128 1 155469.25
3.800000 128 2 154752.41
3.800000 128 3 154002.57
3.800000 128 4 153119.15
3.800000 128 5 152159.86
3.800000 128 6 151154.80
3.800000 128 7 150068.57
3.800000 128 8 149115.31
3.800000 128 9 148352.04
3.800000 128 10 147664.40
3.800000 128 11 146739.61
3.800000 128 12 145928.71
3.800000 128 13 145152.53
3.800000 128 14 144488.63
3.800000 128 15 143939.08
3.800000 128 16 143348.14
3.800000 128 17 142723.03
3.800000 128 18 142207.63
3.800000 128 19 141659.71
3.800000 128 20 141089.18
3.800000 128 21 140656.46
3.800000 128 22 140229.83
3.800000 128 23 139583.90
3.800000 128 24 139047.88
3.800000 128 25 138422.59
3.800000 128 26 137800.44
3.800000 128 27 137078.09
3.800000 128 28 136164.53
3.800000 128 29 135334.18
3.800000 128 30 134313.66
3.800000 128 31 133508.19
3.800000 128 32 132953.52
3.800000 128 33 132412.80
3.800000 128 34 131894.94
3.800000 128 35 131616.06
3.800000 128 36 131358.14
3.800000 128 37 131126.51
3.800000 128 38 130949.59
3.800000 128 39 130681.17
3.800000 128 40 130340.76
3.800000 128 41 130308.76
3.800000 128 42 130110.39
3.800000 128 43 129973.79
3.800000 128 44 129725.68
3.800000 128 45 129381.74
3.800000 128 46 128947.90
3.800000 128 47 128470.20
3.800000 128 48 127835.82
3.800000 128 49 127334.18
3.800000 128 50 126722.11
3.800000 128 51 126045.27
3.800000 128 52 125398.43
3.800000 128 53 124744.04
3.800000 128 54 123823.55
3.800000 128 55 122958.64
3.800000 128 56 122375.94
3.800000 128 57 121870.97
3.800000 128 58 121319.92
3.800000 128 59 120859.81
3.800000 128 60 120487.03
3.800000 128 61 120275.54
3.800000 128 62 120109.61
3.800000 128 63 119904.50
3.800000 128 64 119611.19
3.800000 128 65 119387.95
3.800000 128 66 119229.83
3.800000 128 67 119252.37
3.800000 128 68 119289.49
3.800000 128 69 119468.79
3.800000 128 70 119697.63
3.800000 128 71 119918.42
3.800000 128 72 120126.82
3.800000 128 73 120421.70
3.800000 128 74 120743.35
3.800000 128 75 121083.97
3.800000 128 76 121383.16
3.800000 128 77 121796.98
3.800000 128 78 122464.62
3.800000 128 79 123454.65
3.800000 128 80 124621.71
3.800000 128 81 125757.11
3.800000 128 82 126843.07
3.800000 128 83 127956.42
3.800000 128 84 128959.94
3.800000 128 85 129876.21
3.800000 128 86 130920.38
3.800000 128 87 131909.14
3.800000 128 88 133222.99
3.800000 128 89 134516.42
3.800000 128 90 135990.02
3.800000 128 91 137290.97
3.800000 128 92 138688.65
3.800000 128 93 140039.13
3.800000 128 94 141431.61
3.800000 128 95 142940.16
3.800000 128 96 144453.73
3.800000 128 97 145922.01
3.800000 128 98 147385.21
3.800000 128 99 148837.74
3.800000 128 100 150229.27
3.800000 128 101 151563.52
3.800000 128 102 152872.75
3.800000 128 103 153914.69
3.800000 128 104 155044.79
3.800000 128 105 156239.09
3.800000 128 106 157469.50
3.800000 128 107 158755.81
3.800000 128 108 159676.35
3.800000 128 109 160641.00
3.800000 128 110 161374.58
3.800000 128 111 162026.17
3.800000 128 112 162154.75
3.800000 128 113 162414.51
3.800000 128 114 162881.49
3.800000 128 115 163185.31
3.800000 128 116 163294.57
3.800000 128 117 163404.65
3.800000 128 118 163531.15
3.800000 128 119 163452.80
3.800000 128 120 163244.34
3.800000 128 121 163049.57
3.800000 128 122 162797.47
3.800000 128 123 162489.04
3.800000 128 124 162289.69
3.800000 128 125 162136.41
3.800000 128 126 162023.48
3.800000 128 127 161637.94
3.800000 128 128 161321.40
3.800000 128 129 161095.77
3.800000 128 130 160922.69
3.800000 128 131 160720.51
3.800000 128 132 160706.25
3.800000 128 133 160806.45
3.800000 128 134 160823.74
3.800000 128 135 160956.04
3.800000 128 136 161209.24
3.800000 128 137 161455.82
3.800000 128 138 161475.28
3.800000 128 139 161523.66
3.800000 128 140 161617.74
3.800000 128 141 161714.47
3.800000 128 142 161747.36
3.800000 128 143 161697.00
3.800000 128 144 161222.87
3.800000 128 145 160825.70
3.800000 128 146 160509.24
3.800000 128 147 159803.52
3.800000 128 148 159254.69
3.800000 128 149 158852.18
3.800000 128 150 158720.22
3.800000 128 151 158599.50
3.800000 128 152 158344.99
3.800000 128 153 158101.89
3.800000 128 154 157841.40
3.800000 128 155 157700.60
3.800000 128 156 157666.41
3.800000 128 157 157702.15
3.800000 128 158 157634.66
3.800000 128 159 157628.97
3.800000 128 160 157654.86
3.800000 128 161 157688.70
3.800000 128 162 157748.97
3.800000 128 163 157561.21
3.800000 128 164 157477.48
3.800000 128 165 157485.74
3.800000 128 166 157500.05
3.800000 128 167 157413.81
3.800000 128 168 157373.73
3.800000 128 169 157301.25
3.800000 128 170 157347.06
3.800000 128 171 157373.26
3.800000 128 172 158028.07
3.800000 128 173 158740.91
3.800000 128 174 159574.27
3.800000 128 175 160435.27
3.800000 128 176 161409.39
3.800000 128 177 162326.41
3.800000 128 178 163533.80
3.800000 128 179 164873.54
3.800000 128 180 166370.61
3.800000 128 181 167791.49
3.800000 128 182 169222.37
3.800000 128 183 170694.74
3.800000 128 184 172415.72
3.800000 128 185 174119.38
3.800000 128 186 175874.47
3.800000 128 187 177651.89
3.800000 128 188 179307.11
3.800000 128 189 180846.25
3.800000 128 190 182311.39
3.800000 128 191 183851.97
3.800000 128 192 185210.21
3.800000 128 193 186614.92
3.800000 128 194 188004.62
3.800000 128 195 189431.19
3.800000 128 196 190792.17
3.800000 128 197 192254.49
3.800000 128 198 193750.46
3.800000 128 199 195450.60
