2.260000 256 0 813493.21
2.260000 256 1 677027.59
2.260000 256 2 569889.94
2.260000 256 3 481609.22
2.260000 256 4 409881.29
2.260000 256 5 349687.09
2.260000 256 6 299470.64
2.260000 256 7 257642.71
2.260000 256 8 223495.96
2.260000 256 9 194539.97
2.260000 256 10 170927.86
2.260000 256 11 150438.35
2.260000 256 12 132033.76
2.260000 256 13 118107.83
2.260000 256 14 105693.13
2.260000 256 15 97742.34
2.260000 256 16 88139.85
2.260000 256 17 78873.18
2.260000 256 18 68548.60
2.260000 256 19 58057.64
2.260000 256 20 50922.70
2.260000 256 21 44205.33
2.260000 256 22 39036.80
2.260000 256 23 34876.53
2.260000 256 24 29219.69
2.260000 256 25 24924.97
2.260000 256 26 21993.01
2.260000 256 27 20365.82
2.260000 256 28 17304.62
2.260000 256 29 12646.87
2.260000 256 30 5951.89
2.260000 256 31 748.03
2.260000 256 32 -2930.42
2.260000 256 33 -6944.39
2.260000 256 34 -9301.57
2.260000 256 35 -11353.22
2.260000 256 36 -12655.40
2.260000 256 37 -14507.46
2.260000 256 38 -15307.05
2.260000 256 39 -21071.80
2.260000 256 40 -24135.16
2.260000 256 41 -26870.27
2.260000 256 42 -30382.84
2.260000 256 43 -32792.88
2.260000 256 44 -37222.94
2.260000 256 45 -38901.87
2.260000 256 46 -40056.31
2.260000 256 47 -43745.88
2.260000 256 48 -46952.79
2.260000 256 49 -49801.62
2.260000 256 50 -50105.71
2.260000 256 51 -49758.88
2.260000 256 52 -51149.98
2.260000 256 53 -48328.60
2.260000 256 54 -49792.55
2.260000 256 55 -53262.94
2.260000 256 56 -54337.01
2.260000 256 57 -58380.38
2.260000 256 58 -58116.09
2.260000 256 59 -57097.54
2.260000 256 60 -57836.93
2.260000 256 61 -53445.20
2.260000 256 62 -50150.11
2.260000 256 63 -46084.16
2.260000 256 64 -44073.15
2.260000 256 65 -43210.15
2.260000 256 66 -39946.72
2.260000 256 67 -36821.71
2.260000 256 68 -32644.29
2.260000 256 69 -29304.48
2.260000 256 70 -25974.35
2.260000 256 71 -24699.02
2.260000 256 72 -22091.43
2.260000 256 73 -21031.23
2.260000 256 74 -20263.13
2.260000 256 75 -20081.10
2.260000 256 76 -23109.83
2.260000 256 77 -27696.37
2.260000 256 78 -32309.54
2.260000 256 79 -33728.26
2.260000 256 80 -35865.86
2.260000 256 81 -37454.21
2.260000 256 82 -37054.07
2.260000 256 83 -36083.63
2.260000 256 84 -34580.23
2.260000 256 85 -34737.24
2.260000 256 86 -31931.25
2.260000 256 87 -29454.64
2.260000 256 88 -27471.95
2.260000 256 89 -24326.26
2.260000 256 90 -23060.20
2.260000 256 91 -21634.66
2.260000 256 92 -20398.85
2.260000 256 93 -19539.99
2.260000 256 94 -18652.55
2.260000 256 95 -16120.35
2.260000 256 96 -11414.87
2.260000 256 97 -7069.27
2.260000 256 98 -4672.02
2.260000 256 99 -2554.26
2.260000 256 100 -918.74
2.260000 256 101 2001.24
2.260000 256 102 6966.35
2.260000 256 103 8223.27
2.260000 256 104 10119.52
2.260000 256 105 11311.08
2.260000 256 106 11326.72
2.260000 256 107 7360.63
2.260000 256 108 7061.92
2.260000 256 109 5022.20
2.260000 256 110 4637.84
2.260000 256 111 3208.27
2.260000 256 112 3809.66
2.260000 256 113 3323.74
2.260000 256 114 2371.36
2.260000 256 115 4220.33
2.260000 256 116 4546.62
2.260000 256 117 5583.47
2.260000 256 118 4366.11
2.260000 256 119 2163.41
2.260000 256 120 571.20
2.260000 256 121 1334.87
2.260000 256 122 2806.26
2.260000 256 123 3690.86
2.260000 256 124 7024.32
2.260000 256 125 9008.76
2.260000 256 126 11450.06
2.260000 256 127 12802.14
2.260000 256 128 15729.47
2.260000 256 129 16730.25
2.260000 256 130 15997.72
2.260000 256 131 15449.11
2.260000 256 132 15688.09
2.260000 256 133 16210.58
2.260000 256 134 15979.05
2.260000 256 135 15841.70
2.260000 256 136 15404.11
2.260000 256 137 14602.94
2.260000 256 138 15117.54
2.260000 256 139 14378.09
2.260000 256 140 15325.10
2.260000 256 141 17990.63
2.260000 256 142 15908.27
2.260000 256 143 14391.39
2.260000 256 144 16189.12
2.260000 256 145 15092.96
2.260000 256 146 11976.74
2.260000 256 147 7994.59
2.260000 256 148 2330.90
2.260000 256 149 -684.33
2.260000 256 150 -261.29
2.260000 256 151 1573.39
2.260000 256 152 5729.73
2.260000 256 153 6699.53
2.260000 256 154 6782.08
2.260000 256 155 2932.56
2.260000 256 156 167.24
2.260000 256 157 -1493.18
2.260000 256 158 -3042.03
2.260000 256 159 -3480.44
2.260000 256 160 -3403.63
2.260000 256 161 -340.47
2.260000 256 162 3954.39
2.260000 256 163 6798.48
2.260000 256 164 9711.91
2.260000 256 165 11898.63
2.260000 256 166 15697.96
2.260000 256 167 18762.24
2.260000 256 168 18155.63
2.260000 256 169 18669.85
2.260000 256 170 19140.68
2.260000 256 171 20275.74
2.260000 256 172 17453.92
2.260000 256 173 14087.01
2.260000 256 174 12692.72
2.260000 256 175 10003.63
2.260000 256 176 10104.53
2.260000 256 177 6762.54
2.260000 256 178 1251.94
2.260000 256 179 -2826.90
2.260000 256 180 -4662.79
2.260000 256 181 -6791.39
2.260000 256 182 -9718.58
2.260000 256 183 -12189.32
2.260000 256 184 -13302.80
2.260000 256 185 -13762.21
2.260000 256 186 -15021.00
2.260000 256 187 -15506.89
2.260000 256 188 -13981.27
2.260000 256 189 -13893.46
2.260000 256 190 -14890.25
2.260000 256 191 -16092.72
2.260000 256 192 -14648.42
2.260000 256 193 -12773.51
2.260000 256 194 -11352.31
2.260000 256 195 -9481.65
2.260000 256 196 -8500.33
2.260000 256 197 -10864.12
2.260000 256 198 -12338.24
2.260000 256 199 -9253.80
