3.642000 64 0 51472.59
3.642000 64 1 41508.89
3.642000 64 2 33586.00
3.642000 64 3 27448.13
3.642000 64 4 22555.72
3.642000 64 5 18608.26
3.642000 64 6 15373.92
3.642000 64 7 13282.72
3.642000 64 8 11519.78
3.642000 64 9 9741.83
3.642000 64 10 8327.53
3.642000 64 11 7435.68
3.642000 64 12 6438.07
3.642000 64 13 5948.64
3.642000 64 14 5862.07
3.642000 64 15 5518.87
3.642000 64 16 5201.87
3.642000 64 17 5113.01
3.642000 64 18 4960.09
3.642000 64 19 4720.53
3.642000 64 20 4247.85
3.642000 64 21 4072.52
3.642000 64 22 4010.23
3.642000 64 23 4230.29
3.642000 64 24 4437.69
3.642000 64 25 4744.18
3.642000 64 26 5138.82
3.642000 64 27 5421.84
3.642000 64 28 5721.47
3.642000 64 29 5970.76
3.642000 64 30 6357.01
3.642000 64 31 6942.68
3.642000 64 32 7306.32
3.642000 64 33 7208.87
3.642000 64 34 7001.82
3.642000 64 35 6887.53
3.642000 64 36 6790.41
3.642000 64 37 6462.14
3.642000 64 38 6222.36
3.642000 64 39 6156.39
3.642000 64 40 6106.04
3.642000 64 41 5942.79
3.642000 64 42 5908.74
3.642000 64 43 5887.10
3.642000 64 44 5686.80
3.642000 64 45 5269.98
3.642000 64 46 4967.48
3.642000 64 47 4751.89
3.642000 64 48 4509.82
3.642000 64 49 4525.10
3.642000 64 50 4744.15
3.642000 64 51 5156.92
3.642000 64 52 5295.06
3.642000 64 53 5512.97
3.642000 64 54 5857.88
3.642000 64 55 6306.93
3.642000 64 56 6607.57
3.642000 64 57 6942.92
3.642000 64 58 6981.47
3.642000 64 59 6808.21
3.642000 64 60 6612.89
3.642000 64 61 6620.03
3.642000 64 62 6536.15
3.642000 64 63 6508.54
3.642000 64 64 6375.59
3.642000 64 65 5909.85
3.642000 64 66 5504.03
3.642000 64 67 5479.60
3.642000 64 68 5786.46
3.642000 64 69 6155.79
3.642000 64 70 6182.86
3.642000 64 71 5908.20
3.642000 64 72 5406.78
3.642000 64 73 4887.10
3.642000 64 74 4811.63
3.642000 64 75 5162.86
3.642000 64 76 5240.03
3.642000 64 77 5264.77
3.642000 64 78 5280.18
3.642000 64 79 5420.72
3.642000 64 80 5509.63
3.642000 64 81 5564.88
3.642000 64 82 5930.68
3.642000 64 83 6200.87
3.642000 64 84 6511.70
3.642000 64 85 6583.42
3.642000 64 86 6628.12
3.642000 64 87 6234.40
3.642000 64 88 6028.56
3.642000 64 89 5864.62
3.642000 64 90 5837.40
3.642000 64 91 6050.64
3.642000 64 92 6305.06
3.642000 64 93 6903.06
3.642000 64 94 7077.36
3.642000 64 95 7036.26
3.642000 64 96 7290.37
3.642000 64 97 7311.22
3.642000 64 98 7391.84
3.642000 64 99 7314.51
3.642000 64 100 7574.77
3.642000 64 101 7196.04
3.642000 64 102 6978.66
3.642000 64 103 7415.83
3.642000 64 104 7655.40
3.642000 64 105 7781.05
3.642000 64 106 7617.12
3.642000 64 107 7668.27
3.642000 64 108 7513.61
3.642000 64 109 7298.89
3.642000 64 110 7452.91
3.642000 64 111 7682.99
3.642000 64 112 7673.52
3.642000 64 113 7712.94
3.642000 64 114 7871.31
3.642000 64 115 8021.42
3.642000 64 116 7664.48
3.642000 64 117 7101.76
3.642000 64 118 6741.36
3.642000 64 119 6620.61
3.642000 64 120 6862.26
3.642000 64 121 7044.73
3.642000 64 122 7530.15
3.642000 64 123 7608.22
3.642000 64 124 7641.45
3.642000 64 125 7733.73
3.642000 64 126 7729.03
3.642000 64 127 8008.48
3.642000 64 128 8299.20
3.642000 64 129 8435.10
3.642000 64 130 8343.37
3.642000 64 131 8160.69
3.642000 64 132 8028.50
3.642000 64 133 7765.05
3.642000 64 134 7778.43
3.642000 64 135 7852.50
3.642000 64 136 7727.74
3.642000 64 137 7846.29
3.642000 64 138 8001.03
3.642000 64 139 8051.33
3.642000 64 140 8434.52
3.642000 64 141 8741.30
3.642000 64 142 8813.15
3.642000 64 143 8438.29
3.642000 64 144 8106.16
3.642000 64 145 7803.15
3.642000 64 146 7635.67
3.642000 64 147 7723.74
3.642000 64 148 7467.12
3.642000 64 149 7315.95
3.642000 64 150 6899.90
3.642000 64 151 6619.39
3.642000 64 152 6043.58
3.642000 64 153 5576.96
3.642000 64 154 5412.60
3.642000 64 155 5181.12
3.642000 64 156 4997.36
3.642000 64 157 5325.40
3.642000 64 158 5878.18
3.642000 64 159 6658.19
3.642000 64 160 6737.22
3.642000 64 161 6977.73
3.642000 64 162 7138.90
3.642000 64 163 6983.99
3.642000 64 164 6686.55
3.642000 64 165 6341.63
3.642000 64 166 6061.37
3.642000 64 167 5709.31
3.642000 64 168 5349.42
3.642000 64 169 4976.56
3.642000 64 170 4679.20
3.642000 64 171 4247.91
3.642000 64 172 4202.76
3.642000 64 173 3968.41
3.642000 64 174 3855.50
3.642000 64 175 3478.62
3.642000 64 176 3368.62
3.642000 64 177 3478.28
3.642000 64 178 3636.32
3.642000 64 179 3792.73
3.642000 64 180 4046.03
3.642000 64 181 4257.95
3.642000 64 182 4819.32
3.642000 64 183 4745.81
3.642000 64 184 4310.19
3.642000 64 185 4062.18
3.642000 64 186 4357.12
3.642000 64 187 4107.76
3.642000 64 188 3823.65
3.642000 64 189 3857.89
3.642000 64 190 3698.57
3.642000 64 191 3309.08
3.642000 64 192 3151.90
3.642000 64 193 2960.15
3.642000 64 194 2511.09
3.642000 64 195 2132.07
3.642000 64 196 1844.31
3.642000 64 197 1881.61
3.642000 64 198 1908.72
3.642000 64 199 1998.70
