3.610000 16 0 2118.07
3.610000 16 1 1309.78
3.610000 16 2 850.66
3.610000 16 3 541.41
3.610000 16 4 335.58
3.610000 16 5 218.28
3.610000 16 6 132.58
3.610000 16 7 100.75
3.610000 16 8 57.67
3.610000 16 9 41.68
3.610000 16 10 27.43
3.610000 16 11 18.26
3.610000 16 12  9.49
3.610000 16 13 -4.42
3.610000 16 14 -14.39
3.610000 16 15  6.61
3.610000 16 16  4.35
3.610000 16 17 -5.19
3.610000 16 18 -15.17
3.610000 16 19 -23.12
3.610000 16 20 -46.96
3.610000 16 21 -37.89
3.610000 16 22 -28.12
3.610000 16 23 -18.57
3.610000 16 24 -8.81
3.610000 16 25 -22.10
3.610000 16 26 -17.99
3.610000 16 27 -13.21
3.610000 16 28 -6.64
3.610000 16 29 -12.35
3.610000 16 30 -3.05
3.610000 16 31 13.23
3.610000 16 32 41.99
3.610000 16 33 68.79
3.610000 16 34 59.41
3.610000 16 35 48.22
3.610000 16 36 21.88
3.610000 16 37 33.35
3.610000 16 38 59.56
3.610000 16 39 80.65
3.610000 16 40 97.25
3.610000 16 41 99.36
3.610000 16 42 104.98
3.610000 16 43 101.54
3.610000 16 44 88.56
3.610000 16 45 74.83
3.610000 16 46 56.43
3.610000 16 47 43.66
3.610000 16 48 13.63
3.610000 16 49 11.28
3.610000 16 50 14.23
3.610000 16 51 16.20
3.610000 16 52 15.27
3.610000 16 53  4.01
3.610000 16 54 -4.46
3.610000 16 55 -39.12
3.610000 16 56 -40.59
3.610000 16 57 -42.97
3.610000 16 58 -32.02
3.610000 16 59 -26.85
3.610000 16 60 -23.02
3.610000 16 61 -18.88
3.610000 16 62 10.16
3.610000 16 63  9.01
3.610000 16 64 21.60
3.610000 16 65 20.73
3.610000 16 66 -11.59
3.610000 16 67 -0.67
3.610000 16 68  4.28
3.610000 16 69 22.40
3.610000 16 70 26.98
3.610000 16 71 66.45
3.610000 16 72 66.77
3.610000 16 73 56.68
3.610000 16 74 48.97
3.610000 16 75 44.44
3.610000 16 76 36.72
3.610000 16 77 32.57
3.610000 16 78 11.00
3.610000 16 79 24.84
3.610000 16 80 -1.25
3.610000 16 81  9.46
3.610000 16 82 11.44
3.610000 16 83  6.41
3.610000 16 84 36.87
3.610000 16 85 25.72
3.610000 16 86 36.40
3.610000 16 87 26.92
3.610000 16 88 47.66
3.610000 16 89 40.98
3.610000 16 90 14.80
3.610000 16 91 23.64
3.610000 16 92 21.67
3.610000 16 93 15.89
3.610000 16 94 -4.36
3.610000 16 95  9.73
3.610000 16 96  3.31
3.610000 16 97  5.55
3.610000 16 98 -4.59
3.610000 16 99 -10.39
3.610000 16 100 -9.79
3.610000 16 101 -18.64
3.610000 16 102 -8.88
3.610000 16 103 -24.74
3.610000 16 104 -7.70
3.610000 16 105 -6.72
3.610000 16 106 -17.01
3.610000 16 107 -3.29
3.610000 16 108 -1.44
3.610000 16 109 11.84
3.610000 16 110  8.00
3.610000 16 111 -0.56
3.610000 16 112 -0.91
3.610000 16 113 -2.35
3.610000 16 114  2.06
3.610000 16 115  9.45
3.610000 16 116 -11.70
3.610000 16 117 -18.20
3.610000 16 118 -12.84
3.610000 16 119 -3.59
3.610000 16 120  1.79
3.610000 16 121 19.74
3.610000 16 122  9.79
3.610000 16 123 16.93
3.610000 16 124 27.49
3.610000 16 125 41.85
3.610000 16 126 37.03
3.610000 16 127 32.67
3.610000 16 128 26.50
3.610000 16 129 19.19
3.610000 16 130  8.19
3.610000 16 131 -12.12
3.610000 16 132 -18.39
3.610000 16 133 -44.58
3.610000 16 134 -45.85
3.610000 16 135 -35.69
3.610000 16 136 -23.97
3.610000 16 137 -18.63
3.610000 16 138 -34.62
3.610000 16 139 -42.90
3.610000 16 140 -36.02
3.610000 16 141 -21.20
3.610000 16 142 -6.42
3.610000 16 143 -9.55
3.610000 16 144 -19.40
3.610000 16 145 -33.33
3.610000 16 146 -35.35
3.610000 16 147 -40.18
3.610000 16 148 -38.01
3.610000 16 149 -30.71
3.610000 16 150 -16.02
3.610000 16 151  6.05
3.610000 16 152  3.22
3.610000 16 153  8.62
3.610000 16 154 14.71
3.610000 16 155 -6.63
3.610000 16 156  5.54
3.610000 16 157 18.09
3.610000 16 158 32.01
3.610000 16 159 38.04
3.610000 16 160 43.99
3.610000 16 161 40.42
3.610000 16 162 29.67
3.610000 16 163  3.83
3.610000 16 164  7.58
3.610000 16 165 14.86
3.610000 16 166 -17.10
3.610000 16 167 -28.85
3.610000 16 168 -38.10
3.610000 16 169 -28.86
3.610000 16 170 -38.03
3.610000 16 171 -59.16
3.610000 16 172 -88.28
3.610000 16 173 -93.31
3.610000 16 174 -78.07
3.610000 16 175 -62.51
3.610000 16 176 -67.68
3.610000 16 177 -39.54
3.610000 16 178 -42.18
3.610000 16 179 -33.18
3.610000 16 180 -48.10
3.610000 16 181 -68.08
3.610000 16 182 -95.32
3.610000 16 183 -91.14
3.610000 16 184 -92.52
3.610000 16 185 -103.70
3.610000 16 186 -108.03
3.610000 16 187 -118.29
3.610000 16 188 -94.55
3.610000 16 189 -99.16
3.610000 16 190 -71.12
3.610000 16 191 -69.04
3.610000 16 192 -64.85
3.610000 16 193 -48.69
3.610000 16 194 -24.94
3.610000 16 195 -11.34
3.610000 16 196 11.12
3.610000 16 197 30.78
3.610000 16 198 26.87
3.610000 16 199 39.55
