3.642000 32 0 11691.39
3.642000 32 1 8636.49
3.642000 32 2 6560.03
3.642000 32 3 4947.93
3.642000 32 4 3825.68
3.642000 32 5 2978.78
3.642000 32 6 2244.98
3.642000 32 7 1663.90
3.642000 32 8 1225.13
3.642000 32 9 961.13
3.642000 32 10 740.78
3.642000 32 11 579.78
3.642000 32 12 411.31
3.642000 32 13 335.57
3.642000 32 14 250.07
3.642000 32 15 167.55
3.642000 32 16 47.11
3.642000 32 17 -110.90
3.642000 32 18 -221.56
3.642000 32 19 -362.36
3.642000 32 20 -446.96
3.642000 32 21 -359.43
3.642000 32 22 -392.19
3.642000 32 23 -416.13
3.642000 32 24 -444.23
3.642000 32 25 -511.37
3.642000 32 26 -552.62
3.642000 32 27 -575.94
3.642000 32 28 -576.18
3.642000 32 29 -519.98
3.642000 32 30 -466.27
3.642000 32 31 -479.01
3.642000 32 32 -491.47
3.642000 32 33 -430.26
3.642000 32 34 -452.12
3.642000 32 35 -383.77
3.642000 32 36 -327.35
3.642000 32 37 -309.62
3.642000 32 38 -303.54
3.642000 32 39 -372.95
3.642000 32 40 -421.51
3.642000 32 41 -397.30
3.642000 32 42 -404.83
3.642000 32 43 -377.19
3.642000 32 44 -379.39
3.642000 32 45 -417.54
3.642000 32 46 -500.86
3.642000 32 47 -538.77
3.642000 32 48 -616.50
3.642000 32 49 -600.82
3.642000 32 50 -650.79
3.642000 32 51 -679.66
3.642000 32 52 -660.46
3.642000 32 53 -717.83
3.642000 32 54 -761.63
3.642000 32 55 -866.81
3.642000 32 56 -853.78
3.642000 32 57 -811.49
3.642000 32 58 -776.85
3.642000 32 59 -808.45
3.642000 32 60 -875.90
3.642000 32 61 -873.61
3.642000 32 62 -953.35
3.642000 32 63 -975.55
3.642000 32 64 -965.60
3.642000 32 65 -882.52
3.642000 32 66 -809.46
3.642000 32 67 -859.39
3.642000 32 68 -944.03
3.642000 32 69 -1036.43
3.642000 32 70 -1065.55
3.642000 32 71 -1019.59
3.642000 32 72 -1005.80
3.642000 32 73 -919.90
3.642000 32 74 -846.41
3.642000 32 75 -888.34
3.642000 32 76 -895.49
3.642000 32 77 -905.99
3.642000 32 78 -908.28
3.642000 32 79 -927.20
3.642000 32 80 -972.83
3.642000 32 81 -1057.55
3.642000 32 82 -982.77
3.642000 32 83 -1017.48
3.642000 32 84 -1014.59
3.642000 32 85 -984.00
3.642000 32 86 -942.80
3.642000 32 87 -799.02
3.642000 32 88 -680.00
3.642000 32 89 -621.26
3.642000 32 90 -641.17
3.642000 32 91 -698.87
3.642000 32 92 -772.85
3.642000 32 93 -840.18
3.642000 32 94 -853.35
3.642000 32 95 -945.66
3.642000 32 96 -1049.52
3.642000 32 97 -1150.19
3.642000 32 98 -1177.79
3.642000 32 99 -1187.79
3.642000 32 100 -1156.14
3.642000 32 101 -1137.67
3.642000 32 102 -1078.67
3.642000 32 103 -969.45
3.642000 32 104 -954.05
3.642000 32 105 -969.79
3.642000 32 106 -956.54
3.642000 32 107 -1004.78
3.642000 32 108 -1010.01
3.642000 32 109 -997.44
3.642000 32 110 -965.67
3.642000 32 111 -989.25
3.642000 32 112 -1062.46
3.642000 32 113 -1167.89
3.642000 32 114 -1325.29
3.642000 32 115 -1396.45
3.642000 32 116 -1393.51
3.642000 32 117 -1417.54
3.642000 32 118 -1373.98
3.642000 32 119 -1398.71
3.642000 32 120 -1359.58
3.642000 32 121 -1293.55
3.642000 32 122 -1206.31
3.642000 32 123 -1222.46
3.642000 32 124 -1241.96
3.642000 32 125 -1279.58
3.642000 32 126 -1275.68
3.642000 32 127 -1200.56
3.642000 32 128 -1186.70
3.642000 32 129 -1206.62
3.642000 32 130 -1194.37
3.642000 32 131 -1217.15
3.642000 32 132 -1200.32
3.642000 32 133 -1205.62
3.642000 32 134 -1126.17
3.642000 32 135 -1085.89
3.642000 32 136 -1082.26
3.642000 32 137 -1125.22
3.642000 32 138 -1048.10
3.642000 32 139 -1016.68
3.642000 32 140 -880.09
3.642000 32 141 -746.10
3.642000 32 142 -696.98
3.642000 32 143 -670.43
3.642000 32 144 -734.56
3.642000 32 145 -789.47
3.642000 32 146 -880.02
3.642000 32 147 -911.39
3.642000 32 148 -872.30
3.642000 32 149 -844.04
3.642000 32 150 -798.41
3.642000 32 151 -743.29
3.642000 32 152 -734.64
3.642000 32 153 -724.59
3.642000 32 154 -730.40
3.642000 32 155 -723.96
3.642000 32 156 -628.87
3.642000 32 157 -567.17
3.642000 32 158 -578.62
3.642000 32 159 -585.54
3.642000 32 160 -701.02
3.642000 32 161 -814.61
3.642000 32 162 -736.15
3.642000 32 163 -716.36
3.642000 32 164 -683.45
3.642000 32 165 -720.11
3.642000 32 166 -825.01
3.642000 32 167 -892.68
3.642000 32 168 -828.95
3.642000 32 169 -728.82
3.642000 32 170 -697.64
3.642000 32 171 -794.79
3.642000 32 172 -841.57
3.642000 32 173 -868.25
3.642000 32 174 -863.88
3.642000 32 175 -904.46
3.642000 32 176 -920.93
3.642000 32 177 -944.98
3.642000 32 178 -932.71
3.642000 32 179 -852.48
3.642000 32 180 -814.39
3.642000 32 181 -808.72
3.642000 32 182 -771.78
3.642000 32 183 -770.90
3.642000 32 184 -709.87
3.642000 32 185 -637.00
3.642000 32 186 -550.79
3.642000 32 187 -547.77
3.642000 32 188 -581.01
3.642000 32 189 -687.28
3.642000 32 190 -708.33
3.642000 32 191 -813.55
3.642000 32 192 -840.77
3.642000 32 193 -857.82
3.642000 32 194 -858.01
3.642000 32 195 -810.30
3.642000 32 196 -783.67
3.642000 32 197 -637.76
3.642000 32 198 -621.67
3.642000 32 199 -661.10
