3.650000 16 0 5277.64
3.650000 16 1 3508.63
3.650000 16 2 2428.15
3.650000 16 3 1702.51
3.650000 16 4 1207.44
3.650000 16 5 844.26
3.650000 16 6 591.10
3.650000 16 7 427.26
3.650000 16 8 308.56
3.650000 16 9 222.36
3.650000 16 10 159.33
3.650000 16 11 123.52
3.650000 16 12 82.18
3.650000 16 13 48.89
3.650000 16 14 29.04
3.650000 16 15  5.14
3.650000 16 16 -3.44
3.650000 16 17 -28.19
3.650000 16 18 -20.79
3.650000 16 19 -27.81
3.650000 16 20 -29.85
3.650000 16 21 -30.03
3.650000 16 22 -36.06
3.650000 16 23 -35.02
3.650000 16 24 -23.51
3.650000 16 25 -14.96
3.650000 16 26 -25.29
3.650000 16 27 -19.96
3.650000 16 28 -5.12
3.650000 16 29 -5.28
3.650000 16 30 -4.72
3.650000 16 31 -0.39
3.650000 16 32  1.46
3.650000 16 33 10.46
3.650000 16 34 14.45
3.650000 16 35  6.19
3.650000 16 36 -6.39
3.650000 16 37 -14.82
3.650000 16 38 -10.13
3.650000 16 39 -4.54
3.650000 16 40 -5.92
3.650000 16 41 -24.26
3.650000 16 42 -17.55
3.650000 16 43 -32.97
3.650000 16 44 -40.16
3.650000 16 45 -28.86
3.650000 16 46 -12.51
3.650000 16 47 -10.89
3.650000 16 48 -14.02
3.650000 16 49 -18.42
3.650000 16 50 -20.59
3.650000 16 51 -24.94
3.650000 16 52 -14.74
3.650000 16 53 -16.97
3.650000 16 54 -5.89
3.650000 16 55 -1.65
3.650000 16 56 23.16
3.650000 16 57 32.52
3.650000 16 58 29.20
3.650000 16 59 26.11
3.650000 16 60 18.78
3.650000 16 61 12.84
3.650000 16 62  0.57
3.650000 16 63 -1.81
3.650000 16 64  1.76
3.650000 16 65 18.84
3.650000 16 66 16.28
3.650000 16 67  7.37
3.650000 16 68  0.54
3.650000 16 69  1.38
3.650000 16 70 -2.29
3.650000 16 71 15.60
3.650000 16 72 15.39
3.650000 16 73 12.73
3.650000 16 74 -0.57
3.650000 16 75 -9.12
3.650000 16 76 -10.06
3.650000 16 77  8.97
3.650000 16 78 27.55
3.650000 16 79 29.63
3.650000 16 80 24.07
3.650000 16 81 22.92
3.650000 16 82 17.81
3.650000 16 83  7.46
3.650000 16 84 10.29
3.650000 16 85  8.55
3.650000 16 86 -3.88
3.650000 16 87 -8.82
3.650000 16 88 -15.93
3.650000 16 89 -18.27
3.650000 16 90 -22.73
3.650000 16 91 -8.10
3.650000 16 92 -9.00
3.650000 16 93 -7.94
3.650000 16 94 -4.06
3.650000 16 95  5.49
3.650000 16 96 -1.35
3.650000 16 97 -15.37
3.650000 16 98 -18.57
3.650000 16 99 -14.03
3.650000 16 100 -2.07
3.650000 16 101  6.17
3.650000 16 102 17.12
3.650000 16 103 16.87
3.650000 16 104  3.22
3.650000 16 105  2.90
3.650000 16 106 -8.64
3.650000 16 107 -3.00
3.650000 16 108 -11.85
3.650000 16 109 -23.48
3.650000 16 110 -30.09
3.650000 16 111 -19.89
3.650000 16 112 -0.71
3.650000 16 113 -1.99
3.650000 16 114 -5.83
3.650000 16 115 -11.98
3.650000 16 116 -8.91
3.650000 16 117  1.25
3.650000 16 118  7.07
3.650000 16 119 -7.32
3.650000 16 120 -12.41
3.650000 16 121 -4.02
3.650000 16 122 -2.67
3.650000 16 123 -2.06
3.650000 16 124 -16.17
3.650000 16 125 -25.29
3.650000 16 126 -16.03
3.650000 16 127 -6.21
3.650000 16 128 -13.71
3.650000 16 129 -25.10
3.650000 16 130 -34.91
3.650000 16 131 -41.95
3.650000 16 132 -46.26
3.650000 16 133 -23.30
3.650000 16 134 -3.17
3.650000 16 135 -7.38
3.650000 16 136 -1.61
3.650000 16 137 -7.58
3.650000 16 138 -12.64
3.650000 16 139  4.62
3.650000 16 140 -1.26
3.650000 16 141 -8.74
3.650000 16 142  6.97
3.650000 16 143  0.58
3.650000 16 144 -6.25
3.650000 16 145  4.43
3.650000 16 146 17.07
3.650000 16 147 20.69
3.650000 16 148 22.85
3.650000 16 149 24.02
3.650000 16 150  9.57
3.650000 16 151 -8.81
3.650000 16 152 -13.43
3.650000 16 153 -20.01
3.650000 16 154 -19.99
3.650000 16 155 -17.12
3.650000 16 156 -18.62
3.650000 16 157 -23.74
3.650000 16 158 -27.60
3.650000 16 159 -21.27
3.650000 16 160 -13.85
3.650000 16 161  4.33
3.650000 16 162  1.26
3.650000 16 163 13.88
3.650000 16 164 16.63
3.650000 16 165 18.18
3.650000 16 166 13.04
3.650000 16 167  8.12
3.650000 16 168  3.24
3.650000 16 169 -5.20
3.650000 16 170  2.55
3.650000 16 171 -9.08
3.650000 16 172 -5.62
3.650000 16 173 14.41
3.650000 16 174 13.86
3.650000 16 175  9.95
3.650000 16 176 21.92
3.650000 16 177 42.72
3.650000 16 178 61.61
3.650000 16 179 79.41
3.650000 16 180 94.73
3.650000 16 181 96.62
3.650000 16 182 99.39
3.650000 16 183 76.61
3.650000 16 184 76.13
3.650000 16 185 84.69
3.650000 16 186 85.88
3.650000 16 187 89.02
3.650000 16 188 62.56
3.650000 16 189 57.01
3.650000 16 190 54.25
3.650000 16 191 55.66
3.650000 16 192 46.26
3.650000 16 193 13.75
3.650000 16 194 15.45
3.650000 16 195  7.02
3.650000 16 196  7.69
3.650000 16 197 -3.43
3.650000 16 198 -10.26
3.650000 16 199 -11.21
