2.272000 256 0 892077.13
2.272000 256 1 809901.80
2.272000 256 2 739339.34
2.272000 256 3 679658.63
2.272000 256 4 627974.23
2.272000 256 5 585291.81
2.272000 256 6 544397.20
2.272000 256 7 518317.17
2.272000 256 8 499498.58
2.272000 256 9 474551.67
2.272000 256 10 457050.70
2.272000 256 11 441607.14
2.272000 256 12 430818.74
2.272000 256 13 419755.34
2.272000 256 14 412184.20
2.272000 256 15 409981.33
2.272000 256 16 406264.25
2.272000 256 17 406610.08
2.272000 256 18 407931.81
2.272000 256 19 409887.19
2.272000 256 20 415216.48
2.272000 256 21 426248.19
2.272000 256 22 442446.30
2.272000 256 23 459288.79
2.272000 256 24 474153.95
2.272000 256 25 489814.58
2.272000 256 26 504151.96
2.272000 256 27 515561.70
2.272000 256 28 521856.01
2.272000 256 29 528834.12
2.272000 256 30 541399.73
2.272000 256 31 560590.14
2.272000 256 32 581654.23
2.272000 256 33 599025.24
2.272000 256 34 614149.97
2.272000 256 35 618829.74
2.272000 256 36 630605.71
2.272000 256 37 645845.03
2.272000 256 38 663672.89
2.272000 256 39 685158.46
2.272000 256 40 702863.12
2.272000 256 41 719469.58
2.272000 256 42 731800.56
2.272000 256 43 743806.79
2.272000 256 44 761136.99
2.272000 256 45 794447.01
2.272000 256 46 824502.01
2.272000 256 47 850702.51
2.272000 256 48 879902.53
2.272000 256 49 906127.31
2.272000 256 50 927385.35
2.272000 256 51 948631.90
2.272000 256 52 972731.51
2.272000 256 53 996488.67
2.272000 256 54 1013695.48
2.272000 256 55 1031924.82
2.272000 256 56 1049069.74
2.272000 256 57 1058454.44
2.272000 256 58 1070706.32
2.272000 256 59 1082164.02
2.272000 256 60 1096482.34
2.272000 256 61 1111429.79
2.272000 256 62 1122801.14
2.272000 256 63 1137234.90
2.272000 256 64 1149479.91
2.272000 256 65 1156445.42
2.272000 256 66 1157813.82
2.272000 256 67 1161219.41
2.272000 256 68 1162914.30
2.272000 256 69 1164475.15
2.272000 256 70 1167290.17
2.272000 256 71 1164951.38
2.272000 256 72 1170924.72
2.272000 256 73 1176208.85
2.272000 256 74 1184066.94
2.272000 256 75 1194409.13
2.272000 256 76 1196280.66
2.272000 256 77 1195650.28
2.272000 256 78 1195857.84
2.272000 256 79 1190950.89
2.272000 256 80 1191822.23
2.272000 256 81 1196542.18
2.272000 256 82 1205576.93
2.272000 256 83 1210411.37
2.272000 256 84 1207986.18
2.272000 256 85 1202142.74
2.272000 256 86 1203354.32
2.272000 256 87 1205670.31
2.272000 256 88 1211373.56
2.272000 256 89 1229497.84
2.272000 256 90 1248333.85
2.272000 256 91 1271042.36
2.272000 256 92 1295888.48
2.272000 256 93 1322073.83
2.272000 256 94 1347220.96
2.272000 256 95 1373781.10
2.272000 256 96 1398607.97
2.272000 256 97 1421183.56
2.272000 256 98 1444755.87
2.272000 256 99 1471329.87
2.272000 256 100 1497503.14
2.272000 256 101 1522013.16
2.272000 256 102 1546788.99
2.272000 256 103 1565317.01
2.272000 256 104 1577877.74
2.272000 256 105 1592121.80
2.272000 256 106 1602959.43
2.272000 256 107 1617738.00
2.272000 256 108 1632025.39
2.272000 256 109 1641138.90
2.272000 256 110 1642787.19
2.272000 256 111 1643826.31
2.272000 256 112 1647342.74
2.272000 256 113 1644225.06
2.272000 256 114 1640235.48
2.272000 256 115 1636832.46
2.272000 256 116 1628366.78
2.272000 256 117 1621848.91
2.272000 256 118 1620418.90
2.272000 256 119 1618539.49
2.272000 256 120 1615296.37
2.272000 256 121 1614575.13
2.272000 256 122 1614818.09
2.272000 256 123 1612561.65
2.272000 256 124 1603250.27
2.272000 256 125 1593809.34
2.272000 256 126 1584794.72
2.272000 256 127 1576585.27
2.272000 256 128 1564918.64
2.272000 256 129 1552235.84
2.272000 256 130 1535225.93
2.272000 256 131 1542416.18
2.272000 256 132 1550701.32
2.272000 256 133 1553016.18
2.272000 256 134 1554188.17
2.272000 256 135 1550069.59
2.272000 256 136 1537728.34
2.272000 256 137 1525500.59
2.272000 256 138 1508709.26
2.272000 256 139 1499155.94
2.272000 256 140 1488518.62
2.272000 256 141 1465864.43
2.272000 256 142 1445859.34
2.272000 256 143 1427075.01
2.272000 256 144 1409167.16
2.272000 256 145 1390712.58
2.272000 256 146 1370478.71
2.272000 256 147 1353027.02
2.272000 256 148 1332523.70
2.272000 256 149 1316290.84
2.272000 256 150 1302349.45
2.272000 256 151 1297996.10
2.272000 256 152 1290085.60
2.272000 256 153 1285376.36
2.272000 256 154 1282281.94
2.272000 256 155 1274706.03
2.272000 256 156 1265800.01
2.272000 256 157 1255255.78
2.272000 256 158 1247200.52
2.272000 256 159 1227103.20
2.272000 256 160 1211064.03
2.272000 256 161 1197933.47
2.272000 256 162 1183587.57
2.272000 256 163 1179622.69
2.272000 256 164 1175692.02
2.272000 256 165 1167585.85
2.272000 256 166 1162156.21
2.272000 256 167 1153336.76
2.272000 256 168 1145846.60
2.272000 256 169 1129613.16
2.272000 256 170 1111369.13
2.272000 256 171 1083355.53
2.272000 256 172 1054553.28
2.272000 256 173 1026786.70
2.272000 256 174 999549.37
2.272000 256 175 973274.79
2.272000 256 176 958574.35
2.272000 256 177 944373.83
2.272000 256 178 923320.74
2.272000 256 179 908293.52
2.272000 256 180 898449.92
2.272000 256 181 886359.09
2.272000 256 182 887646.25
2.272000 256 183 895237.85
2.272000 256 184 905994.40
2.272000 256 185 911924.28
2.272000 256 186 916527.19
2.272000 256 187 925328.68
2.272000 256 188 940643.47
2.272000 256 189 955373.56
2.272000 256 190 968651.57
2.272000 256 191 982918.20
2.272000 256 192 989478.76
2.272000 256 193 989043.03
2.272000 256 194 975353.97
2.272000 256 195 966686.31
2.272000 256 196 959824.09
2.272000 256 197 947608.34
2.272000 256 198 941596.62
2.272000 256 199 942685.54
