3.643000 24 0 13264.87
3.643000 24 1 9490.88
3.643000 24 2 7001.99
3.643000 24 3 5240.01
3.643000 24 4 3947.76
3.643000 24 5 3042.87
3.643000 24 6 2386.59
3.643000 24 7 1887.29
3.643000 24 8 1463.49
3.643000 24 9 1132.77
3.643000 24 10 880.38
3.643000 24 11 695.92
3.643000 24 12 536.26
3.643000 24 13 372.95
3.643000 24 14 226.68
3.643000 24 15 143.59
3.643000 24 16 81.97
3.643000 24 17 71.23
3.643000 24 18 36.69
3.643000 24 19 41.87
3.643000 24 20 35.35
3.643000 24 21 16.07
3.643000 24 22 49.53
3.643000 24 23 60.38
3.643000 24 24 86.37
3.643000 24 25 104.96
3.643000 24 26 72.07
3.643000 24 27 44.68
3.643000 24 28 28.46
3.643000 24 29 20.83
3.643000 24 30 52.97
3.643000 24 31 45.45
3.643000 24 32 50.94
3.643000 24 33 25.97
3.643000 24 34 32.20
3.643000 24 35 18.23
3.643000 24 36 12.37
3.643000 24 37 35.32
3.643000 24 38 23.67
3.643000 24 39 -23.94
3.643000 24 40 -49.15
3.643000 24 41 -82.83
3.643000 24 42 -81.70
3.643000 24 43 -80.62
3.643000 24 44 -50.32
3.643000 24 45 -13.93
3.643000 24 46 13.68
3.643000 24 47 -6.08
3.643000 24 48 18.72
3.643000 24 49 48.09
3.643000 24 50 38.27
3.643000 24 51 50.34
3.643000 24 52 88.78
3.643000 24 53 132.83
3.643000 24 54 130.07
3.643000 24 55 114.33
3.643000 24 56 90.14
3.643000 24 57 105.99
3.643000 24 58 102.33
3.643000 24 59 78.61
3.643000 24 60 80.27
3.643000 24 61 97.76
3.643000 24 62 67.39
3.643000 24 63 57.39
3.643000 24 64 47.12
3.643000 24 65 28.96
3.643000 24 66 38.43
3.643000 24 67 44.64
3.643000 24 68 16.39
3.643000 24 69 39.61
3.643000 24 70 35.83
3.643000 24 71 34.21
3.643000 24 72 45.25
3.643000 24 73 55.06
3.643000 24 74 86.13
3.643000 24 75 77.10
3.643000 24 76 39.16
3.643000 24 77 21.06
3.643000 24 78 27.85
3.643000 24 79 -0.14
3.643000 24 80  6.42
3.643000 24 81 20.00
3.643000 24 82 31.42
3.643000 24 83 14.40
3.643000 24 84 19.79
3.643000 24 85 15.43
3.643000 24 86 17.18
3.643000 24 87  8.63
3.643000 24 88 25.09
3.643000 24 89 35.59
3.643000 24 90 47.75
3.643000 24 91 55.42
3.643000 24 92 80.45
3.643000 24 93 96.18
3.643000 24 94 57.57
3.643000 24 95 47.33
3.643000 24 96 43.01
3.643000 24 97 56.70
3.643000 24 98 59.20
3.643000 24 99 81.74
3.643000 24 100 94.37
3.643000 24 101 71.06
3.643000 24 102 44.24
3.643000 24 103  5.01
3.643000 24 104 -19.01
3.643000 24 105 -22.06
3.643000 24 106 -10.46
3.643000 24 107 -7.71
3.643000 24 108 -7.55
3.643000 24 109 26.38
3.643000 24 110 -0.44
3.643000 24 111 -46.99
3.643000 24 112 -59.93
3.643000 24 113 -74.23
3.643000 24 114 -80.01
3.643000 24 115 -105.82
3.643000 24 116 -147.67
3.643000 24 117 -152.75
3.643000 24 118 -140.15
3.643000 24 119 -133.76
3.643000 24 120 -151.53
3.643000 24 121 -164.37
3.643000 24 122 -163.59
3.643000 24 123 -146.02
3.643000 24 124 -122.84
3.643000 24 125 -115.32
3.643000 24 126 -120.09
3.643000 24 127 -99.92
3.643000 24 128 -72.65
3.643000 24 129 -51.12
3.643000 24 130 -1.20
3.643000 24 131 41.96
3.643000 24 132 41.81
3.643000 24 133 14.76
3.643000 24 134 14.49
3.643000 24 135 58.73
3.643000 24 136 93.20
3.643000 24 137 125.46
3.643000 24 138 136.84
3.643000 24 139 151.67
3.643000 24 140 144.45
3.643000 24 141 118.78
3.643000 24 142 90.79
3.643000 24 143 50.05
3.643000 24 144 49.29
3.643000 24 145 41.00
3.643000 24 146 76.33
3.643000 24 147 57.79
3.643000 24 148 48.34
3.643000 24 149 61.25
3.643000 24 150 43.96
3.643000 24 151 50.58
3.643000 24 152 64.78
3.643000 24 153 46.42
3.643000 24 154 10.54
3.643000 24 155 -25.54
3.643000 24 156 -37.82
3.643000 24 157 -20.43
3.643000 24 158 -27.16
3.643000 24 159 -7.52
3.643000 24 160 15.30
3.643000 24 161 12.41
3.643000 24 162 -7.30
3.643000 24 163  5.90
3.643000 24 164 18.66
3.643000 24 165 -15.50
3.643000 24 166 -47.55
3.643000 24 167 -44.68
3.643000 24 168 -58.45
3.643000 24 169 -63.97
3.643000 24 170 -48.39
3.643000 24 171 -64.23
3.643000 24 172 -100.13
3.643000 24 173 -88.44
3.643000 24 174 -55.32
3.643000 24 175 -56.56
3.643000 24 176 -19.47
3.643000 24 177 -10.43
3.643000 24 178 -8.64
3.643000 24 179 -23.01
3.643000 24 180 -10.73
3.643000 24 181 19.66
3.643000 24 182 23.59
3.643000 24 183  9.61
3.643000 24 184 -13.84
3.643000 24 185 -27.14
3.643000 24 186 -39.77
3.643000 24 187 -76.48
3.643000 24 188 -95.77
3.643000 24 189 -93.66
3.643000 24 190 -67.82
3.643000 24 191 -30.04
3.643000 24 192 -1.08
3.643000 24 193 12.20
3.643000 24 194 16.82
3.643000 24 195 10.02
3.643000 24 196 -21.77
3.643000 24 197 -69.89
3.643000 24 198 -67.56
3.643000 24 199 -38.66
