3.440000 48 0 31197.76
3.440000 48 1 16045.80
3.440000 48 2 8635.55
3.440000 48 3 4691.32
3.440000 48 4 2504.35
3.440000 48 5 1252.89
3.440000 48 6 663.78
3.440000 48 7 383.30
3.440000 48 8 189.13
3.440000 48 9 89.30
3.440000 48 10 -10.26
3.440000 48 11 -80.64
3.440000 48 12 -85.61
3.440000 48 13 -38.55
3.440000 48 14 -53.20
3.440000 48 15  6.61
3.440000 48 16 115.59
3.440000 48 17 199.26
3.440000 48 18 289.57
3.440000 48 19 175.31
3.440000 48 20 149.00
3.440000 48 21 151.67
3.440000 48 22 216.41
3.440000 48 23 266.43
3.440000 48 24 411.59
3.440000 48 25 398.60
3.440000 48 26 475.64
3.440000 48 27 455.66
3.440000 48 28 516.58
3.440000 48 29 459.01
3.440000 48 30 391.62
3.440000 48 31 425.63
3.440000 48 32 296.71
3.440000 48 33 332.87
3.440000 48 34 357.62
3.440000 48 35 431.80
3.440000 48 36 492.78
3.440000 48 37 350.47
3.440000 48 38 347.38
3.440000 48 39 125.03
3.440000 48 40 116.78
3.440000 48 41 332.23
3.440000 48 42 276.72
3.440000 48 43 312.57
3.440000 48 44 283.46
3.440000 48 45 134.08
3.440000 48 46 131.02
3.440000 48 47 185.08
3.440000 48 48 148.54
3.440000 48 49 280.09
3.440000 48 50 221.10
3.440000 48 51 269.89
3.440000 48 52 332.89
3.440000 48 53 386.95
3.440000 48 54 398.03
3.440000 48 55 367.16
3.440000 48 56 259.71
3.440000 48 57 201.83
3.440000 48 58 213.81
3.440000 48 59 198.02
3.440000 48 60 204.30
3.440000 48 61 127.85
3.440000 48 62 235.34
3.440000 48 63 241.91
3.440000 48 64 236.80
3.440000 48 65 194.27
3.440000 48 66 154.73
3.440000 48 67 289.28
3.440000 48 68 323.01
3.440000 48 69 208.29
3.440000 48 70 250.48
3.440000 48 71 218.61
3.440000 48 72 168.62
3.440000 48 73 274.85
3.440000 48 74 277.51
3.440000 48 75 384.42
3.440000 48 76 319.12
3.440000 48 77 216.93
3.440000 48 78 182.01
3.440000 48 79 183.14
3.440000 48 80 249.78
3.440000 48 81 255.65
3.440000 48 82 311.68
3.440000 48 83 289.81
3.440000 48 84 344.80
3.440000 48 85 450.15
3.440000 48 86 281.66
3.440000 48 87 170.14
3.440000 48 88 75.42
3.440000 48 89 42.87
3.440000 48 90  9.00
3.440000 48 91 29.44
3.440000 48 92 43.61
3.440000 48 93 52.84
3.440000 48 94 78.02
3.440000 48 95 104.39
3.440000 48 96 201.36
3.440000 48 97 161.65
3.440000 48 98 145.49
3.440000 48 99 135.19
3.440000 48 100 266.73
3.440000 48 101 209.24
3.440000 48 102 113.71
3.440000 48 103 118.14
3.440000 48 104 182.47
3.440000 48 105 167.24
3.440000 48 106 -52.67
3.440000 48 107 -79.31
3.440000 48 108 79.35
3.440000 48 109 150.23
3.440000 48 110 188.33
3.440000 48 111 209.13
3.440000 48 112 178.70
3.440000 48 113 200.44
3.440000 48 114 192.67
3.440000 48 115 301.30
3.440000 48 116 289.63
3.440000 48 117 206.32
3.440000 48 118 263.92
3.440000 48 119 286.26
3.440000 48 120 249.00
3.440000 48 121 189.88
3.440000 48 122 136.59
3.440000 48 123 177.13
3.440000 48 124 236.90
3.440000 48 125 240.10
3.440000 48 126 177.82
3.440000 48 127 130.04
3.440000 48 128 228.83
3.440000 48 129 202.04
3.440000 48 130 352.33
3.440000 48 131 348.49
3.440000 48 132 256.55
3.440000 48 133 216.00
3.440000 48 134 438.24
3.440000 48 135 535.93
3.440000 48 136 548.79
3.440000 48 137 513.18
3.440000 48 138 454.51
3.440000 48 139 401.37
3.440000 48 140 301.59
3.440000 48 141 266.92
3.440000 48 142 185.79
3.440000 48 143 217.81
3.440000 48 144 215.45
3.440000 48 145 265.28
3.440000 48 146 344.72
3.440000 48 147 512.95
3.440000 48 148 602.16
3.440000 48 149 676.71
3.440000 48 150 704.94
3.440000 48 151 580.09
3.440000 48 152 386.37
3.440000 48 153 326.31
3.440000 48 154 392.94
3.440000 48 155 434.75
3.440000 48 156 474.42
3.440000 48 157 410.65
3.440000 48 158 371.12
3.440000 48 159 427.39
3.440000 48 160 485.38
3.440000 48 161 532.38
3.440000 48 162 590.10
3.440000 48 163 553.40
3.440000 48 164 565.23
3.440000 48 165 588.53
3.440000 48 166 579.51
3.440000 48 167 492.60
3.440000 48 168 379.65
3.440000 48 169 323.91
3.440000 48 170 316.92
3.440000 48 171 342.92
3.440000 48 172 620.80
3.440000 48 173 572.97
3.440000 48 174 567.70
3.440000 48 175 559.36
3.440000 48 176 563.61
3.440000 48 177 569.82
3.440000 48 178 666.89
3.440000 48 179 643.21
3.440000 48 180 635.11
3.440000 48 181 557.92
3.440000 48 182 564.77
3.440000 48 183 603.91
3.440000 48 184 523.16
3.440000 48 185 582.81
3.440000 48 186 541.35
3.440000 48 187 456.88
3.440000 48 188 531.07
3.440000 48 189 614.19
3.440000 48 190 575.03
3.440000 48 191 552.88
3.440000 48 192 688.95
3.440000 48 193 692.57
3.440000 48 194 664.20
3.440000 48 195 526.38
3.440000 48 196 569.04
3.440000 48 197 614.96
3.440000 48 198 551.37
3.440000 48 199 567.37
