2.271000 256 0 964407.21
2.271000 256 1 864434.19
2.271000 256 2 775176.77
2.271000 256 3 694087.81
2.271000 256 4 623492.61
2.271000 256 5 566186.94
2.271000 256 6 514994.94
2.271000 256 7 462049.27
2.271000 256 8 406380.85
2.271000 256 9 363353.00
2.271000 256 10 319473.89
2.271000 256 11 274260.66
2.271000 256 12 237345.42
2.271000 256 13 203771.75
2.271000 256 14 165626.02
2.271000 256 15 136443.59
2.271000 256 16 111939.25
2.271000 256 17 94212.91
2.271000 256 18 74783.39
2.271000 256 19 47453.84
2.271000 256 20 18158.20
2.271000 256 21 -7274.29
2.271000 256 22 -30930.47
2.271000 256 23 -34056.65
2.271000 256 24 -32044.13
2.271000 256 25 -31529.78
2.271000 256 26 -32189.10
2.271000 256 27 -30808.74
2.271000 256 28 -20994.98
2.271000 256 29 -8929.05
2.271000 256 30 -1.76
2.271000 256 31 851.50
2.271000 256 32 -5590.44
2.271000 256 33 -16388.73
2.271000 256 34 -28884.35
2.271000 256 35 -42343.64
2.271000 256 36 -50822.97
2.271000 256 37 -62294.79
2.271000 256 38 -72006.30
2.271000 256 39 -79623.56
2.271000 256 40 -89125.35
2.271000 256 41 -93374.80
2.271000 256 42 -93909.71
2.271000 256 43 -92486.18
2.271000 256 44 -84608.08
2.271000 256 45 -70280.10
2.271000 256 46 -56447.99
2.271000 256 47 -50221.01
2.271000 256 48 -41827.39
2.271000 256 49 -32686.94
2.271000 256 50 -18565.20
2.271000 256 51 -6332.74
2.271000 256 52 -10803.89
2.271000 256 53 -14880.32
2.271000 256 54 -16518.16
2.271000 256 55 -15895.38
2.271000 256 56 -29921.74
2.271000 256 57 -46231.99
2.271000 256 58 -60525.75
2.271000 256 59 -76834.24
2.271000 256 60 -93191.23
2.271000 256 61 -104625.73
2.271000 256 62 -113646.44
2.271000 256 63 -124496.05
2.271000 256 64 -137278.18
2.271000 256 65 -146344.42
2.271000 256 66 -146189.57
2.271000 256 67 -157591.06
2.271000 256 68 -162205.11
2.271000 256 69 -167402.13
2.271000 256 70 -179231.83
2.271000 256 71 -189833.32
2.271000 256 72 -186598.01
2.271000 256 73 -181847.68
2.271000 256 74 -177832.67
2.271000 256 75 -175383.29
2.271000 256 76 -170676.92
2.271000 256 77 -166502.96
2.271000 256 78 -166866.01
2.271000 256 79 -167811.18
2.271000 256 80 -170123.05
2.271000 256 81 -174623.51
2.271000 256 82 -176599.72
2.271000 256 83 -185077.55
2.271000 256 84 -193495.49
2.271000 256 85 -191152.52
2.271000 256 86 -191534.59
2.271000 256 87 -194119.71
2.271000 256 88 -194377.26
2.271000 256 89 -199670.35
2.271000 256 90 -204422.48
2.271000 256 91 -208368.61
2.271000 256 92 -214367.90
2.271000 256 93 -212127.81
2.271000 256 94 -209416.28
2.271000 256 95 -205822.54
2.271000 256 96 -201318.12
2.271000 256 97 -195380.26
2.271000 256 98 -191066.38
2.271000 256 99 -186147.49
2.271000 256 100 -178106.61
2.271000 256 101 -170373.11
2.271000 256 102 -161673.63
2.271000 256 103 -154215.24
2.271000 256 104 -153058.67
2.271000 256 105 -154964.32
2.271000 256 106 -163463.32
2.271000 256 107 -167360.19
2.271000 256 108 -179959.33
2.271000 256 109 -192246.84
2.271000 256 110 -205225.49
2.271000 256 111 -213288.74
2.271000 256 112 -213947.51
2.271000 256 113 -215235.02
2.271000 256 114 -213799.73
2.271000 256 115 -211198.88
2.271000 256 116 -210414.25
2.271000 256 117 -216144.37
2.271000 256 118 -237419.91
2.271000 256 119 -244107.93
2.271000 256 120 -247408.18
2.271000 256 121 -262875.34
2.271000 256 122 -281131.84
2.271000 256 123 -305930.21
2.271000 256 124 -325470.70
2.271000 256 125 -346117.96
2.271000 256 126 -361855.75
2.271000 256 127 -375233.86
2.271000 256 128 -387108.03
2.271000 256 129 -404505.28
2.271000 256 130 -420956.61
2.271000 256 131 -440902.92
2.271000 256 132 -458518.99
2.271000 256 133 -479164.04
2.271000 256 134 -492237.69
2.271000 256 135 -512883.36
2.271000 256 136 -530406.33
2.271000 256 137 -545808.20
2.271000 256 138 -562638.58
2.271000 256 139 -589325.73
2.271000 256 140 -597575.14
2.271000 256 141 -606499.87
2.271000 256 142 -613444.96
2.271000 256 143 -614029.43
2.271000 256 144 -620586.10
2.271000 256 145 -633771.74
2.271000 256 146 -648395.04
2.271000 256 147 -652828.80
2.271000 256 148 -655030.40
2.271000 256 149 -665545.74
2.271000 256 150 -667925.06
2.271000 256 151 -672632.92
2.271000 256 152 -682127.64
2.271000 256 153 -700208.76
2.271000 256 154 -727558.03
2.271000 256 155 -749638.96
2.271000 256 156 -763307.46
2.271000 256 157 -776755.93
2.271000 256 158 -790047.96
2.271000 256 159 -796948.26
2.271000 256 160 -803309.77
2.271000 256 161 -813390.12
2.271000 256 162 -818711.28
2.271000 256 163 -824521.16
2.271000 256 164 -823520.17
2.271000 256 165 -822812.98
2.271000 256 166 -830777.74
2.271000 256 167 -835610.42
2.271000 256 168 -831386.58
2.271000 256 169 -836502.10
2.271000 256 170 -842753.93
2.271000 256 171 -855369.21
2.271000 256 172 -861342.98
2.271000 256 173 -874039.04
2.271000 256 174 -888382.91
2.271000 256 175 -899282.82
2.271000 256 176 -922411.94
2.271000 256 177 -943520.97
2.271000 256 178 -962478.30
2.271000 256 179 -974628.71
2.271000 256 180 -980865.33
2.271000 256 181 -989019.62
2.271000 256 182 -990292.94
2.271000 256 183 -991081.23
2.271000 256 184 -997493.44
2.271000 256 185 -1001415.86
2.271000 256 186 -993060.29
2.271000 256 187 -990997.93
2.271000 256 188 -985498.59
2.271000 256 189 -982625.23
2.271000 256 190 -976501.89
2.271000 256 191 -964972.12
2.271000 256 192 -949875.80
2.271000 256 193 -929669.84
2.271000 256 194 -911579.20
2.271000 256 195 -898432.06
2.271000 256 196 -886396.71
2.271000 256 197 -865488.87
2.271000 256 198 -843195.65
2.271000 256 199 -819875.78
