2.269200 4096 0 375408846.50
2.269200 4096 1 367595149.50
2.269200 4096 2 361443209.00
2.269200 4096 3 380212636.62
2.269200 4096 4 387419171.12
2.269200 4096 5 406073975.88
2.269200 4096 6 424942673.00
2.269200 4096 7 448697306.25
2.269200 4096 8 472692326.62
2.269200 4096 9 463642820.50
2.269200 4096 10 455673597.50
2.269200 4096 11 412146762.25
2.269200 4096 12 367918819.62
2.269200 4096 13 296034684.88
2.269200 4096 14 218232927.75
2.269200 4096 15 152881772.50
2.269200 4096 16 87963591.00
2.269200 4096 17 23718701.75
2.269200 4096 18 -29281695.50
2.269200 4096 19 -59095156.88
2.269200 4096 20 -97507266.88
2.269200 4096 21 -103934732.50
2.269200 4096 22 -110665087.88
2.269200 4096 23 -117392773.00
2.269200 4096 24 -109318264.00
2.269200 4096 25 -89755699.25
2.269200 4096 26 -114573465.88
2.269200 4096 27 -130975773.12
2.269200 4096 28 -149555736.12
2.269200 4096 29 -166200106.25
2.269200 4096 30 -182659262.00
2.269200 4096 31 -201385624.62
2.269200 4096 32 -257933452.38
2.269200 4096 33 -316982905.75
2.269200 4096 34 -372541328.00
2.269200 4096 35 -431752464.62
2.269200 4096 36 -547148349.12
2.269200 4096 37 -662556762.75
2.269200 4096 38 -777833228.25
2.269200 4096 39 -893176594.62
2.269200 4096 40 -995554771.62
2.269200 4096 41 -1085542917.12
2.269200 4096 42 -1151919736.50
2.269200 4096 43 -1222820956.88
2.269200 4096 44 -1312253073.50
2.269200 4096 45 -1365192749.38
2.269200 4096 46 -1411767690.00
2.269200 4096 47 -1456374385.88
2.269200 4096 48 -1462348016.12
2.269200 4096 49 -1465500000.25
2.269200 4096 50 -1448495004.62
2.269200 4096 51 -1426485882.88
2.269200 4096 52 -1406310264.62
2.269200 4096 53 -1385950182.38
2.269200 4096 54 -1351082665.88
2.269200 4096 55 -1321557088.62
2.269200 4096 56 -1253950703.88
2.269200 4096 57 -1185963248.12
2.269200 4096 58 -1094324794.88
2.269200 4096 59 -993733694.00
2.269200 4096 60 -868593406.00
2.269200 4096 61 -755186195.25
2.269200 4096 62 -642141034.12
2.269200 4096 63 -529169014.25
2.269200 4096 64 -418489186.50
2.269200 4096 65 -307826785.50
2.269200 4096 66 -217903277.62
2.269200 4096 67 -127892939.62
2.269200 4096 68 -37863686.12
2.269200 4096 69 52715821.12
2.269200 4096 70 142867328.75
2.269200 4096 71 228249533.12
2.269200 4096 72 310428069.00
2.269200 4096 73 408784820.62
2.269200 4096 74 496325125.88
2.269200 4096 75 598152818.62
2.269200 4096 76 680641303.12
2.269200 4096 77 763213290.75
2.269200 4096 78 874409113.62
2.269200 4096 79 999514459.12
2.269200 4096 80 1125632966.88
2.269200 4096 81 1252996010.75
2.269200 4096 82 1356692353.25
2.269200 4096 83 1464759405.62
2.269200 4096 84 1572883197.38
2.269200 4096 85 1693900411.25
2.269200 4096 86 1841746965.38
2.269200 4096 87 1989673464.88
2.269200 4096 88 2130965411.50
2.269200 4096 89 2271426238.62
2.269200 4096 90 2411681811.75
2.269200 4096 91 2548764111.62
2.269200 4096 92 2669774187.62
2.269200 4096 93 2790329618.38
2.269200 4096 94 2911092999.25
2.269200 4096 95 3021803308.12
2.269200 4096 96 3131073795.50
2.269200 4096 97 3240257627.62
2.269200 4096 98 3348350213.00
2.269200 4096 99 3456426325.12
2.269200 4096 100 3560035940.00
2.269200 4096 101 3617515959.00
2.269200 4096 102 3696309870.62
2.269200 4096 103 3776515976.50
2.269200 4096 104 3836883988.25
2.269200 4096 105 3883367642.38
2.269200 4096 106 3923724704.75
2.269200 4096 107 3962086540.12
2.269200 4096 108 3986572529.50
2.269200 4096 109 4010876141.50
2.269200 4096 110 4034536634.62
2.269200 4096 111 4093036019.62
2.269200 4096 112 4149583149.75
2.269200 4096 113 4206934070.12
2.269200 4096 114 4209023123.50
2.269200 4096 115 4241623286.38
2.269200 4096 116 4287279687.00
2.269200 4096 117 4363502589.88
2.269200 4096 118 4439457083.75
2.269200 4096 119 4515013324.25
2.269200 4096 120 4578499071.88
2.269200 4096 121 4664360269.75
2.269200 4096 122 4763680281.25
2.269200 4096 123 4825213021.38
2.269200 4096 124 4880756566.00
2.269200 4096 125 4937351638.25
2.269200 4096 126 4998387779.25
2.269200 4096 127 5058149082.62
2.269200 4096 128 5124896638.12
2.269200 4096 129 5191897625.38
2.269200 4096 130 5241243657.50
2.269200 4096 131 5265364701.25
2.269200 4096 132 5289139621.00
2.269200 4096 133 5338523224.50
2.269200 4096 134 5368440354.50
2.269200 4096 135 5438790404.00
2.269200 4096 136 5534186835.62
2.269200 4096 137 5629251384.38
2.269200 4096 138 5722398200.75
2.269200 4096 139 5782989327.25
2.269200 4096 140 5843699535.12
2.269200 4096 141 5923778367.75
2.269200 4096 142 5990364293.25
2.269200 4096 143 6068749484.12
2.269200 4096 144 6121851211.62
2.269200 4096 145 6190369708.75
2.269200 4096 146 6257331541.50
2.269200 4096 147 6324251940.50
2.269200 4096 148 6390830518.12
2.269200 4096 149 6456167434.00
2.269200 4096 150 6545868396.62
2.269200 4096 151 6635337047.12
2.269200 4096 152 6722805261.88
2.269200 4096 153 6778905957.12
2.269200 4096 154 6844716744.62
2.269200 4096 155 6901160537.25
2.269200 4096 156 6959605476.75
2.269200 4096 157 7018245158.25
2.269200 4096 158 7076590936.88
2.269200 4096 159 7121154278.62
2.269200 4096 160 7168743816.62
2.269200 4096 161 7222744433.12
2.269200 4096 162 7252050667.75
2.269200 4096 163 7281743953.62
2.269200 4096 164 7310026600.00
2.269200 4096 165 7338385762.25
2.269200 4096 166 7366950173.12
2.269200 4096 167 7370264563.25
2.269200 4096 168 7373326593.62
2.269200 4096 169 7400979233.75
2.269200 4096 170 7432702481.88
2.269200 4096 171 7438084444.75
2.269200 4096 172 7460180173.25
2.269200 4096 173 7482378251.75
2.269200 4096 174 7501024507.88
2.269200 4096 175 7520705457.12
2.269200 4096 176 7570554929.62
2.269200 4096 177 7619517682.25
2.269200 4096 178 7668841852.38
2.269200 4096 179 7718040918.88
2.269200 4096 180 7758768586.62
2.269200 4096 181 7802641766.88
2.269200 4096 182 7839413259.38
2.269200 4096 183 7877478023.00
2.269200 4096 184 7914925487.00
2.269200 4096 185 7951696900.00
2.269200 4096 186 7988442693.25
2.269200 4096 187 8037917419.00
2.269200 4096 188 8090711734.75
2.269200 4096 189 8120350943.50
2.269200 4096 190 8105000389.38
2.269200 4096 191 8090089474.62
2.269200 4096 192 8077032063.25
2.269200 4096 193 8087241300.88
2.269200 4096 194 8069879014.62
2.269200 4096 195 8072831134.62
2.269200 4096 196 8081663519.38
2.269200 4096 197 8091341040.25
2.269200 4096 198 8101386635.38
2.269200 4096 199 8123549364.88
