3.560000 16 0 4444.46
3.560000 16 1 2657.20
3.560000 16 2 1651.45
3.560000 16 3 1040.28
3.560000 16 4 681.23
3.560000 16 5 460.08
3.560000 16 6 320.74
3.560000 16 7 216.78
3.560000 16 8 138.25
3.560000 16 9 86.59
3.560000 16 10 56.36
3.560000 16 11 36.02
3.560000 16 12 13.09
3.560000 16 13 12.79
3.560000 16 14 -0.06
3.560000 16 15 -3.98
3.560000 16 16 -26.93
3.560000 16 17 -32.82
3.560000 16 18 -31.66
3.560000 16 19 -18.40
3.560000 16 20 -6.19
3.560000 16 21 -1.23
3.560000 16 22 13.68
3.560000 16 23 17.71
3.560000 16 24  4.14
3.560000 16 25 11.86
3.560000 16 26 -1.89
3.560000 16 27 -6.67
3.560000 16 28  3.95
3.560000 16 29  0.23
3.560000 16 30  3.27
3.560000 16 31 11.01
3.560000 16 32  0.85
3.560000 16 33  3.53
3.560000 16 34 -1.58
3.560000 16 35 24.36
3.560000 16 36 10.58
3.560000 16 37  1.14
3.560000 16 38  6.84
3.560000 16 39 15.98
3.560000 16 40 24.95
3.560000 16 41 25.17
3.560000 16 42 38.43
3.560000 16 43 45.65
3.560000 16 44 54.77
3.560000 16 45 46.31
3.560000 16 46 42.72
3.560000 16 47 33.74
3.560000 16 48 35.88
3.560000 16 49 23.94
3.560000 16 50 12.57
3.560000 16 51 24.77
3.560000 16 52 26.14
3.560000 16 53 21.62
3.560000 16 54  6.70
3.560000 16 55 -8.07
3.560000 16 56 -11.84
3.560000 16 57 -3.15
3.560000 16 58 -5.34
3.560000 16 59  4.22
3.560000 16 60 12.31
3.560000 16 61 18.43
3.560000 16 62 21.73
3.560000 16 63 15.73
3.560000 16 64 -9.53
3.560000 16 65 -14.41
3.560000 16 66  2.43
3.560000 16 67  7.87
3.560000 16 68 21.58
3.560000 16 69 28.24
3.560000 16 70 25.76
3.560000 16 71 30.00
3.560000 16 72 36.56
3.560000 16 73 43.11
3.560000 16 74 42.21
3.560000 16 75 28.62
3.560000 16 76 21.27
3.560000 16 77  9.88
3.560000 16 78  8.63
3.560000 16 79  8.20
3.560000 16 80 13.67
3.560000 16 81  8.80
3.560000 16 82 20.41
3.560000 16 83 27.15
3.560000 16 84 23.98
3.560000 16 85 28.06
3.560000 16 86 24.14
3.560000 16 87 10.18
3.560000 16 88 -13.42
3.560000 16 89 -16.43
3.560000 16 90 -10.39
3.560000 16 91 -2.76
3.560000 16 92 -11.40
3.560000 16 93  8.99
3.560000 16 94  2.06
3.560000 16 95  3.07
3.560000 16 96 17.40
3.560000 16 97 15.63
3.560000 16 98 21.50
3.560000 16 99  5.16
3.560000 16 100  8.24
3.560000 16 101 -3.10
3.560000 16 102 -5.79
3.560000 16 103  6.40
3.560000 16 104 -16.28
3.560000 16 105 -11.51
3.560000 16 106 -15.09
3.560000 16 107 -17.09
3.560000 16 108 -15.50
3.560000 16 109 -10.52
3.560000 16 110 -0.98
3.560000 16 111  4.16
3.560000 16 112 11.44
3.560000 16 113  5.53
3.560000 16 114 10.09
3.560000 16 115 17.58
3.560000 16 116 27.86
3.560000 16 117 30.20
3.560000 16 118 46.65
3.560000 16 119 35.92
3.560000 16 120 17.85
3.560000 16 121 13.46
3.560000 16 122 -3.44
3.560000 16 123 -11.44
3.560000 16 124 -23.78
3.560000 16 125 -8.34
3.560000 16 126 -8.43
3.560000 16 127  1.49
3.560000 16 128 -6.63
3.560000 16 129 -2.88
3.560000 16 130 -9.62
3.560000 16 131 -0.53
3.560000 16 132 12.05
3.560000 16 133 16.33
3.560000 16 134 17.14
3.560000 16 135 11.48
3.560000 16 136  6.97
3.560000 16 137 21.94
3.560000 16 138 14.37
3.560000 16 139 10.98
3.560000 16 140  8.65
3.560000 16 141  6.30
3.560000 16 142  4.13
3.560000 16 143  4.42
3.560000 16 144 12.77
3.560000 16 145 13.36
3.560000 16 146  9.88
3.560000 16 147 16.85
3.560000 16 148 12.73
3.560000 16 149 -8.39
3.560000 16 150 -24.69
3.560000 16 151 -24.01
3.560000 16 152 -14.00
3.560000 16 153  1.47
3.560000 16 154  3.50
3.560000 16 155 12.83
3.560000 16 156 10.97
3.560000 16 157 20.72
3.560000 16 158 18.17
3.560000 16 159  7.24
3.560000 16 160 -4.95
3.560000 16 161 -11.13
3.560000 16 162 -5.09
3.560000 16 163 -22.11
3.560000 16 164 -27.09
3.560000 16 165 -28.43
3.560000 16 166  2.66
3.560000 16 167 10.37
3.560000 16 168 16.21
3.560000 16 169 29.40
3.560000 16 170 28.47
3.560000 16 171 37.17
3.560000 16 172 28.35
3.560000 16 173 17.16
3.560000 16 174 21.50
3.560000 16 175  9.46
3.560000 16 176 -8.70
3.560000 16 177 -14.27
3.560000 16 178 -11.34
3.560000 16 179 -4.56
3.560000 16 180 -13.43
3.560000 16 181 -8.11
3.560000 16 182 -7.13
3.560000 16 183 -6.55
3.560000 16 184 -3.60
3.560000 16 185  9.82
3.560000 16 186 21.17
3.560000 16 187 25.26
3.560000 16 188 31.57
3.560000 16 189 27.16
3.560000 16 190 26.29
3.560000 16 191 33.70
3.560000 16 192 40.88
3.560000 16 193 42.56
3.560000 16 194 35.39
3.560000 16 195 19.80
3.560000 16 196  1.50
3.560000 16 197 -13.03
3.560000 16 198 -8.97
3.560000 16 199 -3.21
