3.636000 32 0 10947.23
3.636000 32 1 7990.82
3.636000 32 2 5970.85
3.636000 32 3 4556.25
3.636000 32 4 3499.15
3.636000 32 5 2738.67
3.636000 32 6 2161.11
3.636000 32 7 1731.04
3.636000 32 8 1399.62
3.636000 32 9 1201.38
3.636000 32 10 938.55
3.636000 32 11 734.84
3.636000 32 12 563.65
3.636000 32 13 545.50
3.636000 32 14 568.33
3.636000 32 15 495.27
3.636000 32 16 403.15
3.636000 32 17 368.17
3.636000 32 18 362.91
3.636000 32 19 258.14
3.636000 32 20 251.48
3.636000 32 21 252.29
3.636000 32 22 288.31
3.636000 32 23 231.73
3.636000 32 24 177.77
3.636000 32 25 40.77
3.636000 32 26 -32.19
3.636000 32 27  9.83
3.636000 32 28 -51.64
3.636000 32 29 -122.71
3.636000 32 30 -160.04
3.636000 32 31 -207.12
3.636000 32 32 -291.91
3.636000 32 33 -284.31
3.636000 32 34 -238.83
3.636000 32 35 -174.69
3.636000 32 36 -194.15
3.636000 32 37 -188.99
3.636000 32 38 -196.41
3.636000 32 39 -159.94
3.636000 32 40 -120.40
3.636000 32 41 -75.11
3.636000 32 42 -61.00
3.636000 32 43 -91.00
3.636000 32 44 -131.59
3.636000 32 45 -112.68
3.636000 32 46 -29.91
3.636000 32 47 119.92
3.636000 32 48 198.48
3.636000 32 49 175.15
3.636000 32 50 151.37
3.636000 32 51 258.04
3.636000 32 52 289.62
3.636000 32 53 226.32
3.636000 32 54 262.92
3.636000 32 55 265.00
3.636000 32 56 206.29
3.636000 32 57 220.90
3.636000 32 58 220.41
3.636000 32 59 155.06
3.636000 32 60 82.91
3.636000 32 61 48.27
3.636000 32 62 23.03
3.636000 32 63 -9.50
3.636000 32 64 50.19
3.636000 32 65 69.36
3.636000 32 66 63.11
3.636000 32 67 106.18
3.636000 32 68 109.49
3.636000 32 69 62.85
3.636000 32 70 -54.93
3.636000 32 71 -192.14
3.636000 32 72 -207.03
3.636000 32 73 -239.01
3.636000 32 74 -300.82
3.636000 32 75 -278.55
3.636000 32 76 -275.47
3.636000 32 77 -281.00
3.636000 32 78 -328.37
3.636000 32 79 -350.01
3.636000 32 80 -377.32
3.636000 32 81 -386.60
3.636000 32 82 -306.46
3.636000 32 83 -253.87
3.636000 32 84 -202.97
3.636000 32 85 -237.46
3.636000 32 86 -187.36
3.636000 32 87 -113.02
3.636000 32 88 45.29
3.636000 32 89 201.66
3.636000 32 90 239.26
3.636000 32 91 252.53
3.636000 32 92 232.38
3.636000 32 93 260.58
3.636000 32 94 291.59
3.636000 32 95 247.80
3.636000 32 96 227.82
3.636000 32 97 226.80
3.636000 32 98 253.69
3.636000 32 99 221.91
3.636000 32 100 140.97
3.636000 32 101 162.95
3.636000 32 102 121.40
3.636000 32 103 166.71
3.636000 32 104 236.68
3.636000 32 105 285.79
3.636000 32 106 329.83
3.636000 32 107 365.84
3.636000 32 108 277.05
3.636000 32 109 233.99
3.636000 32 110 201.45
3.636000 32 111 128.73
3.636000 32 112 132.20
3.636000 32 113 51.00
3.636000 32 114 76.25
3.636000 32 115 155.03
3.636000 32 116 160.55
3.636000 32 117 126.97
3.636000 32 118 186.82
3.636000 32 119 210.64
3.636000 32 120 204.28
3.636000 32 121 153.05
3.636000 32 122 93.34
3.636000 32 123 33.03
3.636000 32 124 -6.84
3.636000 32 125  7.82
3.636000 32 126 82.84
3.636000 32 127 116.32
3.636000 32 128 205.62
3.636000 32 129 169.78
3.636000 32 130 132.72
3.636000 32 131 162.84
3.636000 32 132 113.41
3.636000 32 133 59.72
3.636000 32 134 44.33
3.636000 32 135 14.77
3.636000 32 136 -15.37
3.636000 32 137 32.14
3.636000 32 138 -17.82
3.636000 32 139 -0.03
3.636000 32 140 27.25
3.636000 32 141 12.20
3.636000 32 142 47.71
3.636000 32 143 29.67
3.636000 32 144 99.37
3.636000 32 145 114.83
3.636000 32 146 117.98
3.636000 32 147 51.27
3.636000 32 148 -5.84
3.636000 32 149 -15.16
3.636000 32 150 -85.50
3.636000 32 151 -100.22
3.636000 32 152 -49.23
3.636000 32 153 20.11
3.636000 32 154 23.61
3.636000 32 155 -64.39
3.636000 32 156 -45.46
3.636000 32 157 -33.37
3.636000 32 158 -19.29
3.636000 32 159 -47.87
3.636000 32 160 -125.15
3.636000 32 161 -215.06
3.636000 32 162 -313.25
3.636000 32 163 -331.09
3.636000 32 164 -288.86
3.636000 32 165 -300.88
3.636000 32 166 -260.53
3.636000 32 167 -234.93
3.636000 32 168 -183.67
3.636000 32 169 -179.95
3.636000 32 170 -175.87
3.636000 32 171 -216.41
3.636000 32 172 -217.47
3.636000 32 173 -233.40
3.636000 32 174 -234.60
3.636000 32 175 -227.03
3.636000 32 176 -261.99
3.636000 32 177 -245.14
3.636000 32 178 -212.48
3.636000 32 179 -234.26
3.636000 32 180 -254.31
3.636000 32 181 -295.15
3.636000 32 182 -287.43
3.636000 32 183 -237.39
3.636000 32 184 -291.76
3.636000 32 185 -350.74
3.636000 32 186 -440.56
3.636000 32 187 -428.27
3.636000 32 188 -456.33
3.636000 32 189 -467.68
3.636000 32 190 -453.45
3.636000 32 191 -411.59
3.636000 32 192 -377.86
3.636000 32 193 -299.58
3.636000 32 194 -281.71
3.636000 32 195 -234.53
3.636000 32 196 -189.80
3.636000 32 197 -203.09
3.636000 32 198 -231.17
3.636000 32 199 -298.58
