3.647000 16 0 5123.39
3.647000 16 1 3350.14
3.647000 16 2 2263.30
3.647000 16 3 1564.61
3.647000 16 4 1088.21
3.647000 16 5 769.83
3.647000 16 6 552.25
3.647000 16 7 392.47
3.647000 16 8 292.17
3.647000 16 9 214.22
3.647000 16 10 153.04
3.647000 16 11 108.07
3.647000 16 12 59.22
3.647000 16 13 31.19
3.647000 16 14 19.71
3.647000 16 15 20.93
3.647000 16 16 19.44
3.647000 16 17 19.69
3.647000 16 18 18.71
3.647000 16 19 15.91
3.647000 16 20 17.02
3.647000 16 21 19.87
3.647000 16 22  8.79
3.647000 16 23  2.46
3.647000 16 24 -5.62
3.647000 16 25 -15.63
3.647000 16 26 -30.25
3.647000 16 27 -30.34
3.647000 16 28 -27.26
3.647000 16 29 -35.05
3.647000 16 30 -42.73
3.647000 16 31 -33.51
3.647000 16 32 -31.71
3.647000 16 33 -26.12
3.647000 16 34 -27.01
3.647000 16 35 -16.38
3.647000 16 36 -11.90
3.647000 16 37 -5.02
3.647000 16 38 -15.28
3.647000 16 39 -9.81
3.647000 16 40 -4.54
3.647000 16 41 -14.31
3.647000 16 42 -20.20
3.647000 16 43 -29.04
3.647000 16 44 -48.54
3.647000 16 45 -34.94
3.647000 16 46 -34.61
3.647000 16 47 -30.17
3.647000 16 48 -13.88
3.647000 16 49 -14.77
3.647000 16 50  3.95
3.647000 16 51 10.46
3.647000 16 52 14.43
3.647000 16 53 16.86
3.647000 16 54  2.95
3.647000 16 55 -1.97
3.647000 16 56  3.00
3.647000 16 57 -4.09
3.647000 16 58 -13.79
3.647000 16 59 -31.80
3.647000 16 60 -32.85
3.647000 16 61 -28.95
3.647000 16 62 -26.09
3.647000 16 63 -31.34
3.647000 16 64 -27.83
3.647000 16 65 -25.33
3.647000 16 66 -17.09
3.647000 16 67 -18.67
3.647000 16 68 -7.71
3.647000 16 69  3.25
3.647000 16 70  1.75
3.647000 16 71 -7.02
3.647000 16 72 -15.38
3.647000 16 73 -23.81
3.647000 16 74 -16.63
3.647000 16 75 -8.61
3.647000 16 76  6.12
3.647000 16 77 11.52
3.647000 16 78 13.18
3.647000 16 79  5.79
3.647000 16 80  2.01
3.647000 16 81 15.60
3.647000 16 82 13.50
3.647000 16 83  8.72
3.647000 16 84  0.91
3.647000 16 85  5.67
3.647000 16 86 -7.59
3.647000 16 87  2.63
3.647000 16 88  7.44
3.647000 16 89 17.17
3.647000 16 90 21.47
3.647000 16 91 28.88
3.647000 16 92 38.48
3.647000 16 93 43.65
3.647000 16 94 41.67
3.647000 16 95 41.24
3.647000 16 96 32.66
3.647000 16 97 37.36
3.647000 16 98 44.06
3.647000 16 99 47.35
3.647000 16 100 54.22
3.647000 16 101 40.26
3.647000 16 102 28.04
3.647000 16 103 42.05
3.647000 16 104 30.81
3.647000 16 105 22.49
3.647000 16 106 27.86
3.647000 16 107 24.64
3.647000 16 108 28.25
3.647000 16 109 41.19
3.647000 16 110 36.07
3.647000 16 111 28.98
3.647000 16 112 28.31
3.647000 16 113  9.70
3.647000 16 114 -0.21
3.647000 16 115 -6.90
3.647000 16 116 -23.18
3.647000 16 117 -30.59
3.647000 16 118 -40.93
3.647000 16 119 -42.16
3.647000 16 120 -55.09
3.647000 16 121 -56.37
3.647000 16 122 -51.78
3.647000 16 123 -57.39
3.647000 16 124 -58.32
3.647000 16 125 -50.77
3.647000 16 126 -52.85
3.647000 16 127 -48.22
3.647000 16 128 -61.93
3.647000 16 129 -54.99
3.647000 16 130 -36.59
3.647000 16 131 -17.33
3.647000 16 132 -27.22
3.647000 16 133 -31.20
3.647000 16 134 -25.47
3.647000 16 135 -22.34
3.647000 16 136 -29.42
3.647000 16 137 -20.89
3.647000 16 138 -29.00
3.647000 16 139 -31.53
3.647000 16 140 -29.89
3.647000 16 141 -13.54
3.647000 16 142  5.11
3.647000 16 143 10.00
3.647000 16 144 16.58
3.647000 16 145  5.16
3.647000 16 146  7.53
3.647000 16 147 -0.39
3.647000 16 148 -18.02
3.647000 16 149 -34.58
3.647000 16 150 -19.65
3.647000 16 151 -6.77
3.647000 16 152 -1.63
3.647000 16 153  5.01
3.647000 16 154 -5.64
3.647000 16 155 -17.02
3.647000 16 156 -17.09
3.647000 16 157 -3.04
3.647000 16 158 -12.04
3.647000 16 159 -18.47
3.647000 16 160 -8.66
3.647000 16 161 -4.31
3.647000 16 162  9.26
3.647000 16 163 15.93
3.647000 16 164  5.63
3.647000 16 165  1.59
3.647000 16 166 -9.54
3.647000 16 167 -11.47
3.647000 16 168 -19.84
3.647000 16 169 -10.21
3.647000 16 170 -13.13
3.647000 16 171 -21.42
3.647000 16 172 -35.49
3.647000 16 173 -44.77
3.647000 16 174 -13.46
3.647000 16 175 -2.82
3.647000 16 176  2.99
3.647000 16 177  0.13
3.647000 16 178  2.50
3.647000 16 179  2.67
3.647000 16 180 -14.43
3.647000 16 181 -33.54
3.647000 16 182 -29.73
3.647000 16 183 -19.49
3.647000 16 184 -12.50
3.647000 16 185  6.68
3.647000 16 186  7.87
3.647000 16 187 37.86
3.647000 16 188 44.77
3.647000 16 189 48.84
3.647000 16 190 43.97
3.647000 16 191 48.27
3.647000 16 192 44.39
3.647000 16 193 61.14
3.647000 16 194 66.56
3.647000 16 195 56.30
3.647000 16 196 50.82
3.647000 16 197 45.85
3.647000 16 198 30.56
3.647000 16 199 17.99
