3.780000 32 0 23466.63
3.780000 32 1 19842.43
3.780000 32 2 16975.76
3.780000 32 3 14642.86
3.780000 32 4 12676.24
3.780000 32 5 11026.16
3.780000 32 6 9624.15
3.780000 32 7 8446.74
3.780000 32 8 7426.40
3.780000 32 9 6541.06
3.780000 32 10 5786.48
3.780000 32 11 5135.88
3.780000 32 12 4578.38
3.780000 32 13 4091.78
3.780000 32 14 3677.41
3.780000 32 15 3288.04
3.780000 32 16 2954.06
3.780000 32 17 2629.41
3.780000 32 18 2378.92
3.780000 32 19 2128.60
3.780000 32 20 1925.73
3.780000 32 21 1765.91
3.780000 32 22 1665.03
3.780000 32 23 1553.56
3.780000 32 24 1450.22
3.780000 32 25 1349.72
3.780000 32 26 1233.41
3.780000 32 27 1131.10
3.780000 32 28 1025.13
3.780000 32 29 931.01
3.780000 32 30 833.83
3.780000 32 31 751.29
3.780000 32 32 709.86
3.780000 32 33 666.03
3.780000 32 34 604.52
3.780000 32 35 533.48
3.780000 32 36 458.27
3.780000 32 37 402.16
3.780000 32 38 353.71
3.780000 32 39 330.61
3.780000 32 40 305.80
3.780000 32 41 276.39
3.780000 32 42 243.08
3.780000 32 43 205.48
3.780000 32 44 197.34
3.780000 32 45 170.48
3.780000 32 46 133.34
3.780000 32 47 131.64
3.780000 32 48 141.84
3.780000 32 49 136.03
3.780000 32 50 123.26
3.780000 32 51 111.57
3.780000 32 52 88.67
3.780000 32 53 82.63
3.780000 32 54 71.03
3.780000 32 55 55.99
3.780000 32 56 40.30
3.780000 32 57 27.65
3.780000 32 58 25.65
3.780000 32 59  4.96
3.780000 32 60 -7.29
3.780000 32 61 -2.02
3.780000 32 62 11.62
3.780000 32 63 -35.39
3.780000 32 64 -85.99
3.780000 32 65 -124.86
3.780000 32 66 -151.98
3.780000 32 67 -164.60
3.780000 32 68 -172.99
3.780000 32 69 -167.61
3.780000 32 70 -179.61
3.780000 32 71 -173.14
3.780000 32 72 -182.21
3.780000 32 73 -200.96
3.780000 32 74 -172.94
3.780000 32 75 -198.86
3.780000 32 76 -224.09
3.780000 32 77 -226.36
3.780000 32 78 -247.46
3.780000 32 79 -220.05
3.780000 32 80 -212.18
3.780000 32 81 -234.38
3.780000 32 82 -224.84
3.780000 32 83 -219.23
3.780000 32 84 -233.83
3.780000 32 85 -259.13
3.780000 32 86 -280.54
3.780000 32 87 -289.91
3.780000 32 88 -317.38
3.780000 32 89 -337.62
3.780000 32 90 -307.90
3.780000 32 91 -319.58
3.780000 32 92 -307.26
3.780000 32 93 -289.51
3.780000 32 94 -261.54
3.780000 32 95 -235.90
3.780000 32 96 -219.04
3.780000 32 97 -207.15
3.780000 32 98 -197.01
3.780000 32 99 -191.96
3.780000 32 100 -171.68
3.780000 32 101 -121.53
3.780000 32 102 -117.90
3.780000 32 103 -114.90
3.780000 32 104 -104.99
3.780000 32 105 -156.94
3.780000 32 106 -212.29
3.780000 32 107 -201.08
3.780000 32 108 -172.00
3.780000 32 109 -119.75
3.780000 32 110 -44.56
3.780000 32 111 -12.55
3.780000 32 112 -8.71
3.780000 32 113 -35.41
3.780000 32 114 -98.52
3.780000 32 115 -117.33
3.780000 32 116 -165.80
3.780000 32 117 -187.70
3.780000 32 118 -206.53
3.780000 32 119 -188.24
3.780000 32 120 -200.92
3.780000 32 121 -210.59
3.780000 32 122 -220.88
3.780000 32 123 -232.71
3.780000 32 124 -253.84
3.780000 32 125 -254.63
3.780000 32 126 -283.55
3.780000 32 127 -312.06
3.780000 32 128 -320.93
3.780000 32 129 -347.32
3.780000 32 130 -330.55
3.780000 32 131 -325.72
3.780000 32 132 -326.39
3.780000 32 133 -310.17
3.780000 32 134 -323.03
3.780000 32 135 -314.84
3.780000 32 136 -330.82
3.780000 32 137 -351.93
3.780000 32 138 -340.48
3.780000 32 139 -363.48
3.780000 32 140 -382.52
3.780000 32 141 -358.83
3.780000 32 142 -320.55
3.780000 32 143 -299.34
3.780000 32 144 -251.25
3.780000 32 145 -192.25
3.780000 32 146 -193.91
3.780000 32 147 -201.86
3.780000 32 148 -233.83
3.780000 32 149 -261.73
3.780000 32 150 -291.20
3.780000 32 151 -300.03
3.780000 32 152 -303.90
3.780000 32 153 -314.98
3.780000 32 154 -334.56
3.780000 32 155 -352.29
3.780000 32 156 -346.44
3.780000 32 157 -390.43
3.780000 32 158 -440.47
3.780000 32 159 -442.90
3.780000 32 160 -426.08
3.780000 32 161 -422.02
3.780000 32 162 -415.17
3.780000 32 163 -403.65
3.780000 32 164 -431.40
3.780000 32 165 -424.36
3.780000 32 166 -425.34
3.780000 32 167 -404.07
3.780000 32 168 -404.05
3.780000 32 169 -409.56
3.780000 32 170 -431.41
3.780000 32 171 -423.67
3.780000 32 172 -404.40
3.780000 32 173 -368.53
3.780000 32 174 -364.70
3.780000 32 175 -321.85
3.780000 32 176 -261.54
3.780000 32 177 -201.99
3.780000 32 178 -162.08
3.780000 32 179 -145.22
3.780000 32 180 -108.75
3.780000 32 181 -79.14
3.780000 32 182 -58.36
3.780000 32 183 -20.46
3.780000 32 184 13.21
3.780000 32 185 69.94
3.780000 32 186 88.45
3.780000 32 187 100.44
3.780000 32 188 77.75
3.780000 32 189 88.80
3.780000 32 190 106.83
3.780000 32 191 122.22
3.780000 32 192 113.45
3.780000 32 193 81.01
3.780000 32 194 70.04
3.780000 32 195 35.01
3.780000 32 196 -6.95
3.780000 32 197 -44.87
3.780000 32 198 -101.50
3.780000 32 199 -135.78
