3.650000 32 0 25605.00
3.650000 32 1 19426.72
3.650000 32 2 15028.00
3.650000 32 3 11726.04
3.650000 32 4 9181.55
3.650000 32 5 7251.86
3.650000 32 6 5756.87
3.650000 32 7 4624.60
3.650000 32 8 3727.06
3.650000 32 9 2953.54
3.650000 32 10 2326.84
3.650000 32 11 1816.88
3.650000 32 12 1441.94
3.650000 32 13 1163.58
3.650000 32 14 926.65
3.650000 32 15 747.79
3.650000 32 16 686.14
3.650000 32 17 597.82
3.650000 32 18 509.47
3.650000 32 19 399.60
3.650000 32 20 287.58
3.650000 32 21 189.48
3.650000 32 22 114.39
3.650000 32 23 47.44
3.650000 32 24 31.41
3.650000 32 25 22.43
3.650000 32 26 59.17
3.650000 32 27 172.66
3.650000 32 28 229.33
3.650000 32 29 270.96
3.650000 32 30 273.93
3.650000 32 31 236.65
3.650000 32 32 169.39
3.650000 32 33 122.16
3.650000 32 34 81.84
3.650000 32 35 75.30
3.650000 32 36 77.80
3.650000 32 37 80.94
3.650000 32 38 74.38
3.650000 32 39 80.68
3.650000 32 40 19.14
3.650000 32 41 -27.02
3.650000 32 42 -55.53
3.650000 32 43 -87.65
3.650000 32 44 -42.29
3.650000 32 45 25.87
3.650000 32 46 55.19
3.650000 32 47 49.45
3.650000 32 48 -16.14
3.650000 32 49  1.91
3.650000 32 50 -42.07
3.650000 32 51 -57.94
3.650000 32 52 -77.97
3.650000 32 53 -127.22
3.650000 32 54 -185.49
3.650000 32 55 -227.55
3.650000 32 56 -271.37
3.650000 32 57 -344.81
3.650000 32 58 -365.73
3.650000 32 59 -415.92
3.650000 32 60 -447.84
3.650000 32 61 -491.20
3.650000 32 62 -486.11
3.650000 32 63 -458.19
3.650000 32 64 -404.69
3.650000 32 65 -389.95
3.650000 32 66 -332.95
3.650000 32 67 -334.93
3.650000 32 68 -359.28
3.650000 32 69 -338.38
3.650000 32 70 -364.34
3.650000 32 71 -361.57
3.650000 32 72 -304.99
3.650000 32 73 -286.90
3.650000 32 74 -226.64
3.650000 32 75 -207.24
3.650000 32 76 -134.59
3.650000 32 77 -47.85
3.650000 32 78 49.68
3.650000 32 79 113.48
3.650000 32 80 145.87
3.650000 32 81 100.92
3.650000 32 82 92.49
3.650000 32 83 65.70
3.650000 32 84 36.11
3.650000 32 85 -63.14
3.650000 32 86 -118.47
3.650000 32 87 -159.86
3.650000 32 88 -217.38
3.650000 32 89 -223.00
3.650000 32 90 -248.37
3.650000 32 91 -238.86
3.650000 32 92 -260.99
3.650000 32 93 -260.90
3.650000 32 94 -258.21
3.650000 32 95 -246.23
3.650000 32 96 -158.40
3.650000 32 97 -136.75
3.650000 32 98 -131.64
3.650000 32 99 -98.84
3.650000 32 100 -90.84
3.650000 32 101 -50.16
3.650000 32 102 -14.36
3.650000 32 103 22.12
3.650000 32 104 36.71
3.650000 32 105 94.37
3.650000 32 106 150.65
3.650000 32 107 119.50
3.650000 32 108 67.15
3.650000 32 109 30.57
3.650000 32 110 71.29
3.650000 32 111 91.68
3.650000 32 112 83.00
3.650000 32 113 81.57
3.650000 32 114 107.84
3.650000 32 115 102.36
3.650000 32 116 138.89
3.650000 32 117 122.07
3.650000 32 118 122.03
3.650000 32 119 138.24
3.650000 32 120 185.79
3.650000 32 121 229.23
3.650000 32 122 244.62
3.650000 32 123 236.89
3.650000 32 124 262.45
3.650000 32 125 281.46
3.650000 32 126 217.27
3.650000 32 127 186.75
3.650000 32 128 227.71
3.650000 32 129 286.40
3.650000 32 130 325.30
3.650000 32 131 312.83
3.650000 32 132 324.39
3.650000 32 133 228.13
3.650000 32 134 211.47
3.650000 32 135 235.22
3.650000 32 136 208.66
3.650000 32 137 179.03
3.650000 32 138 151.50
3.650000 32 139 126.50
3.650000 32 140 83.18
3.650000 32 141 68.03
3.650000 32 142 45.25
3.650000 32 143 10.38
3.650000 32 144 -76.63
3.650000 32 145 -128.40
3.650000 32 146 -154.45
3.650000 32 147 -155.07
3.650000 32 148 -193.04
3.650000 32 149 -161.80
3.650000 32 150 -86.23
3.650000 32 151 -73.60
3.650000 32 152  7.02
3.650000 32 153 67.05
3.650000 32 154 90.82
3.650000 32 155 41.19
3.650000 32 156 -7.69
3.650000 32 157 -8.31
3.650000 32 158 -52.90
3.650000 32 159 -52.59
3.650000 32 160 -87.84
3.650000 32 161 -123.77
3.650000 32 162 -196.54
3.650000 32 163 -254.02
3.650000 32 164 -294.47
3.650000 32 165 -273.43
3.650000 32 166 -260.16
3.650000 32 167 -284.30
3.650000 32 168 -335.71
3.650000 32 169 -349.58
3.650000 32 170 -369.39
3.650000 32 171 -369.88
3.650000 32 172 -423.79
3.650000 32 173 -412.23
3.650000 32 174 -396.65
3.650000 32 175 -425.70
3.650000 32 176 -439.47
3.650000 32 177 -436.61
3.650000 32 178 -527.46
3.650000 32 179 -561.04
3.650000 32 180 -587.76
3.650000 32 181 -570.61
3.650000 32 182 -459.14
3.650000 32 183 -422.04
3.650000 32 184 -397.64
3.650000 32 185 -401.61
3.650000 32 186 -472.03
3.650000 32 187 -438.10
3.650000 32 188 -458.38
3.650000 32 189 -448.47
3.650000 32 190 -420.91
3.650000 32 191 -365.57
3.650000 32 192 -279.46
3.650000 32 193 -197.27
3.650000 32 194 -96.60
3.650000 32 195 -45.69
3.650000 32 196 -12.52
3.650000 32 197 -8.19
3.650000 32 198 -17.56
3.650000 32 199 17.58
