3.652000 24 0 13406.89
3.652000 24 1 9650.46
3.652000 24 2 7068.05
3.652000 24 3 5261.45
3.652000 24 4 4014.56
3.652000 24 5 3094.92
3.652000 24 6 2401.22
3.652000 24 7 1857.43
3.652000 24 8 1428.38
3.652000 24 9 1121.37
3.652000 24 10 884.86
3.652000 24 11 713.35
3.652000 24 12 571.52
3.652000 24 13 488.62
3.652000 24 14 399.94
3.652000 24 15 301.49
3.652000 24 16 228.28
3.652000 24 17 199.11
3.652000 24 18 187.04
3.652000 24 19 169.51
3.652000 24 20 148.45
3.652000 24 21 125.34
3.652000 24 22 112.43
3.652000 24 23 109.11
3.652000 24 24 84.97
3.652000 24 25 64.29
3.652000 24 26 28.72
3.652000 24 27 26.56
3.652000 24 28 -3.34
3.652000 24 29 -0.18
3.652000 24 30  1.30
3.652000 24 31 -10.96
3.652000 24 32  4.76
3.652000 24 33 -2.24
3.652000 24 34 -20.40
3.652000 24 35 -31.18
3.652000 24 36 -27.24
3.652000 24 37 -36.41
3.652000 24 38 -43.73
3.652000 24 39 -24.30
3.652000 24 40  5.68
3.652000 24 41  6.43
3.652000 24 42 14.28
3.652000 24 43 -3.22
3.652000 24 44 -11.52
3.652000 24 45 -12.22
3.652000 24 46 38.57
3.652000 24 47 102.62
3.652000 24 48 93.97
3.652000 24 49 56.11
3.652000 24 50 28.17
3.652000 24 51 21.55
3.652000 24 52 45.97
3.652000 24 53 59.51
3.652000 24 54 60.93
3.652000 24 55 71.85
3.652000 24 56 57.68
3.652000 24 57 11.08
3.652000 24 58 -26.47
3.652000 24 59 -39.79
3.652000 24 60 -45.51
3.652000 24 61 -32.18
3.652000 24 62 -35.78
3.652000 24 63 -67.35
3.652000 24 64 -93.64
3.652000 24 65 -117.74
3.652000 24 66 -116.38
3.652000 24 67 -111.76
3.652000 24 68 -79.29
3.652000 24 69 -63.76
3.652000 24 70 -61.61
3.652000 24 71 -51.24
3.652000 24 72 -56.91
3.652000 24 73 -27.20
3.652000 24 74 -7.11
3.652000 24 75 20.89
3.652000 24 76 37.26
3.652000 24 77 18.18
3.652000 24 78 -2.56
3.652000 24 79 -12.82
3.652000 24 80 -3.49
3.652000 24 81 -10.55
3.652000 24 82 24.14
3.652000 24 83 -10.70
3.652000 24 84 -44.20
3.652000 24 85 -59.72
3.652000 24 86 -95.48
3.652000 24 87 -95.33
3.652000 24 88 -75.11
3.652000 24 89 -69.98
3.652000 24 90 -89.80
3.652000 24 91 -107.34
3.652000 24 92 -100.96
3.652000 24 93 -132.30
3.652000 24 94 -120.48
3.652000 24 95 -78.55
3.652000 24 96 -90.73
3.652000 24 97 -90.01
3.652000 24 98 -95.80
3.652000 24 99 -83.93
3.652000 24 100 -60.39
3.652000 24 101 -57.89
3.652000 24 102 -60.26
3.652000 24 103 -74.22
3.652000 24 104 -67.49
3.652000 24 105 -42.50
3.652000 24 106 -29.06
3.652000 24 107 -48.87
3.652000 24 108 -37.23
3.652000 24 109 10.18
3.652000 24 110 -14.06
3.652000 24 111 -24.49
3.652000 24 112 -0.25
3.652000 24 113 -9.14
3.652000 24 114  3.62
3.652000 24 115 12.61
3.652000 24 116 23.18
3.652000 24 117 -3.63
3.652000 24 118 -7.44
3.652000 24 119  9.49
3.652000 24 120 -3.02
3.652000 24 121 -14.41
3.652000 24 122 -3.77
3.652000 24 123 -27.80
3.652000 24 124 -69.26
3.652000 24 125 -87.77
3.652000 24 126 -106.69
3.652000 24 127 -117.36
3.652000 24 128 -94.31
3.652000 24 129 -87.73
3.652000 24 130 -48.45
3.652000 24 131 -53.83
3.652000 24 132 -45.65
3.652000 24 133 -44.54
3.652000 24 134 -38.93
3.652000 24 135 -47.19
3.652000 24 136 -42.21
3.652000 24 137 -36.40
3.652000 24 138 -15.07
3.652000 24 139 21.77
3.652000 24 140 57.73
3.652000 24 141 82.02
3.652000 24 142 27.93
3.652000 24 143 -33.62
3.652000 24 144 -80.17
3.652000 24 145 -147.65
3.652000 24 146 -166.98
3.652000 24 147 -146.76
3.652000 24 148 -148.58
3.652000 24 149 -101.63
3.652000 24 150 -51.05
3.652000 24 151 -42.96
3.652000 24 152 -53.74
3.652000 24 153 -55.49
3.652000 24 154 -36.96
3.652000 24 155 -65.93
3.652000 24 156 -70.99
3.652000 24 157 -91.83
3.652000 24 158 -104.39
3.652000 24 159 -92.31
3.652000 24 160 -75.15
3.652000 24 161 -64.45
3.652000 24 162 -61.04
3.652000 24 163 -69.15
3.652000 24 164 -15.85
3.652000 24 165 -11.41
3.652000 24 166 21.36
3.652000 24 167 81.25
3.652000 24 168 119.24
3.652000 24 169 111.75
3.652000 24 170 97.20
3.652000 24 171 96.19
3.652000 24 172 70.01
3.652000 24 173 35.72
3.652000 24 174 51.26
3.652000 24 175 41.19
3.652000 24 176 22.02
3.652000 24 177  9.61
3.652000 24 178 28.04
3.652000 24 179 13.36
3.652000 24 180 47.56
3.652000 24 181 62.76
3.652000 24 182 66.70
3.652000 24 183 54.71
3.652000 24 184 46.70
3.652000 24 185 33.31
3.652000 24 186 56.84
3.652000 24 187 103.89
3.652000 24 188 92.15
3.652000 24 189 103.39
3.652000 24 190 62.82
3.652000 24 191 46.28
3.652000 24 192 44.34
3.652000 24 193  3.74
3.652000 24 194 -28.72
3.652000 24 195 -42.91
3.652000 24 196 -49.48
3.652000 24 197 -37.52
3.652000 24 198 -55.49
3.652000 24 199 -89.98
