2.350000 16 0 2205.81
2.350000 16 1 1584.39
2.350000 16 2 1162.68
2.350000 16 3 848.55
2.350000 16 4 627.68
2.350000 16 5 477.05
2.350000 16 6 371.36
2.350000 16 7 285.21
2.350000 16 8 227.82
2.350000 16 9 174.33
2.350000 16 10 137.48
2.350000 16 11 109.64
2.350000 16 12 84.73
2.350000 16 13 38.36
2.350000 16 14 31.82
2.350000 16 15 23.28
2.350000 16 16 14.94
2.350000 16 17 -5.60
2.350000 16 18 -15.07
2.350000 16 19 -34.76
2.350000 16 20 -38.09
2.350000 16 21 -42.15
2.350000 16 22 -38.15
2.350000 16 23 -37.22
2.350000 16 24 -48.73
2.350000 16 25 -53.09
2.350000 16 26 -55.34
2.350000 16 27 -51.12
2.350000 16 28 -33.13
2.350000 16 29 -45.72
2.350000 16 30 -52.84
2.350000 16 31 -50.59
2.350000 16 32 -66.65
2.350000 16 33 -67.08
2.350000 16 34 -75.15
2.350000 16 35 -97.40
2.350000 16 36 -112.09
2.350000 16 37 -107.20
2.350000 16 38 -88.87
2.350000 16 39 -66.31
2.350000 16 40 -54.99
2.350000 16 41 -44.27
2.350000 16 42 -30.57
2.350000 16 43 -16.78
2.350000 16 44 -3.21
2.350000 16 45  1.96
2.350000 16 46 -1.08
2.350000 16 47  6.34
2.350000 16 48 -0.75
2.350000 16 49 -13.98
2.350000 16 50 -14.12
2.350000 16 51 -9.33
2.350000 16 52 -2.56
2.350000 16 53  6.56
2.350000 16 54 33.13
2.350000 16 55 49.66
2.350000 16 56 52.54
2.350000 16 57 58.36
2.350000 16 58 38.66
2.350000 16 59 37.43
2.350000 16 60 35.32
2.350000 16 61 29.32
2.350000 16 62  9.95
2.350000 16 63 -18.46
2.350000 16 64 -18.40
2.350000 16 65 -21.66
2.350000 16 66 -33.03
2.350000 16 67 -39.79
2.350000 16 68 -29.54
2.350000 16 69 -21.20
2.350000 16 70 -5.60
2.350000 16 71 16.48
2.350000 16 72 12.82
2.350000 16 73 21.42
2.350000 16 74  8.12
2.350000 16 75 -15.87
2.350000 16 76 -23.47
2.350000 16 77 -10.17
2.350000 16 78 -0.78
2.350000 16 79  0.90
2.350000 16 80 -6.68
2.350000 16 81 -20.23
2.350000 16 82 -34.67
2.350000 16 83 -60.88
2.350000 16 84 -71.73
2.350000 16 85 -54.42
2.350000 16 86 -57.05
2.350000 16 87 -54.35
2.350000 16 88 -62.17
2.350000 16 89 -59.26
2.350000 16 90 -56.35
2.350000 16 91 -42.15
2.350000 16 92 -15.94
2.350000 16 93 10.15
2.350000 16 94 40.18
2.350000 16 95 59.00
2.350000 16 96 63.52
2.350000 16 97 43.03
2.350000 16 98 39.91
2.350000 16 99 39.94
2.350000 16 100 27.93
2.350000 16 101 23.02
2.350000 16 102 16.89
2.350000 16 103 11.86
2.350000 16 104 10.36
2.350000 16 105 -0.48
2.350000 16 106 -14.61
2.350000 16 107 -29.03
2.350000 16 108 -50.01
2.350000 16 109 -58.05
2.350000 16 110 -53.50
2.350000 16 111 -47.22
2.350000 16 112 -42.22
2.350000 16 113 -37.59
2.350000 16 114 -39.27
2.350000 16 115 -36.71
2.350000 16 116 -45.45
2.350000 16 117 -23.66
2.350000 16 118 -16.42
2.350000 16 119 -18.52
2.350000 16 120 -27.85
2.350000 16 121 -19.87
2.350000 16 122 -37.00
2.350000 16 123 -57.85
2.350000 16 124 -61.72
2.350000 16 125 -61.66
2.350000 16 126 -63.94
2.350000 16 127 -44.21
2.350000 16 128 -32.43
2.350000 16 129 -28.95
2.350000 16 130 -23.21
2.350000 16 131 -11.45
2.350000 16 132 13.59
2.350000 16 133 31.22
2.350000 16 134 37.73
2.350000 16 135 64.59
2.350000 16 136 74.07
2.350000 16 137 63.87
2.350000 16 138 61.01
2.350000 16 139 63.76
2.350000 16 140 51.12
2.350000 16 141 53.08
2.350000 16 142 52.95
2.350000 16 143 44.19
2.350000 16 144 39.16
2.350000 16 145 31.97
2.350000 16 146 27.01
2.350000 16 147 21.69
2.350000 16 148 16.35
2.350000 16 149 37.04
2.350000 16 150 28.35
2.350000 16 151 43.12
2.350000 16 152 56.41
2.350000 16 153 58.18
2.350000 16 154 49.28
2.350000 16 155 49.70
2.350000 16 156 38.88
2.350000 16 157 27.91
2.350000 16 158 20.83
2.350000 16 159  5.66
2.350000 16 160  7.20
2.350000 16 161 -2.37
2.350000 16 162 -1.18
2.350000 16 163 23.92
2.350000 16 164 30.27
2.350000 16 165 40.41
2.350000 16 166 32.07
2.350000 16 167 44.79
2.350000 16 168 59.92
2.350000 16 169 62.87
2.350000 16 170 44.32
2.350000 16 171 29.90
2.350000 16 172 32.99
2.350000 16 173  7.80
2.350000 16 174 -16.61
2.350000 16 175 -8.46
2.350000 16 176 -19.71
2.350000 16 177 -32.95
2.350000 16 178 -25.54
2.350000 16 179 -5.73
2.350000 16 180 -7.75
2.350000 16 181  0.32
2.350000 16 182 -10.29
2.350000 16 183  3.00
2.350000 16 184  0.54
2.350000 16 185 -1.76
2.350000 16 186  4.89
2.350000 16 187 30.30
2.350000 16 188 35.93
2.350000 16 189 42.86
2.350000 16 190 43.16
2.350000 16 191 40.86
2.350000 16 192 13.86
2.350000 16 193  7.34
2.350000 16 194 16.66
2.350000 16 195 37.60
2.350000 16 196 55.84
2.350000 16 197 51.51
2.350000 16 198 33.52
2.350000 16 199 16.10
