2.250000 32 0 9265.08
2.250000 32 1 6680.02
2.250000 32 2 5020.74
2.250000 32 3 3804.71
2.250000 32 4 2912.29
2.250000 32 5 2273.45
2.250000 32 6 1897.83
2.250000 32 7 1628.70
2.250000 32 8 1345.53
2.250000 32 9 1072.75
2.250000 32 10 947.49
2.250000 32 11 812.48
2.250000 32 12 761.69
2.250000 32 13 788.37
2.250000 32 14 811.28
2.250000 32 15 827.27
2.250000 32 16 825.89
2.250000 32 17 742.80
2.250000 32 18 659.71
2.250000 32 19 658.49
2.250000 32 20 666.95
2.250000 32 21 669.37
2.250000 32 22 652.46
2.250000 32 23 643.61
2.250000 32 24 614.67
2.250000 32 25 648.78
2.250000 32 26 722.85
2.250000 32 27 727.73
2.250000 32 28 644.76
2.250000 32 29 600.39
2.250000 32 30 507.60
2.250000 32 31 475.63
2.250000 32 32 443.09
2.250000 32 33 434.90
2.250000 32 34 429.80
2.250000 32 35 415.87
2.250000 32 36 359.90
2.250000 32 37 382.84
2.250000 32 38 372.50
2.250000 32 39 384.36
2.250000 32 40 406.64
2.250000 32 41 474.51
2.250000 32 42 423.46
2.250000 32 43 325.17
2.250000 32 44 255.84
2.250000 32 45 288.42
2.250000 32 46 228.15
2.250000 32 47 276.39
2.250000 32 48 199.52
2.250000 32 49 171.24
2.250000 32 50 167.06
2.250000 32 51 165.63
2.250000 32 52 258.04
2.250000 32 53 357.39
2.250000 32 54 459.40
2.250000 32 55 589.87
2.250000 32 56 710.20
2.250000 32 57 716.43
2.250000 32 58 690.60
2.250000 32 59 696.73
2.250000 32 60 727.55
2.250000 32 61 689.91
2.250000 32 62 680.01
2.250000 32 63 675.38
2.250000 32 64 683.00
2.250000 32 65 750.67
2.250000 32 66 778.15
2.250000 32 67 835.84
2.250000 32 68 857.81
2.250000 32 69 806.59
2.250000 32 70 773.33
2.250000 32 71 778.58
2.250000 32 72 822.48
2.250000 32 73 791.17
2.250000 32 74 829.98
2.250000 32 75 738.09
2.250000 32 76 635.14
2.250000 32 77 578.04
2.250000 32 78 597.32
2.250000 32 79 545.09
2.250000 32 80 523.87
2.250000 32 81 537.61
2.250000 32 82 540.85
2.250000 32 83 683.22
2.250000 32 84 761.23
2.250000 32 85 834.59
2.250000 32 86 881.52
2.250000 32 87 861.39
2.250000 32 88 881.82
2.250000 32 89 827.39
2.250000 32 90 750.52
2.250000 32 91 709.66
2.250000 32 92 771.29
2.250000 32 93 769.81
2.250000 32 94 789.46
2.250000 32 95 754.75
2.250000 32 96 748.21
2.250000 32 97 751.97
2.250000 32 98 802.99
2.250000 32 99 839.98
2.250000 32 100 915.12
2.250000 32 101 943.56
2.250000 32 102 965.07
2.250000 32 103 1046.56
2.250000 32 104 1073.83
2.250000 32 105 1124.81
2.250000 32 106 1114.27
2.250000 32 107 1066.71
2.250000 32 108 1080.11
2.250000 32 109 1076.38
2.250000 32 110 1044.14
2.250000 32 111 1054.37
2.250000 32 112 1042.78
2.250000 32 113 948.45
2.250000 32 114 973.65
2.250000 32 115 983.81
2.250000 32 116 987.42
2.250000 32 117 946.99
2.250000 32 118 902.43
2.250000 32 119 919.77
2.250000 32 120 916.16
2.250000 32 121 935.77
2.250000 32 122 959.44
2.250000 32 123 934.93
2.250000 32 124 946.22
2.250000 32 125 1046.02
2.250000 32 126 1055.54
2.250000 32 127 1023.31
2.250000 32 128 1038.03
2.250000 32 129 1052.58
2.250000 32 130 1084.07
2.250000 32 131 1049.99
2.250000 32 132 1030.07
2.250000 32 133 962.50
2.250000 32 134 912.26
2.250000 32 135 881.73
2.250000 32 136 836.13
2.250000 32 137 791.38
2.250000 32 138 805.18
2.250000 32 139 744.16
2.250000 32 140 766.84
2.250000 32 141 798.52
2.250000 32 142 790.54
2.250000 32 143 757.77
2.250000 32 144 781.30
2.250000 32 145 824.20
2.250000 32 146 816.68
2.250000 32 147 648.77
2.250000 32 148 492.98
2.250000 32 149 422.76
2.250000 32 150 294.53
2.250000 32 151 235.98
2.250000 32 152 185.02
2.250000 32 153 114.76
2.250000 32 154 124.02
2.250000 32 155 113.61
2.250000 32 156 175.18
2.250000 32 157 217.71
2.250000 32 158 281.40
2.250000 32 159 299.45
2.250000 32 160 295.30
2.250000 32 161 325.10
2.250000 32 162 344.14
2.250000 32 163 358.41
2.250000 32 164 348.03
2.250000 32 165 304.95
2.250000 32 166 324.44
2.250000 32 167 364.89
2.250000 32 168 277.12
2.250000 32 169 246.28
2.250000 32 170 244.29
2.250000 32 171 321.94
2.250000 32 172 235.30
2.250000 32 173 301.57
2.250000 32 174 361.32
2.250000 32 175 366.17
2.250000 32 176 368.49
2.250000 32 177 376.62
2.250000 32 178 421.60
2.250000 32 179 439.81
2.250000 32 180 411.96
2.250000 32 181 461.88
2.250000 32 182 477.38
2.250000 32 183 496.44
2.250000 32 184 424.19
2.250000 32 185 433.65
2.250000 32 186 389.53
2.250000 32 187 360.34
2.250000 32 188 357.99
2.250000 32 189 266.56
2.250000 32 190 188.14
2.250000 32 191 241.48
2.250000 32 192 288.61
2.250000 32 193 304.23
2.250000 32 194 292.56
2.250000 32 195 348.36
2.250000 32 196 366.16
2.250000 32 197 363.01
2.250000 32 198 380.16
2.250000 32 199 343.18
