3.720000 64 0 102558.88
3.720000 64 1 92226.46
3.720000 64 2 83347.25
3.720000 64 3 75700.36
3.720000 64 4 69008.10
3.720000 64 5 63186.25
3.720000 64 6 58027.11
3.720000 64 7 53314.34
3.720000 64 8 49045.52
3.720000 64 9 45253.60
3.720000 64 10 41863.52
3.720000 64 11 38834.19
3.720000 64 12 36048.58
3.720000 64 13 33402.40
3.720000 64 14 31016.91
3.720000 64 15 28718.55
3.720000 64 16 26536.81
3.720000 64 17 24571.42
3.720000 64 18 22809.13
3.720000 64 19 21056.09
3.720000 64 20 19555.96
3.720000 64 21 18110.10
3.720000 64 22 16777.12
3.720000 64 23 15529.22
3.720000 64 24 14545.47
3.720000 64 25 13667.91
3.720000 64 26 12919.12
3.720000 64 27 12198.19
3.720000 64 28 11543.71
3.720000 64 29 10919.61
3.720000 64 30 10303.57
3.720000 64 31 9647.12
3.720000 64 32 9029.18
3.720000 64 33 8464.15
3.720000 64 34 7894.68
3.720000 64 35 7444.14
3.720000 64 36 7102.21
3.720000 64 37 6685.32
3.720000 64 38 6330.53
3.720000 64 39 6006.35
3.720000 64 40 5689.14
3.720000 64 41 5441.19
3.720000 64 42 5186.51
3.720000 64 43 5045.68
3.720000 64 44 4831.56
3.720000 64 45 4690.35
3.720000 64 46 4580.23
3.720000 64 47 4445.33
3.720000 64 48 4310.83
3.720000 64 49 4137.09
3.720000 64 50 4043.23
3.720000 64 51 3962.84
3.720000 64 52 3907.59
3.720000 64 53 3850.10
3.720000 64 54 3791.81
3.720000 64 55 3619.45
3.720000 64 56 3464.47
3.720000 64 57 3173.33
3.720000 64 58 2843.34
3.720000 64 59 2549.05
3.720000 64 60 2248.64
3.720000 64 61 2128.85
3.720000 64 62 1847.34
3.720000 64 63 1600.07
3.720000 64 64 1434.89
3.720000 64 65 1268.75
3.720000 64 66 1131.17
3.720000 64 67 1024.24
3.720000 64 68 908.53
3.720000 64 69 847.14
3.720000 64 70 845.81
3.720000 64 71 891.05
3.720000 64 72 863.73
3.720000 64 73 785.96
3.720000 64 74 647.30
3.720000 64 75 591.87
3.720000 64 76 660.24
3.720000 64 77 725.62
3.720000 64 78 840.94
3.720000 64 79 845.55
3.720000 64 80 925.34
3.720000 64 81 827.55
3.720000 64 82 753.99
3.720000 64 83 797.56
3.720000 64 84 855.93
3.720000 64 85 796.12
3.720000 64 86 675.88
3.720000 64 87 611.55
3.720000 64 88 525.26
3.720000 64 89 440.37
3.720000 64 90 466.66
3.720000 64 91 497.97
3.720000 64 92 552.63
3.720000 64 93 531.86
3.720000 64 94 575.15
3.720000 64 95 527.57
3.720000 64 96 496.85
3.720000 64 97 520.18
3.720000 64 98 519.38
3.720000 64 99 557.49
3.720000 64 100 580.49
3.720000 64 101 529.29
3.720000 64 102 498.15
3.720000 64 103 548.53
3.720000 64 104 601.67
3.720000 64 105 572.23
3.720000 64 106 428.30
3.720000 64 107 381.57
3.720000 64 108 409.83
3.720000 64 109 436.90
3.720000 64 110 408.84
3.720000 64 111 339.62
3.720000 64 112 182.37
3.720000 64 113 85.50
3.720000 64 114 112.56
3.720000 64 115 225.50
3.720000 64 116 327.80
3.720000 64 117 501.73
3.720000 64 118 686.63
3.720000 64 119 949.68
3.720000 64 120 1172.31
3.720000 64 121 1230.34
3.720000 64 122 1224.73
3.720000 64 123 1072.99
3.720000 64 124 899.06
3.720000 64 125 756.18
3.720000 64 126 656.34
3.720000 64 127 627.79
3.720000 64 128 679.96
3.720000 64 129 737.47
3.720000 64 130 742.05
3.720000 64 131 750.99
3.720000 64 132 859.89
3.720000 64 133 970.36
3.720000 64 134 1113.74
3.720000 64 135 1240.51
3.720000 64 136 1335.72
3.720000 64 137 1383.04
3.720000 64 138 1490.73
3.720000 64 139 1512.20
3.720000 64 140 1493.69
3.720000 64 141 1590.14
3.720000 64 142 1712.74
3.720000 64 143 1841.15
3.720000 64 144 1911.02
3.720000 64 145 1959.67
3.720000 64 146 2033.70
3.720000 64 147 2127.45
3.720000 64 148 2245.00
3.720000 64 149 2412.90
3.720000 64 150 2583.25
3.720000 64 151 2789.98
3.720000 64 152 2916.22
3.720000 64 153 3076.00
3.720000 64 154 3210.95
3.720000 64 155 3337.53
3.720000 64 156 3506.30
3.720000 64 157 3552.49
3.720000 64 158 3626.64
3.720000 64 159 3635.47
3.720000 64 160 3575.64
3.720000 64 161 3551.91
3.720000 64 162 3435.96
3.720000 64 163 3421.96
3.720000 64 164 3387.18
3.720000 64 165 3372.65
3.720000 64 166 3326.42
3.720000 64 167 3286.05
3.720000 64 168 3385.87
3.720000 64 169 3517.69
3.720000 64 170 3752.72
3.720000 64 171 4015.91
3.720000 64 172 4318.09
3.720000 64 173 4537.98
3.720000 64 174 4662.83
3.720000 64 175 4810.34
3.720000 64 176 4884.91
3.720000 64 177 5050.01
3.720000 64 178 5158.47
3.720000 64 179 5280.29
3.720000 64 180 5399.44
3.720000 64 181 5427.59
3.720000 64 182 5366.19
3.720000 64 183 5254.42
3.720000 64 184 5168.69
3.720000 64 185 5042.87
3.720000 64 186 4959.15
3.720000 64 187 4851.74
3.720000 64 188 4698.51
3.720000 64 189 4540.66
3.720000 64 190 4322.53
3.720000 64 191 4116.68
3.720000 64 192 4083.11
3.720000 64 193 4125.44
3.720000 64 194 4175.44
3.720000 64 195 4177.86
3.720000 64 196 4213.70
3.720000 64 197 4293.09
3.720000 64 198 4376.37
3.720000 64 199 4375.28
