3.750000 16 0 2628.78
3.750000 16 1 1899.15
3.750000 16 2 1428.34
3.750000 16 3 1074.69
3.750000 16 4 836.93
3.750000 16 5 637.51
3.750000 16 6 491.05
3.750000 16 7 383.03
3.750000 16 8 314.04
3.750000 16 9 250.68
3.750000 16 10 183.78
3.750000 16 11 128.60
3.750000 16 12 61.09
3.750000 16 13 14.25
3.750000 16 14 -7.28
3.750000 16 15 -21.02
3.750000 16 16 -2.47
3.750000 16 17 -13.65
3.750000 16 18 -25.14
3.750000 16 19 -29.67
3.750000 16 20 -30.89
3.750000 16 21 -30.61
3.750000 16 22 -4.17
3.750000 16 23  0.53
3.750000 16 24  0.65
3.750000 16 25 24.21
3.750000 16 26 27.53
3.750000 16 27 35.45
3.750000 16 28 35.58
3.750000 16 29 24.65
3.750000 16 30  3.70
3.750000 16 31  2.12
3.750000 16 32 18.08
3.750000 16 33 11.80
3.750000 16 34 -6.28
3.750000 16 35 -12.51
3.750000 16 36 -19.62
3.750000 16 37 -35.63
3.750000 16 38 -29.28
3.750000 16 39 -33.49
3.750000 16 40 -32.13
3.750000 16 41 -27.51
3.750000 16 42 -36.86
3.750000 16 43 -43.70
3.750000 16 44 -40.52
3.750000 16 45 -26.10
3.750000 16 46 18.62
3.750000 16 47 44.78
3.750000 16 48 54.34
3.750000 16 49 64.35
3.750000 16 50 57.39
3.750000 16 51 68.85
3.750000 16 52 58.99
3.750000 16 53 65.93
3.750000 16 54 75.77
3.750000 16 55 55.72
3.750000 16 56 30.54
3.750000 16 57 26.10
3.750000 16 58  6.93
3.750000 16 59 -6.92
3.750000 16 60 -27.44
3.750000 16 61 -32.07
3.750000 16 62 -43.93
3.750000 16 63 -19.10
3.750000 16 64  4.67
3.750000 16 65 34.44
3.750000 16 66 44.23
3.750000 16 67 87.74
3.750000 16 68 99.42
3.750000 16 69 113.17
3.750000 16 70 116.27
3.750000 16 71 127.33
3.750000 16 72 123.70
3.750000 16 73 131.70
3.750000 16 74 123.54
3.750000 16 75 117.28
3.750000 16 76 100.00
3.750000 16 77 103.79
3.750000 16 78 90.87
3.750000 16 79 62.21
3.750000 16 80 46.34
3.750000 16 81 38.29
3.750000 16 82 23.46
3.750000 16 83  2.33
3.750000 16 84 -25.18
3.750000 16 85 -34.05
3.750000 16 86 -15.89
3.750000 16 87  9.50
3.750000 16 88 29.05
3.750000 16 89 43.71
3.750000 16 90 43.46
3.750000 16 91 35.00
3.750000 16 92 29.39
3.750000 16 93 16.98
3.750000 16 94  6.37
3.750000 16 95  5.01
3.750000 16 96  8.94
3.750000 16 97 -3.70
3.750000 16 98 -14.65
3.750000 16 99 -5.80
3.750000 16 100 12.34
3.750000 16 101 24.26
3.750000 16 102 35.73
3.750000 16 103 30.77
3.750000 16 104 16.02
3.750000 16 105  3.58
3.750000 16 106 -5.43
3.750000 16 107 -16.67
3.750000 16 108 -11.95
3.750000 16 109 -22.89
3.750000 16 110 -24.40
3.750000 16 111 -38.66
3.750000 16 112 -35.56
3.750000 16 113 -42.06
3.750000 16 114 -53.37
3.750000 16 115 -68.12
3.750000 16 116 -66.07
3.750000 16 117 -43.54
3.750000 16 118 -7.03
3.750000 16 119  9.53
3.750000 16 120 29.58
3.750000 16 121 55.93
3.750000 16 122 48.29
3.750000 16 123 28.41
3.750000 16 124 21.90
3.750000 16 125 -9.62
3.750000 16 126 -33.46
3.750000 16 127 -60.68
3.750000 16 128 -71.79
3.750000 16 129 -86.33
3.750000 16 130 -123.69
3.750000 16 131 -127.12
3.750000 16 132 -131.45
3.750000 16 133 -116.98
3.750000 16 134 -104.38
3.750000 16 135 -105.78
3.750000 16 136 -69.49
3.750000 16 137 -33.00
3.750000 16 138 -18.10
3.750000 16 139 -21.01
3.750000 16 140 -2.20
3.750000 16 141 -12.82
3.750000 16 142 -16.47
3.750000 16 143 -18.71
3.750000 16 144 -26.15
3.750000 16 145 -30.49
3.750000 16 146 -33.20
3.750000 16 147 -1.41
3.750000 16 148 16.60
3.750000 16 149  7.36
3.750000 16 150 10.92
3.750000 16 151 15.78
3.750000 16 152 -7.05
3.750000 16 153 -19.09
3.750000 16 154 -20.23
3.750000 16 155 -27.80
3.750000 16 156 -35.10
3.750000 16 157 -41.25
3.750000 16 158 -45.92
3.750000 16 159 -73.10
3.750000 16 160 -63.24
3.750000 16 161 -39.56
3.750000 16 162 -5.50
3.750000 16 163  6.75
3.750000 16 164  6.01
3.750000 16 165 -6.27
3.750000 16 166 -1.04
3.750000 16 167 -14.08
3.750000 16 168 -32.25
3.750000 16 169 -41.56
3.750000 16 170 -47.13
3.750000 16 171 -70.37
3.750000 16 172 -61.66
3.750000 16 173 -71.33
3.750000 16 174 -65.29
3.750000 16 175 -76.15
3.750000 16 176 -102.27
3.750000 16 177 -96.79
3.750000 16 178 -90.51
3.750000 16 179 -85.73
3.750000 16 180 -99.57
3.750000 16 181 -82.91
3.750000 16 182 -73.91
3.750000 16 183 -47.19
3.750000 16 184 -53.36
3.750000 16 185 -41.08
3.750000 16 186 -43.42
3.750000 16 187 -51.64
3.750000 16 188 -55.40
3.750000 16 189 -79.47
3.750000 16 190 -99.36
3.750000 16 191 -102.10
3.750000 16 192 -78.47
3.750000 16 193 -42.64
3.750000 16 194 -29.91
3.750000 16 195 -28.84
3.750000 16 196 -50.42
3.750000 16 197 -77.38
3.750000 16 198 -82.26
3.750000 16 199 -74.74
