3.440000 96 0 55415.69
3.440000 96 1 27812.99
3.440000 96 2 13930.09
3.440000 96 3 8279.91
3.440000 96 4 3678.04
3.440000 96 5 681.25
3.440000 96 6 -1359.97
3.440000 96 7 -2790.17
3.440000 96 8 -3930.36
3.440000 96 9 -3785.84
3.440000 96 10 -3907.79
3.440000 96 11 -3791.23
3.440000 96 12 -3650.97
3.440000 96 13 -2899.16
3.440000 96 14 -2361.89
3.440000 96 15 -2060.79
3.440000 96 16 -2037.84
3.440000 96 17 -1665.97
3.440000 96 18 -1314.40
3.440000 96 19 -1052.85
3.440000 96 20 -1720.15
3.440000 96 21 -1209.65
3.440000 96 22 -1634.28
3.440000 96 23 -2178.80
3.440000 96 24 -2730.38
3.440000 96 25 -2728.53
3.440000 96 26 -4159.02
3.440000 96 27 -5831.27
3.440000 96 28 -5422.84
3.440000 96 29 -4724.43
3.440000 96 30 -4688.41
3.440000 96 31 -5212.67
3.440000 96 32 -5676.30
3.440000 96 33 -5741.44
3.440000 96 34 -5432.30
3.440000 96 35 -4318.60
3.440000 96 36 -4025.83
3.440000 96 37 -4361.17
3.440000 96 38 -4531.73
3.440000 96 39 -4933.33
3.440000 96 40 -4490.83
3.440000 96 41 -3789.89
3.440000 96 42 -2992.52
3.440000 96 43 -2788.68
3.440000 96 44 -2947.22
3.440000 96 45 -2401.04
3.440000 96 46 -1619.17
3.440000 96 47 -1795.59
3.440000 96 48 -2649.96
3.440000 96 49 -2696.26
3.440000 96 50 -2818.15
3.440000 96 51 -3127.54
3.440000 96 52 -2541.60
3.440000 96 53 -1922.88
3.440000 96 54 -1209.13
3.440000 96 55 -309.26
3.440000 96 56 -445.64
3.440000 96 57 -631.23
3.440000 96 58 -1157.99
3.440000 96 59 -2101.70
3.440000 96 60 -788.26
3.440000 96 61 -1899.53
3.440000 96 62 -2432.86
3.440000 96 63 -3090.06
3.440000 96 64 -3276.40
3.440000 96 65 -3443.09
3.440000 96 66 -4019.77
3.440000 96 67 -3480.99
3.440000 96 68 -3683.74
3.440000 96 69 -3244.93
3.440000 96 70 -3855.66
3.440000 96 71 -4199.87
3.440000 96 72 -4504.75
3.440000 96 73 -3455.34
3.440000 96 74 -3786.26
3.440000 96 75 -4186.53
3.440000 96 76 -5422.32
3.440000 96 77 -6104.41
3.440000 96 78 -6402.42
3.440000 96 79 -6196.74
3.440000 96 80 -5570.61
3.440000 96 81 -4872.17
3.440000 96 82 -5310.09
3.440000 96 83 -6793.77
3.440000 96 84 -7071.81
3.440000 96 85 -6974.29
3.440000 96 86 -7596.24
3.440000 96 87 -8093.41
3.440000 96 88 -7649.37
3.440000 96 89 -7257.49
3.440000 96 90 -6290.85
3.440000 96 91 -5962.92
3.440000 96 92 -5476.97
3.440000 96 93 -5917.41
3.440000 96 94 -5846.91
3.440000 96 95 -5660.65
3.440000 96 96 -4570.90
3.440000 96 97 -3657.39
3.440000 96 98 -3565.95
3.440000 96 99 -3992.15
3.440000 96 100 -4214.57
3.440000 96 101 -3412.68
3.440000 96 102 -2793.95
3.440000 96 103 -2145.46
3.440000 96 104 -1466.53
3.440000 96 105 -1939.92
3.440000 96 106 -2270.10
3.440000 96 107 -1813.61
3.440000 96 108 -1585.19
3.440000 96 109 -365.14
3.440000 96 110 484.60
3.440000 96 111 -604.25
3.440000 96 112 -777.16
3.440000 96 113 -698.73
3.440000 96 114 -612.36
3.440000 96 115 -518.62
3.440000 96 116 -433.32
3.440000 96 117 -541.66
3.440000 96 118 -1104.10
3.440000 96 119 205.84
3.440000 96 120 147.92
3.440000 96 121 -6.41
3.440000 96 122 168.93
3.440000 96 123 1110.71
3.440000 96 124 1583.67
3.440000 96 125 1219.30
3.440000 96 126 309.00
3.440000 96 127 -320.01
3.440000 96 128 -1191.58
3.440000 96 129 -986.17
3.440000 96 130 -1016.24
3.440000 96 131 -1703.09
3.440000 96 132 -1500.24
3.440000 96 133 -1241.10
3.440000 96 134 -1931.42
3.440000 96 135 -2519.31
3.440000 96 136 -3661.47
3.440000 96 137 -3995.33
3.440000 96 138 -4827.98
3.440000 96 139 -5027.83
3.440000 96 140 -3551.64
3.440000 96 141 -4204.67
3.440000 96 142 -4823.88
3.440000 96 143 -6343.80
3.440000 96 144 -6404.01
3.440000 96 145 -5062.39
3.440000 96 146 -4139.48
3.440000 96 147 -4317.89
3.440000 96 148 -4629.96
3.440000 96 149 -4411.26
3.440000 96 150 -4875.89
3.440000 96 151 -4411.70
3.440000 96 152 -4303.03
3.440000 96 153 -3998.77
3.440000 96 154 -3926.19
3.440000 96 155 -4984.39
3.440000 96 156 -5116.55
3.440000 96 157 -4504.89
3.440000 96 158 -3660.12
3.440000 96 159 -3085.41
3.440000 96 160 -2521.86
3.440000 96 161 -1420.41
3.440000 96 162 -424.89
3.440000 96 163 -886.46
3.440000 96 164 -1569.17
3.440000 96 165 -2151.99
3.440000 96 166 -2881.43
3.440000 96 167 -3059.69
3.440000 96 168 -3470.96
3.440000 96 169 -2985.23
3.440000 96 170 -3270.61
3.440000 96 171 -2994.68
3.440000 96 172 -2289.06
3.440000 96 173 -2293.83
3.440000 96 174 -2286.28
3.440000 96 175 -1453.62
3.440000 96 176 -1121.82
3.440000 96 177 163.55
3.440000 96 178 637.81
3.440000 96 179 423.43
3.440000 96 180 1012.20
3.440000 96 181 1143.48
3.440000 96 182 886.56
3.440000 96 183 409.67
3.440000 96 184 130.55
3.440000 96 185 101.50
3.440000 96 186 1117.48
3.440000 96 187 2679.14
3.440000 96 188 4234.06
3.440000 96 189 4107.71
3.440000 96 190 4138.99
3.440000 96 191 4570.69
3.440000 96 192 4302.16
3.440000 96 193 4649.30
3.440000 96 194 4006.98
3.440000 96 195 3170.38
3.440000 96 196 3779.62
3.440000 96 197 4881.76
3.440000 96 198 3510.38
3.440000 96 199 3172.32
