3.630000 16 0 2181.02
3.630000 16 1 1373.37
3.630000 16 2 895.98
3.630000 16 3 581.42
3.630000 16 4 387.52
3.630000 16 5 263.93
3.630000 16 6 185.54
3.630000 16 7 147.50
3.630000 16 8 101.95
3.630000 16 9 79.45
3.630000 16 10 59.77
3.630000 16 11 67.10
3.630000 16 12 61.53
3.630000 16 13 57.21
3.630000 16 14 62.95
3.630000 16 15 42.81
3.630000 16 16 37.46
3.630000 16 17 56.45
3.630000 16 18 59.67
3.630000 16 19 48.47
3.630000 16 20 19.23
3.630000 16 21 -17.24
3.630000 16 22 -40.30
3.630000 16 23 -61.80
3.630000 16 24 -72.59
3.630000 16 25 -70.12
3.630000 16 26 -84.67
3.630000 16 27 -77.89
3.630000 16 28 -70.71
3.630000 16 29 -60.38
3.630000 16 30 -55.51
3.630000 16 31 -16.32
3.630000 16 32 11.11
3.630000 16 33  5.44
3.630000 16 34 17.74
3.630000 16 35 34.23
3.630000 16 36 30.32
3.630000 16 37  7.67
3.630000 16 38 20.03
3.630000 16 39 28.43
3.630000 16 40  6.27
3.630000 16 41 -2.16
3.630000 16 42 -3.38
3.630000 16 43 12.18
3.630000 16 44 19.68
3.630000 16 45 25.70
3.630000 16 46 25.14
3.630000 16 47 33.78
3.630000 16 48 23.53
3.630000 16 49 13.88
3.630000 16 50  5.92
3.630000 16 51  2.80
3.630000 16 52  3.86
3.630000 16 53 21.93
3.630000 16 54 27.84
3.630000 16 55 52.69
3.630000 16 56 73.43
3.630000 16 57 56.01
3.630000 16 58 43.13
3.630000 16 59 30.40
3.630000 16 60  3.90
3.630000 16 61  8.29
3.630000 16 62 20.14
3.630000 16 63 24.17
3.630000 16 64 15.60
3.630000 16 65 -2.67
3.630000 16 66 14.71
3.630000 16 67 13.91
3.630000 16 68 37.24
3.630000 16 69 59.71
3.630000 16 70 77.89
3.630000 16 71 72.42
3.630000 16 72 56.45
3.630000 16 73 59.62
3.630000 16 74 47.66
3.630000 16 75 49.17
3.630000 16 76 50.39
3.630000 16 77 32.07
3.630000 16 78  8.27
3.630000 16 79 -6.06
3.630000 16 80 -1.10
3.630000 16 81 13.66
3.630000 16 82 23.09
3.630000 16 83 23.11
3.630000 16 84 16.26
3.630000 16 85  9.25
3.630000 16 86 11.95
3.630000 16 87 31.00
3.630000 16 88 13.85
3.630000 16 89 -6.72
3.630000 16 90 -26.13
3.630000 16 91 -47.47
3.630000 16 92 -68.39
3.630000 16 93 -64.14
3.630000 16 94 -62.16
3.630000 16 95 -33.24
3.630000 16 96 -17.44
3.630000 16 97 -26.74
3.630000 16 98 -6.03
3.630000 16 99 -17.58
3.630000 16 100 -24.06
3.630000 16 101 -12.24
3.630000 16 102 -14.28
3.630000 16 103 -28.15
3.630000 16 104 -48.26
3.630000 16 105 -47.45
3.630000 16 106 -27.06
3.630000 16 107 -25.97
3.630000 16 108 -7.28
3.630000 16 109  8.00
3.630000 16 110 13.21
3.630000 16 111 14.86
3.630000 16 112 22.63
3.630000 16 113 44.89
3.630000 16 114 27.27
3.630000 16 115 21.05
3.630000 16 116 13.95
3.630000 16 117 16.19
3.630000 16 118  1.22
3.630000 16 119  9.59
3.630000 16 120 -2.00
3.630000 16 121  0.49
3.630000 16 122 -28.49
3.630000 16 123 -30.02
3.630000 16 124 -28.52
3.630000 16 125  0.71
3.630000 16 126 20.34
3.630000 16 127 55.89
3.630000 16 128 72.65
3.630000 16 129 78.97
3.630000 16 130 93.81
3.630000 16 131 93.29
3.630000 16 132 62.96
3.630000 16 133 16.37
3.630000 16 134  9.21
3.630000 16 135 33.35
3.630000 16 136 51.61
3.630000 16 137 56.45
3.630000 16 138 55.64
3.630000 16 139 55.72
3.630000 16 140 41.26
3.630000 16 141 64.32
3.630000 16 142 50.65
3.630000 16 143 51.37
3.630000 16 144 65.60
3.630000 16 145 93.45
3.630000 16 146 92.09
3.630000 16 147 73.74
3.630000 16 148 54.03
3.630000 16 149 36.12
3.630000 16 150 32.24
3.630000 16 151 21.12
3.630000 16 152 31.15
3.630000 16 153 32.10
3.630000 16 154 45.50
3.630000 16 155 71.22
3.630000 16 156 80.71
3.630000 16 157 57.83
3.630000 16 158 64.32
3.630000 16 159 67.45
3.630000 16 160 56.00
3.630000 16 161 27.81
3.630000 16 162 28.26
3.630000 16 163 33.89
3.630000 16 164 59.89
3.630000 16 165 46.22
3.630000 16 166 50.15
3.630000 16 167 47.01
3.630000 16 168 41.97
3.630000 16 169 57.25
3.630000 16 170 55.38
3.630000 16 171 72.64
3.630000 16 172 69.76
3.630000 16 173 95.73
3.630000 16 174 108.63
3.630000 16 175 108.55
3.630000 16 176 84.57
3.630000 16 177 110.18
3.630000 16 178 106.12
3.630000 16 179 98.67
3.630000 16 180 80.33
3.630000 16 181 67.11
3.630000 16 182 68.16
3.630000 16 183 73.81
3.630000 16 184 49.76
3.630000 16 185 50.29
3.630000 16 186 55.94
3.630000 16 187 47.90
3.630000 16 188 55.86
3.630000 16 189 63.49
3.630000 16 190 40.58
3.630000 16 191 13.75
3.630000 16 192  1.88
3.630000 16 193 -2.85
3.630000 16 194 -9.35
3.630000 16 195 -12.11
3.630000 16 196 -12.55
3.630000 16 197 12.37
3.630000 16 198 36.95
3.630000 16 199 44.66
