2.264000 256 0 837648.75
2.264000 256 1 729304.98
2.264000 256 2 625831.15
2.264000 256 3 543011.03
2.264000 256 4 476334.14
2.264000 256 5 407948.83
2.264000 256 6 350217.28
2.264000 256 7 316770.38
2.264000 256 8 276573.79
2.264000 256 9 244706.43
2.264000 256 10 226861.80
2.264000 256 11 199857.19
2.264000 256 12 163878.47
2.264000 256 13 135964.33
2.264000 256 14 109676.56
2.264000 256 15 73524.47
2.264000 256 16 51395.41
2.264000 256 17 33489.43
2.264000 256 18 14994.10
2.264000 256 19 618.45
2.264000 256 20 -5398.65
2.264000 256 21 1309.06
2.264000 256 22 11315.86
2.264000 256 23 15782.63
2.264000 256 24 16069.49
2.264000 256 25 25176.84
2.264000 256 26 29011.04
2.264000 256 27 26700.86
2.264000 256 28 25134.95
2.264000 256 29 44503.75
2.264000 256 30 63016.90
2.264000 256 31 78003.40
2.264000 256 32 89311.35
2.264000 256 33 102286.36
2.264000 256 34 115977.14
2.264000 256 35 129080.43
2.264000 256 36 138672.79
2.264000 256 37 144285.80
2.264000 256 38 151934.91
2.264000 256 39 147447.10
2.264000 256 40 134264.49
2.264000 256 41 117750.12
2.264000 256 42 109918.14
2.264000 256 43 100184.47
2.264000 256 44 79489.13
2.264000 256 45 59868.97
2.264000 256 46 50277.93
2.264000 256 47 42350.83
2.264000 256 48 36857.06
2.264000 256 49 34666.08
2.264000 256 50 33658.57
2.264000 256 51 31122.00
2.264000 256 52 32014.87
2.264000 256 53 36155.29
2.264000 256 54 36088.14
2.264000 256 55 39963.28
2.264000 256 56 30799.54
2.264000 256 57 17868.08
2.264000 256 58 4433.94
2.264000 256 59 -1591.23
2.264000 256 60 -6092.13
2.264000 256 61 -11415.25
2.264000 256 62 -22396.57
2.264000 256 63 -20852.99
2.264000 256 64 -20698.65
2.264000 256 65 -35947.02
2.264000 256 66 -42355.79
2.264000 256 67 -37807.72
2.264000 256 68 -31005.12
2.264000 256 69 -19812.45
2.264000 256 70 -7715.43
2.264000 256 71 11146.54
2.264000 256 72 21313.52
2.264000 256 73 40058.49
2.264000 256 74 59851.87
2.264000 256 75 80668.92
2.264000 256 76 92588.49
2.264000 256 77 100081.39
2.264000 256 78 112263.78
2.264000 256 79 117820.76
2.264000 256 80 118551.94
2.264000 256 81 119264.83
2.264000 256 82 123795.10
2.264000 256 83 133449.91
2.264000 256 84 134986.99
2.264000 256 85 130255.16
2.264000 256 86 127916.01
2.264000 256 87 127008.43
2.264000 256 88 127732.81
2.264000 256 89 134123.47
2.264000 256 90 138462.75
2.264000 256 91 141307.22
2.264000 256 92 141216.86
2.264000 256 93 128900.09
2.264000 256 94 125742.68
2.264000 256 95 121924.28
2.264000 256 96 116468.21
2.264000 256 97 107530.16
2.264000 256 98 106798.35
2.264000 256 99 101630.55
2.264000 256 100 100445.92
2.264000 256 101 95994.18
2.264000 256 102 95379.53
2.264000 256 103 94302.67
2.264000 256 104 101198.95
2.264000 256 105 106494.69
2.264000 256 106 108641.99
2.264000 256 107 107600.64
2.264000 256 108 104165.40
2.264000 256 109 101363.23
2.264000 256 110 98006.01
2.264000 256 111 100685.20
2.264000 256 112 102692.26
2.264000 256 113 114529.44
2.264000 256 114 129071.99
2.264000 256 115 142731.10
2.264000 256 116 151332.36
2.264000 256 117 168361.10
2.264000 256 118 188086.86
2.264000 256 119 205184.82
2.264000 256 120 220228.50
2.264000 256 121 237987.67
2.264000 256 122 257372.16
2.264000 256 123 280993.31
2.264000 256 124 298376.18
2.264000 256 125 294844.06
2.264000 256 126 287503.19
2.264000 256 127 282209.61
2.264000 256 128 284993.47
2.264000 256 129 287587.97
2.264000 256 130 287387.13
2.264000 256 131 284027.34
2.264000 256 132 281514.37
2.264000 256 133 281869.71
2.264000 256 134 279264.56
2.264000 256 135 278112.34
2.264000 256 136 278763.63
2.264000 256 137 289325.66
2.264000 256 138 302622.57
2.264000 256 139 304293.89
2.264000 256 140 295569.24
2.264000 256 141 277670.96
2.264000 256 142 271568.61
2.264000 256 143 267988.76
2.264000 256 144 262579.99
2.264000 256 145 262333.03
2.264000 256 146 253569.34
2.264000 256 147 251371.94
2.264000 256 148 251250.58
2.264000 256 149 258752.12
2.264000 256 150 271922.06
2.264000 256 151 286323.39
2.264000 256 152 316133.04
2.264000 256 153 351636.62
2.264000 256 154 379776.58
2.264000 256 155 421584.17
2.264000 256 156 454206.66
2.264000 256 157 474471.87
2.264000 256 158 493865.00
2.264000 256 159 504422.50
2.264000 256 160 519353.81
2.264000 256 161 542382.62
2.264000 256 162 564744.95
2.264000 256 163 582898.08
2.264000 256 164 602381.00
2.264000 256 165 620998.12
2.264000 256 166 630274.29
2.264000 256 167 639478.25
2.264000 256 168 638764.97
2.264000 256 169 652753.97
2.264000 256 170 670506.39
2.264000 256 171 681918.25
2.264000 256 172 686093.09
2.264000 256 173 690957.00
2.264000 256 174 711923.20
2.264000 256 175 712763.36
2.264000 256 176 708180.57
2.264000 256 177 699850.38
2.264000 256 178 682533.39
2.264000 256 179 687571.16
2.264000 256 180 709971.30
2.264000 256 181 730198.32
2.264000 256 182 749591.87
2.264000 256 183 767760.13
2.264000 256 184 777786.22
2.264000 256 185 777453.83
2.264000 256 186 774213.77
2.264000 256 187 768883.83
2.264000 256 188 746353.28
2.264000 256 189 729622.23
2.264000 256 190 715463.08
2.264000 256 191 697795.02
2.264000 256 192 680005.21
2.264000 256 193 674170.08
2.264000 256 194 665825.24
2.264000 256 195 645022.07
2.264000 256 196 639722.12
2.264000 256 197 629288.19
2.264000 256 198 622121.42
2.264000 256 199 615262.23
