3.643000 96 0 297565.62
3.643000 96 1 251775.87
3.643000 96 2 215289.97
3.643000 96 3 185650.82
3.643000 96 4 161084.74
3.643000 96 5 140747.31
3.643000 96 6 123427.45
3.643000 96 7 108168.77
3.643000 96 8 94972.98
3.643000 96 9 83342.60
3.643000 96 10 73412.60
3.643000 96 11 65116.20
3.643000 96 12 57792.63
3.643000 96 13 51290.32
3.643000 96 14 45543.30
3.643000 96 15 40689.52
3.643000 96 16 36323.50
3.643000 96 17 32007.54
3.643000 96 18 27716.01
3.643000 96 19 24424.11
3.643000 96 20 21468.80
3.643000 96 21 18383.39
3.643000 96 22 15585.83
3.643000 96 23 13079.37
3.643000 96 24 11409.69
3.643000 96 25 9612.09
3.643000 96 26 8657.24
3.643000 96 27 7661.15
3.643000 96 28 6677.32
3.643000 96 29 5904.66
3.643000 96 30 5138.44
3.643000 96 31 4333.28
3.643000 96 32 3192.24
3.643000 96 33 2265.59
3.643000 96 34 1428.63
3.643000 96 35 845.46
3.643000 96 36 618.33
3.643000 96 37 278.39
3.643000 96 38 -3.87
3.643000 96 39 -300.55
3.643000 96 40 -828.42
3.643000 96 41 -1077.45
3.643000 96 42 -1459.18
3.643000 96 43 -1484.14
3.643000 96 44 -1602.32
3.643000 96 45 -1929.89
3.643000 96 46 -1841.98
3.643000 96 47 -1753.02
3.643000 96 48 -1763.65
3.643000 96 49 -1936.30
3.643000 96 50 -1818.61
3.643000 96 51 -1761.02
3.643000 96 52 -1582.40
3.643000 96 53 -1405.78
3.643000 96 54 -918.99
3.643000 96 55 -996.65
3.643000 96 56 -1031.15
3.643000 96 57 -1155.39
3.643000 96 58 -1324.96
3.643000 96 59 -1206.94
3.643000 96 60 -1010.84
3.643000 96 61 -904.44
3.643000 96 62 -955.55
3.643000 96 63 -791.00
3.643000 96 64 -306.10
3.643000 96 65 100.35
3.643000 96 66 403.20
3.643000 96 67 389.77
3.643000 96 68 26.43
3.643000 96 69 -528.30
3.643000 96 70 -625.78
3.643000 96 71 -566.11
3.643000 96 72 -886.15
3.643000 96 73 -1467.33
3.643000 96 74 -1791.84
3.643000 96 75 -2039.37
3.643000 96 76 -2125.50
3.643000 96 77 -2093.64
3.643000 96 78 -1851.47
3.643000 96 79 -1753.88
3.643000 96 80 -1283.54
3.643000 96 81 -1047.82
3.643000 96 82 -1038.72
3.643000 96 83 -575.01
3.643000 96 84 -109.88
3.643000 96 85 35.22
3.643000 96 86 151.67
3.643000 96 87 206.14
3.643000 96 88 131.46
3.643000 96 89 221.28
3.643000 96 90 16.71
3.643000 96 91 -593.86
3.643000 96 92 -719.36
3.643000 96 93 -754.58
3.643000 96 94 -814.89
3.643000 96 95 -592.98
3.643000 96 96 -267.88
3.643000 96 97 -237.84
3.643000 96 98 -375.09
3.643000 96 99 -213.54
3.643000 96 100 144.10
3.643000 96 101 -164.17
3.643000 96 102 -741.10
3.643000 96 103 -1067.68
3.643000 96 104 -1177.13
3.643000 96 105 -1134.43
3.643000 96 106 -1590.88
3.643000 96 107 -1578.16
3.643000 96 108 -1376.26
3.643000 96 109 -1382.07
3.643000 96 110 -1320.61
3.643000 96 111 -1241.93
3.643000 96 112 -928.11
3.643000 96 113 -870.12
3.643000 96 114 -1065.06
3.643000 96 115 -1359.75
3.643000 96 116 -1545.16
3.643000 96 117 -1934.09
3.643000 96 118 -2170.94
3.643000 96 119 -2067.56
3.643000 96 120 -1391.54
3.643000 96 121 -984.49
3.643000 96 122 -771.80
3.643000 96 123 -466.02
3.643000 96 124 -198.92
3.643000 96 125 -172.32
3.643000 96 126 -161.10
3.643000 96 127 254.51
3.643000 96 128 -40.94
3.643000 96 129 -124.98
3.643000 96 130 -15.37
3.643000 96 131 456.77
3.643000 96 132 992.59
3.643000 96 133 1286.55
3.643000 96 134 1478.34
3.643000 96 135 1458.17
3.643000 96 136 1343.36
3.643000 96 137 1568.06
3.643000 96 138 1962.26
3.643000 96 139 2413.50
3.643000 96 140 2939.22
3.643000 96 141 3160.27
3.643000 96 142 3512.26
3.643000 96 143 3626.06
3.643000 96 144 4194.08
3.643000 96 145 4540.07
3.643000 96 146 4741.94
3.643000 96 147 4399.62
3.643000 96 148 4199.18
3.643000 96 149 4196.49
3.643000 96 150 4831.41
3.643000 96 151 5300.94
3.643000 96 152 6080.18
3.643000 96 153 6278.90
3.643000 96 154 6392.69
3.643000 96 155 5990.21
3.643000 96 156 5619.66
3.643000 96 157 5213.84
3.643000 96 158 4830.99
3.643000 96 159 4190.20
3.643000 96 160 4071.03
3.643000 96 161 3668.05
3.643000 96 162 3375.42
3.643000 96 163 3042.46
3.643000 96 164 2895.73
3.643000 96 165 3312.09
3.643000 96 166 3930.95
3.643000 96 167 4274.83
3.643000 96 168 4440.33
3.643000 96 169 4595.53
3.643000 96 170 4595.83
3.643000 96 171 4535.40
3.643000 96 172 4422.01
3.643000 96 173 4492.18
3.643000 96 174 4485.25
3.643000 96 175 4556.29
3.643000 96 176 4958.25
3.643000 96 177 5502.93
3.643000 96 178 5459.31
3.643000 96 179 5472.21
3.643000 96 180 5066.46
3.643000 96 181 4904.94
3.643000 96 182 4778.94
3.643000 96 183 4765.16
3.643000 96 184 4942.21
3.643000 96 185 4906.05
3.643000 96 186 5101.00
3.643000 96 187 4768.83
3.643000 96 188 4401.65
3.643000 96 189 4265.35
3.643000 96 190 3840.35
3.643000 96 191 3664.83
3.643000 96 192 4118.85
3.643000 96 193 4471.88
3.643000 96 194 4241.79
3.643000 96 195 3949.10
3.643000 96 196 3895.90
3.643000 96 197 3362.73
3.643000 96 198 2680.28
3.643000 96 199 2487.11
