3.740000 24 0 6114.61
3.740000 24 1 4709.60
3.740000 24 2 3705.29
3.740000 24 3 2970.10
3.740000 24 4 2411.58
3.740000 24 5 1965.67
3.740000 24 6 1604.17
3.740000 24 7 1268.00
3.740000 24 8 1051.74
3.740000 24 9 830.51
3.740000 24 10 653.97
3.740000 24 11 466.73
3.740000 24 12 370.84
3.740000 24 13 309.52
3.740000 24 14 284.42
3.740000 24 15 253.73
3.740000 24 16 214.37
3.740000 24 17 183.30
3.740000 24 18 168.10
3.740000 24 19 175.82
3.740000 24 20 186.93
3.740000 24 21 180.84
3.740000 24 22 239.62
3.740000 24 23 233.71
3.740000 24 24 223.58
3.740000 24 25 168.69
3.740000 24 26 119.99
3.740000 24 27 95.33
3.740000 24 28 127.93
3.740000 24 29 117.73
3.740000 24 30 139.09
3.740000 24 31 122.87
3.740000 24 32 139.21
3.740000 24 33 134.65
3.740000 24 34 153.24
3.740000 24 35 161.57
3.740000 24 36 225.03
3.740000 24 37 277.50
3.740000 24 38 301.18
3.740000 24 39 311.63
3.740000 24 40 324.97
3.740000 24 41 288.52
3.740000 24 42 269.09
3.740000 24 43 230.04
3.740000 24 44 248.88
3.740000 24 45 223.32
3.740000 24 46 200.68
3.740000 24 47 232.57
3.740000 24 48 230.32
3.740000 24 49 229.48
3.740000 24 50 234.47
3.740000 24 51 218.05
3.740000 24 52 209.88
3.740000 24 53 128.70
3.740000 24 54 87.06
3.740000 24 55 80.73
3.740000 24 56 101.47
3.740000 24 57 92.37
3.740000 24 58 91.78
3.740000 24 59 70.05
3.740000 24 60 36.35
3.740000 24 61  0.85
3.740000 24 62 -30.93
3.740000 24 63 -95.47
3.740000 24 64 -135.44
3.740000 24 65 -155.24
3.740000 24 66 -137.47
3.740000 24 67 -92.66
3.740000 24 68 -82.33
3.740000 24 69 -94.13
3.740000 24 70 -23.35
3.740000 24 71 -1.50
3.740000 24 72 28.60
3.740000 24 73 10.38
3.740000 24 74 -8.86
3.740000 24 75 -62.20
3.740000 24 76 -90.72
3.740000 24 77 -120.00
3.740000 24 78 -89.67
3.740000 24 79 -89.14
3.740000 24 80 -89.30
3.740000 24 81 -80.33
3.740000 24 82 -85.05
3.740000 24 83 -71.59
3.740000 24 84 -36.45
3.740000 24 85 -11.95
3.740000 24 86 -0.99
3.740000 24 87 -32.05
3.740000 24 88 -3.30
3.740000 24 89 -4.57
3.740000 24 90 -50.93
3.740000 24 91 -91.65
3.740000 24 92 -95.83
3.740000 24 93 -87.55
3.740000 24 94 -17.49
3.740000 24 95 30.41
3.740000 24 96 49.48
3.740000 24 97 35.99
3.740000 24 98 20.54
3.740000 24 99 -9.04
3.740000 24 100 -21.83
3.740000 24 101 -31.70
3.740000 24 102 -23.02
3.740000 24 103 -4.14
3.740000 24 104 18.74
3.740000 24 105 22.32
3.740000 24 106 27.65
3.740000 24 107 -26.92
3.740000 24 108 -23.69
3.740000 24 109 -35.95
3.740000 24 110 -27.02
3.740000 24 111 -40.17
3.740000 24 112 -45.16
3.740000 24 113 -99.31
3.740000 24 114 -143.04
3.740000 24 115 -171.61
3.740000 24 116 -154.08
3.740000 24 117 -140.74
3.740000 24 118 -152.76
3.740000 24 119 -148.57
3.740000 24 120 -107.89
3.740000 24 121 -113.12
3.740000 24 122 -84.39
3.740000 24 123 -128.70
3.740000 24 124 -169.58
3.740000 24 125 -149.40
3.740000 24 126 -119.38
3.740000 24 127 -123.29
3.740000 24 128 -72.31
3.740000 24 129 -101.43
3.740000 24 130 -118.41
3.740000 24 131 -135.61
3.740000 24 132 -112.81
3.740000 24 133 -99.62
3.740000 24 134 -97.47
3.740000 24 135 -83.97
3.740000 24 136 -2.51
3.740000 24 137  8.09
3.740000 24 138 14.89
3.740000 24 139 22.28
3.740000 24 140 26.74
3.740000 24 141 13.37
3.740000 24 142  3.69
3.740000 24 143 -17.66
3.740000 24 144 39.07
3.740000 24 145 42.91
3.740000 24 146 63.52
3.740000 24 147 52.20
3.740000 24 148  7.31
3.740000 24 149 -48.61
3.740000 24 150 -112.65
3.740000 24 151 -192.84
3.740000 24 152 -217.29
3.740000 24 153 -197.03
3.740000 24 154 -191.17
3.740000 24 155 -222.56
3.740000 24 156 -195.33
3.740000 24 157 -183.42
3.740000 24 158 -176.25
3.740000 24 159 -187.56
3.740000 24 160 -217.03
3.740000 24 161 -246.09
3.740000 24 162 -253.38
3.740000 24 163 -273.74
3.740000 24 164 -331.89
3.740000 24 165 -346.29
3.740000 24 166 -317.84
3.740000 24 167 -301.94
3.740000 24 168 -298.76
3.740000 24 169 -274.94
3.740000 24 170 -234.16
3.740000 24 171 -208.43
3.740000 24 172 -217.38
3.740000 24 173 -233.01
3.740000 24 174 -229.53
3.740000 24 175 -195.56
3.740000 24 176 -169.86
3.740000 24 177 -183.88
3.740000 24 178 -190.78
3.740000 24 179 -175.45
3.740000 24 180 -160.96
3.740000 24 181 -194.55
3.740000 24 182 -189.47
3.740000 24 183 -153.83
3.740000 24 184 -135.63
3.740000 24 185 -142.85
3.740000 24 186 -126.29
3.740000 24 187 -114.12
3.740000 24 188 -70.80
3.740000 24 189 -65.63
3.740000 24 190 -54.40
3.740000 24 191 -28.07
3.740000 24 192  8.00
3.740000 24 193 10.05
3.740000 24 194 44.75
3.740000 24 195 48.43
3.740000 24 196 63.70
3.740000 24 197 64.79
3.740000 24 198 126.88
3.740000 24 199 123.41
