3.400000 64 0 49301.14
3.400000 64 1 23197.70
3.400000 64 2 11373.01
3.400000 64 3 5590.95
3.400000 64 4 2691.31
3.400000 64 5 1437.22
3.400000 64 6 817.74
3.400000 64 7 477.11
3.400000 64 8 381.34
3.400000 64 9 384.71
3.400000 64 10 419.68
3.400000 64 11 299.25
3.400000 64 12 271.09
3.400000 64 13 108.07
3.400000 64 14 137.90
3.400000 64 15 370.04
3.400000 64 16 324.61
3.400000 64 17 254.17
3.400000 64 18 215.57
3.400000 64 19 515.44
3.400000 64 20 548.83
3.400000 64 21 544.97
3.400000 64 22 554.93
3.400000 64 23 464.64
3.400000 64 24 533.21
3.400000 64 25 555.89
3.400000 64 26 692.63
3.400000 64 27 595.21
3.400000 64 28 474.42
3.400000 64 29 415.82
3.400000 64 30 201.81
3.400000 64 31 316.01
3.400000 64 32 530.63
3.400000 64 33 534.04
3.400000 64 34 621.79
3.400000 64 35 347.71
3.400000 64 36 283.07
3.400000 64 37 18.06
3.400000 64 38 -148.16
3.400000 64 39 -98.93
3.400000 64 40 227.16
3.400000 64 41 354.56
3.400000 64 42 211.99
3.400000 64 43 -40.10
3.400000 64 44 -25.28
3.400000 64 45 98.04
3.400000 64 46 -36.41
3.400000 64 47 -178.13
3.400000 64 48 -235.00
3.400000 64 49 -209.70
3.400000 64 50 -11.98
3.400000 64 51 113.50
3.400000 64 52 220.74
3.400000 64 53 137.29
3.400000 64 54 98.97
3.400000 64 55 33.56
3.400000 64 56 -108.68
3.400000 64 57 -204.86
3.400000 64 58 -311.47
3.400000 64 59 -138.88
3.400000 64 60 -78.56
3.400000 64 61 -16.52
3.400000 64 62 -39.61
3.400000 64 63 -100.21
3.400000 64 64 -282.09
3.400000 64 65 -188.04
3.400000 64 66 -45.74
3.400000 64 67 -174.80
3.400000 64 68 -336.95
3.400000 64 69 -204.31
3.400000 64 70 36.26
3.400000 64 71 -122.24
3.400000 64 72 -375.87
3.400000 64 73 -425.35
3.400000 64 74 -408.28
3.400000 64 75 -622.69
3.400000 64 76 -564.32
3.400000 64 77 -512.35
3.400000 64 78 -238.02
3.400000 64 79 -419.49
3.400000 64 80 -468.90
3.400000 64 81 -275.52
3.400000 64 82 -358.33
3.400000 64 83 -414.15
3.400000 64 84 -356.59
3.400000 64 85 -376.72
3.400000 64 86 -259.58
3.400000 64 87 -277.80
3.400000 64 88 -429.56
3.400000 64 89 -578.07
3.400000 64 90 -682.94
3.400000 64 91 -673.75
3.400000 64 92 -776.13
3.400000 64 93 -649.72
3.400000 64 94 -362.92
3.400000 64 95 -354.77
3.400000 64 96 -600.02
3.400000 64 97 -674.74
3.400000 64 98 -795.30
3.400000 64 99 -804.54
3.400000 64 100 -1031.31
3.400000 64 101 -810.50
3.400000 64 102 -685.55
3.400000 64 103 -517.48
3.400000 64 104 -736.11
3.400000 64 105 -645.62
3.400000 64 106 -899.85
3.400000 64 107 -1118.36
3.400000 64 108 -1012.92
3.400000 64 109 -1121.89
3.400000 64 110 -1033.19
3.400000 64 111 -1096.67
3.400000 64 112 -859.04
3.400000 64 113 -907.39
3.400000 64 114 -1040.58
3.400000 64 115 -1016.63
3.400000 64 116 -1159.12
3.400000 64 117 -1185.37
3.400000 64 118 -1128.00
3.400000 64 119 -1062.51
3.400000 64 120 -921.78
3.400000 64 121 -789.94
3.400000 64 122 -847.83
3.400000 64 123 -716.22
3.400000 64 124 -824.80
3.400000 64 125 -869.97
3.400000 64 126 -1000.83
3.400000 64 127 -1019.78
3.400000 64 128 -955.76
3.400000 64 129 -911.99
3.400000 64 130 -987.44
3.400000 64 131 -999.49
3.400000 64 132 -908.15
3.400000 64 133 -1112.61
3.400000 64 134 -1089.28
3.400000 64 135 -1238.90
3.400000 64 136 -1184.43
3.400000 64 137 -1266.03
3.400000 64 138 -1209.14
3.400000 64 139 -1265.28
3.400000 64 140 -1399.27
3.400000 64 141 -1305.92
3.400000 64 142 -1250.96
3.400000 64 143 -1049.80
3.400000 64 144 -1173.96
3.400000 64 145 -1041.85
3.400000 64 146 -1057.46
3.400000 64 147 -1227.59
3.400000 64 148 -1362.34
3.400000 64 149 -1133.78
3.400000 64 150 -971.86
3.400000 64 151 -1046.68
3.400000 64 152 -1267.01
3.400000 64 153 -1346.54
3.400000 64 154 -1509.27
3.400000 64 155 -1517.04
3.400000 64 156 -1501.48
3.400000 64 157 -1457.93
3.400000 64 158 -1598.45
3.400000 64 159 -1657.05
3.400000 64 160 -1596.51
3.400000 64 161 -1689.17
3.400000 64 162 -1813.77
3.400000 64 163 -1865.21
3.400000 64 164 -2124.77
3.400000 64 165 -2263.27
3.400000 64 166 -2340.45
3.400000 64 167 -2253.26
3.400000 64 168 -2014.40
3.400000 64 169 -1819.48
3.400000 64 170 -1744.65
3.400000 64 171 -1576.91
3.400000 64 172 -1499.64
3.400000 64 173 -1458.76
3.400000 64 174 -1576.56
3.400000 64 175 -1830.36
3.400000 64 176 -1984.77
3.400000 64 177 -1997.99
3.400000 64 178 -1897.45
3.400000 64 179 -1582.36
3.400000 64 180 -1597.20
3.400000 64 181 -1514.49
3.400000 64 182 -1586.66
3.400000 64 183 -1491.45
3.400000 64 184 -1516.42
3.400000 64 185 -1585.89
3.400000 64 186 -1559.92
3.400000 64 187 -1586.33
3.400000 64 188 -1471.58
3.400000 64 189 -1304.29
3.400000 64 190 -1265.37
3.400000 64 191 -1288.69
3.400000 64 192 -1419.09
3.400000 64 193 -1198.65
3.400000 64 194 -1208.91
3.400000 64 195 -1201.87
3.400000 64 196 -1092.93
3.400000 64 197 -1030.41
3.400000 64 198 -1072.87
3.400000 64 199 -1303.83
