2.260000 16 0 1953.16
2.260000 16 1 1249.63
2.260000 16 2 828.25
2.260000 16 3 570.27
2.260000 16 4 419.91
2.260000 16 5 314.66
2.260000 16 6 244.80
2.260000 16 7 200.53
2.260000 16 8 165.77
2.260000 16 9 118.31
2.260000 16 10 85.35
2.260000 16 11 74.06
2.260000 16 12 61.64
2.260000 16 13 39.28
2.260000 16 14 29.87
2.260000 16 15 26.51
2.260000 16 16 35.55
2.260000 16 17 34.79
2.260000 16 18 27.25
2.260000 16 19 27.09
2.260000 16 20 10.89
2.260000 16 21 -3.51
2.260000 16 22  1.90
2.260000 16 23  4.98
2.260000 16 24 15.11
2.260000 16 25 41.01
2.260000 16 26 43.30
2.260000 16 27 36.07
2.260000 16 28 20.07
2.260000 16 29 20.30
2.260000 16 30 41.75
2.260000 16 31 31.06
2.260000 16 32 24.13
2.260000 16 33 30.72
2.260000 16 34 20.36
2.260000 16 35 40.30
2.260000 16 36 47.50
2.260000 16 37 35.99
2.260000 16 38 33.64
2.260000 16 39  7.67
2.260000 16 40  6.28
2.260000 16 41  7.12
2.260000 16 42  5.99
2.260000 16 43  7.43
2.260000 16 44 14.80
2.260000 16 45 18.79
2.260000 16 46 22.11
2.260000 16 47 34.58
2.260000 16 48 42.81
2.260000 16 49 55.79
2.260000 16 50 89.38
2.260000 16 51 84.85
2.260000 16 52 85.59
2.260000 16 53 89.00
2.260000 16 54 94.46
2.260000 16 55 91.69
2.260000 16 56 85.97
2.260000 16 57 79.64
2.260000 16 58 81.51
2.260000 16 59 88.37
2.260000 16 60 98.52
2.260000 16 61 105.12
2.260000 16 62 93.79
2.260000 16 63 102.23
2.260000 16 64 104.04
2.260000 16 65 90.28
2.260000 16 66 92.79
2.260000 16 67 95.76
2.260000 16 68 97.31
2.260000 16 69 87.62
2.260000 16 70 95.92
2.260000 16 71 93.73
2.260000 16 72 91.90
2.260000 16 73 94.72
2.260000 16 74 95.45
2.260000 16 75 99.18
2.260000 16 76 103.58
2.260000 16 77 121.32
2.260000 16 78 130.43
2.260000 16 79 151.38
2.260000 16 80 166.75
2.260000 16 81 153.80
2.260000 16 82 141.18
2.260000 16 83 142.95
2.260000 16 84 130.57
2.260000 16 85 116.55
2.260000 16 86 120.05
2.260000 16 87 129.38
2.260000 16 88 148.05
2.260000 16 89 161.57
2.260000 16 90 163.01
2.260000 16 91 169.68
2.260000 16 92 153.18
2.260000 16 93 150.37
2.260000 16 94 147.80
2.260000 16 95 163.68
2.260000 16 96 181.22
2.260000 16 97 199.67
2.260000 16 98 206.98
2.260000 16 99 198.67
2.260000 16 100 187.73
2.260000 16 101 179.43
2.260000 16 102 188.63
2.260000 16 103 195.62
2.260000 16 104 215.58
2.260000 16 105 234.98
2.260000 16 106 247.73
2.260000 16 107 232.68
2.260000 16 108 202.77
2.260000 16 109 177.78
2.260000 16 110 184.12
2.260000 16 111 184.88
2.260000 16 112 175.54
2.260000 16 113 182.03
2.260000 16 114 179.03
2.260000 16 115 176.02
2.260000 16 116 169.30
2.260000 16 117 168.21
2.260000 16 118 178.81
2.260000 16 119 174.88
2.260000 16 120 164.97
2.260000 16 121 168.20
2.260000 16 122 166.51
2.260000 16 123 141.06
2.260000 16 124 144.16
2.260000 16 125 124.82
2.260000 16 126 119.24
2.260000 16 127 103.30
2.260000 16 128 108.03
2.260000 16 129 117.58
2.260000 16 130 129.51
2.260000 16 131 134.96
2.260000 16 132 141.28
2.260000 16 133 125.90
2.260000 16 134 128.40
2.260000 16 135 154.47
2.260000 16 136 163.13
2.260000 16 137 176.87
2.260000 16 138 188.63
2.260000 16 139 193.18
2.260000 16 140 196.14
2.260000 16 141 180.05
2.260000 16 142 182.15
2.260000 16 143 173.48
2.260000 16 144 160.38
2.260000 16 145 138.75
2.260000 16 146 132.72
2.260000 16 147 152.04
2.260000 16 148 165.90
2.260000 16 149 165.87
2.260000 16 150 157.11
2.260000 16 151 178.60
2.260000 16 152 180.12
2.260000 16 153 207.45
2.260000 16 154 220.01
2.260000 16 155 215.14
2.260000 16 156 188.20
2.260000 16 157 172.62
2.260000 16 158 183.83
2.260000 16 159 206.75
2.260000 16 160 221.08
2.260000 16 161 232.40
2.260000 16 162 229.97
2.260000 16 163 215.17
2.260000 16 164 202.66
2.260000 16 165 193.36
2.260000 16 166 189.45
2.260000 16 167 201.86
2.260000 16 168 212.48
2.260000 16 169 201.89
2.260000 16 170 166.41
2.260000 16 171 136.32
2.260000 16 172 124.57
2.260000 16 173 136.36
2.260000 16 174 140.47
2.260000 16 175 140.80
2.260000 16 176 138.63
2.260000 16 177 123.31
2.260000 16 178 129.92
2.260000 16 179 140.14
2.260000 16 180 150.39
2.260000 16 181 160.72
2.260000 16 182 168.27
2.260000 16 183 181.01
2.260000 16 184 204.75
2.260000 16 185 213.05
2.260000 16 186 213.28
2.260000 16 187 206.01
2.260000 16 188 207.34
2.260000 16 189 200.15
2.260000 16 190 184.01
2.260000 16 191 168.41
2.260000 16 192 180.50
2.260000 16 193 168.12
2.260000 16 194 142.65
2.260000 16 195 139.13
2.260000 16 196 133.31
2.260000 16 197 122.85
2.260000 16 198 124.58
2.260000 16 199 117.73
