3.645000 24 0 13189.75
3.645000 24 1 9417.10
3.645000 24 2 6879.15
3.645000 24 3 5155.04
3.645000 24 4 3895.96
3.645000 24 5 2989.05
3.645000 24 6 2290.06
3.645000 24 7 1735.69
3.645000 24 8 1265.57
3.645000 24 9 937.91
3.645000 24 10 705.97
3.645000 24 11 547.19
3.645000 24 12 411.06
3.645000 24 13 343.37
3.645000 24 14 274.16
3.645000 24 15 211.55
3.645000 24 16 153.23
3.645000 24 17 112.31
3.645000 24 18 84.61
3.645000 24 19 81.15
3.645000 24 20 78.81
3.645000 24 21 58.37
3.645000 24 22 51.86
3.645000 24 23 60.82
3.645000 24 24 84.96
3.645000 24 25 94.54
3.645000 24 26 60.40
3.645000 24 27 -1.27
3.645000 24 28 -21.82
3.645000 24 29 -58.65
3.645000 24 30 -56.98
3.645000 24 31 -40.18
3.645000 24 32 -45.57
3.645000 24 33 -77.12
3.645000 24 34 -106.33
3.645000 24 35 -117.19
3.645000 24 36 -114.07
3.645000 24 37 -132.02
3.645000 24 38 -113.08
3.645000 24 39 -52.49
3.645000 24 40 -29.43
3.645000 24 41 13.01
3.645000 24 42 23.76
3.645000 24 43 45.25
3.645000 24 44 62.76
3.645000 24 45 53.22
3.645000 24 46 46.98
3.645000 24 47 38.47
3.645000 24 48 13.22
3.645000 24 49 34.66
3.645000 24 50 49.08
3.645000 24 51 58.45
3.645000 24 52 26.83
3.645000 24 53 13.83
3.645000 24 54 36.06
3.645000 24 55 44.54
3.645000 24 56 53.96
3.645000 24 57 103.97
3.645000 24 58 175.78
3.645000 24 59 210.37
3.645000 24 60 205.50
3.645000 24 61 208.40
3.645000 24 62 233.03
3.645000 24 63 220.26
3.645000 24 64 194.20
3.645000 24 65 175.00
3.645000 24 66 136.70
3.645000 24 67 100.65
3.645000 24 68 65.28
3.645000 24 69 61.25
3.645000 24 70 34.97
3.645000 24 71 35.91
3.645000 24 72 19.01
3.645000 24 73 -30.83
3.645000 24 74 -23.13
3.645000 24 75 -50.95
3.645000 24 76 -61.56
3.645000 24 77 -69.13
3.645000 24 78 -70.00
3.645000 24 79 -60.20
3.645000 24 80 -87.92
3.645000 24 81 -92.53
3.645000 24 82 -111.50
3.645000 24 83 -118.07
3.645000 24 84 -89.42
3.645000 24 85 -67.97
3.645000 24 86 -71.81
3.645000 24 87 -47.64
3.645000 24 88 -49.00
3.645000 24 89 -47.27
3.645000 24 90 -63.17
3.645000 24 91 -81.41
3.645000 24 92 -94.29
3.645000 24 93 -40.08
3.645000 24 94 27.09
3.645000 24 95 76.83
3.645000 24 96 99.36
3.645000 24 97 127.81
3.645000 24 98 172.43
3.645000 24 99 167.40
3.645000 24 100 169.51
3.645000 24 101 185.75
3.645000 24 102 185.51
3.645000 24 103 202.54
3.645000 24 104 208.43
3.645000 24 105 202.91
3.645000 24 106 184.87
3.645000 24 107 146.40
3.645000 24 108 140.16
3.645000 24 109 100.55
3.645000 24 110 82.40
3.645000 24 111 68.31
3.645000 24 112 48.55
3.645000 24 113 23.36
3.645000 24 114 -17.45
3.645000 24 115 -56.58
3.645000 24 116 -93.82
3.645000 24 117 -88.99
3.645000 24 118 -123.11
3.645000 24 119 -137.35
3.645000 24 120 -140.50
3.645000 24 121 -154.99
3.645000 24 122 -162.87
3.645000 24 123 -175.35
3.645000 24 124 -140.18
3.645000 24 125 -103.20
3.645000 24 126 -93.60
3.645000 24 127 -82.47
3.645000 24 128 -71.32
3.645000 24 129 -79.34
3.645000 24 130 -67.70
3.645000 24 131 -54.10
3.645000 24 132 -43.53
3.645000 24 133 -34.38
3.645000 24 134 -25.82
3.645000 24 135 -21.80
3.645000 24 136 -2.89
3.645000 24 137 -33.30
3.645000 24 138 -43.92
3.645000 24 139 -44.03
3.645000 24 140 -13.44
3.645000 24 141 21.66
3.645000 24 142 28.18
3.645000 24 143 14.95
3.645000 24 144 26.23
3.645000 24 145  6.31
3.645000 24 146  9.99
3.645000 24 147 29.08
3.645000 24 148 22.77
3.645000 24 149 -23.66
3.645000 24 150 -38.29
3.645000 24 151 -33.61
3.645000 24 152 11.58
3.645000 24 153 36.19
3.645000 24 154 51.93
3.645000 24 155 55.85
3.645000 24 156 25.49
3.645000 24 157 -12.92
3.645000 24 158 -32.42
3.645000 24 159 -25.68
3.645000 24 160 -41.59
3.645000 24 161 -81.39
3.645000 24 162 -61.91
3.645000 24 163 -65.32
3.645000 24 164 -52.67
3.645000 24 165 -47.39
3.645000 24 166 -45.06
3.645000 24 167 -66.15
3.645000 24 168 -47.60
3.645000 24 169 -20.23
3.645000 24 170 -35.27
3.645000 24 171 -73.29
3.645000 24 172 -88.27
3.645000 24 173 -100.32
3.645000 24 174 -124.31
3.645000 24 175 -137.62
3.645000 24 176 -151.31
3.645000 24 177 -164.03
3.645000 24 178 -191.35
3.645000 24 179 -171.18
3.645000 24 180 -175.63
3.645000 24 181 -190.63
3.645000 24 182 -165.06
3.645000 24 183 -126.60
3.645000 24 184 -116.96
3.645000 24 185 -85.85
3.645000 24 186 -86.29
3.645000 24 187 -103.32
3.645000 24 188 -79.68
3.645000 24 189 -58.33
3.645000 24 190 -21.67
3.645000 24 191  1.15
3.645000 24 192 59.12
3.645000 24 193 80.96
3.645000 24 194 88.30
3.645000 24 195 83.96
3.645000 24 196 90.07
3.645000 24 197 48.34
3.645000 24 198 67.86
3.645000 24 199 117.91
