2.262000 128 0 202198.74
2.262000 128 1 168363.21
2.262000 128 2 141591.35
2.262000 128 3 122692.63
2.262000 128 4 106163.88
2.262000 128 5 92051.75
2.262000 128 6 79300.38
2.262000 128 7 69039.71
2.262000 128 8 60868.31
2.262000 128 9 53136.18
2.262000 128 10 46586.32
2.262000 128 11 41168.27
2.262000 128 12 37020.86
2.262000 128 13 32383.67
2.262000 128 14 25348.64
2.262000 128 15 18437.08
2.262000 128 16 13246.12
2.262000 128 17 8232.62
2.262000 128 18 3728.04
2.262000 128 19 -868.43
2.262000 128 20 -3642.23
2.262000 128 21 -7267.27
2.262000 128 22 -9247.71
2.262000 128 23 -11286.80
2.262000 128 24 -13936.67
2.262000 128 25 -17825.46
2.262000 128 26 -20490.80
2.262000 128 27 -23326.35
2.262000 128 28 -25977.66
2.262000 128 29 -28473.29
2.262000 128 30 -32153.94
2.262000 128 31 -34301.46
2.262000 128 32 -36194.59
2.262000 128 33 -36346.07
2.262000 128 34 -34363.99
2.262000 128 35 -32498.99
2.262000 128 36 -29994.60
2.262000 128 37 -26687.65
2.262000 128 38 -23393.09
2.262000 128 39 -19440.35
2.262000 128 40 -16471.48
2.262000 128 41 -15008.64
2.262000 128 42 -15220.65
2.262000 128 43 -15220.16
2.262000 128 44 -17073.48
2.262000 128 45 -19306.74
2.262000 128 46 -19610.97
2.262000 128 47 -19937.02
2.262000 128 48 -21001.58
2.262000 128 49 -20857.01
2.262000 128 50 -23541.53
2.262000 128 51 -25997.41
2.262000 128 52 -27613.51
2.262000 128 53 -29323.24
2.262000 128 54 -29420.89
2.262000 128 55 -28532.03
2.262000 128 56 -27943.37
2.262000 128 57 -28381.34
2.262000 128 58 -28397.76
2.262000 128 59 -29721.09
2.262000 128 60 -30419.44
2.262000 128 61 -31145.24
2.262000 128 62 -30476.36
2.262000 128 63 -31342.78
2.262000 128 64 -32438.52
2.262000 128 65 -33395.58
2.262000 128 66 -35638.47
2.262000 128 67 -37242.95
2.262000 128 68 -41471.74
2.262000 128 69 -44879.89
2.262000 128 70 -48670.41
2.262000 128 71 -51573.13
2.262000 128 72 -54719.25
2.262000 128 73 -56175.03
2.262000 128 74 -55649.12
2.262000 128 75 -53840.47
2.262000 128 76 -52502.27
2.262000 128 77 -52145.47
2.262000 128 78 -51754.03
2.262000 128 79 -51125.09
2.262000 128 80 -50884.27
2.262000 128 81 -51935.80
2.262000 128 82 -52477.36
2.262000 128 83 -53932.13
2.262000 128 84 -53302.10
2.262000 128 85 -54082.70
2.262000 128 86 -53561.42
2.262000 128 87 -53771.43
2.262000 128 88 -56068.79
2.262000 128 89 -58570.29
2.262000 128 90 -60426.12
2.262000 128 91 -62249.10
2.262000 128 92 -64852.66
2.262000 128 93 -65632.23
2.262000 128 94 -67317.71
2.262000 128 95 -69148.46
2.262000 128 96 -70513.09
2.262000 128 97 -71496.79
2.262000 128 98 -72767.23
2.262000 128 99 -73368.28
2.262000 128 100 -74383.18
2.262000 128 101 -75611.06
2.262000 128 102 -75532.07
2.262000 128 103 -73363.69
2.262000 128 104 -72082.50
2.262000 128 105 -72180.31
2.262000 128 106 -73128.10
2.262000 128 107 -72519.60
2.262000 128 108 -72886.44
2.262000 128 109 -75844.11
2.262000 128 110 -78942.59
2.262000 128 111 -80165.67
2.262000 128 112 -82214.63
2.262000 128 113 -84274.95
2.262000 128 114 -83636.26
2.262000 128 115 -83610.81
2.262000 128 116 -83300.87
2.262000 128 117 -85444.88
2.262000 128 118 -88439.67
2.262000 128 119 -91715.25
2.262000 128 120 -93729.15
2.262000 128 121 -95573.39
2.262000 128 122 -97774.79
2.262000 128 123 -100902.42
2.262000 128 124 -103897.60
2.262000 128 125 -106618.57
2.262000 128 126 -109395.09
2.262000 128 127 -111367.29
2.262000 128 128 -115551.13
2.262000 128 129 -118833.67
2.262000 128 130 -121936.68
2.262000 128 131 -122978.73
2.262000 128 132 -126529.06
2.262000 128 133 -129332.36
2.262000 128 134 -132352.13
2.262000 128 135 -134893.34
2.262000 128 136 -137260.72
2.262000 128 137 -138348.58
2.262000 128 138 -141428.52
2.262000 128 139 -141545.18
2.262000 128 140 -140997.20
2.262000 128 141 -138484.23
2.262000 128 142 -135103.50
2.262000 128 143 -133962.32
2.262000 128 144 -135356.00
2.262000 128 145 -134932.45
2.262000 128 146 -133818.47
2.262000 128 147 -132592.80
2.262000 128 148 -131261.43
2.262000 128 149 -129803.00
2.262000 128 150 -128188.71
2.262000 128 151 -126799.41
2.262000 128 152 -124954.25
2.262000 128 153 -122766.47
2.262000 128 154 -121663.11
2.262000 128 155 -120703.02
2.262000 128 156 -119180.43
2.262000 128 157 -117141.11
2.262000 128 158 -114221.65
2.262000 128 159 -110515.88
2.262000 128 160 -107444.37
2.262000 128 161 -105743.28
2.262000 128 162 -104501.27
2.262000 128 163 -102765.43
2.262000 128 164 -100828.24
2.262000 128 165 -98435.54
2.262000 128 166 -98379.98
2.262000 128 167 -100690.21
2.262000 128 168 -102444.16
2.262000 128 169 -104097.01
2.262000 128 170 -104851.96
2.262000 128 171 -105155.46
2.262000 128 172 -105895.41
2.262000 128 173 -107273.38
2.262000 128 174 -108261.54
2.262000 128 175 -111304.04
2.262000 128 176 -112692.57
2.262000 128 177 -115486.71
2.262000 128 178 -116625.67
2.262000 128 179 -116833.33
2.262000 128 180 -116086.06
2.262000 128 181 -115500.28
2.262000 128 182 -115726.44
2.262000 128 183 -115131.91
2.262000 128 184 -113886.99
2.262000 128 185 -113814.13
2.262000 128 186 -113868.41
2.262000 128 187 -114487.14
2.262000 128 188 -115405.10
2.262000 128 189 -117981.49
2.262000 128 190 -119846.68
2.262000 128 191 -123217.38
2.262000 128 192 -124290.05
2.262000 128 193 -124466.22
2.262000 128 194 -125588.18
2.262000 128 195 -127308.36
2.262000 128 196 -129313.63
2.262000 128 197 -129178.13
2.262000 128 198 -128391.99
2.262000 128 199 -127183.05
