2.274000 256 0 963744.99
2.274000 256 1 882938.18
2.274000 256 2 812479.51
2.274000 256 3 742243.22
2.274000 256 4 679285.65
2.274000 256 5 619485.52
2.274000 256 6 562894.04
2.274000 256 7 507082.56
2.274000 256 8 455525.69
2.274000 256 9 406347.74
2.274000 256 10 372654.79
2.274000 256 11 340734.81
2.274000 256 12 297751.45
2.274000 256 13 254511.94
2.274000 256 14 210977.30
2.274000 256 15 177530.34
2.274000 256 16 143106.89
2.274000 256 17 107102.70
2.274000 256 18 71274.09
2.274000 256 19 37531.14
2.274000 256 20 18905.99
2.274000 256 21 3222.36
2.274000 256 22 -11616.49
2.274000 256 23 -28032.25
2.274000 256 24 -43881.17
2.274000 256 25 -58679.77
2.274000 256 26 -79590.65
2.274000 256 27 -99482.68
2.274000 256 28 -116175.33
2.274000 256 29 -136160.04
2.274000 256 30 -150081.49
2.274000 256 31 -163071.02
2.274000 256 32 -178005.67
2.274000 256 33 -192958.19
2.274000 256 34 -208836.35
2.274000 256 35 -224971.80
2.274000 256 36 -240661.26
2.274000 256 37 -261529.08
2.274000 256 38 -279492.85
2.274000 256 39 -297087.59
2.274000 256 40 -315601.08
2.274000 256 41 -335773.45
2.274000 256 42 -358363.97
2.274000 256 43 -379434.78
2.274000 256 44 -387186.87
2.274000 256 45 -395058.54
2.274000 256 46 -402361.49
2.274000 256 47 -414237.12
2.274000 256 48 -425976.54
2.274000 256 49 -433697.32
2.274000 256 50 -438362.38
2.274000 256 51 -446409.49
2.274000 256 52 -456128.86
2.274000 256 53 -469727.20
2.274000 256 54 -478729.91
2.274000 256 55 -479343.73
2.274000 256 56 -489286.60
2.274000 256 57 -507831.32
2.274000 256 58 -525642.24
2.274000 256 59 -540628.55
2.274000 256 60 -553683.66
2.274000 256 61 -562855.21
2.274000 256 62 -571059.57
2.274000 256 63 -579921.77
2.274000 256 64 -584351.55
2.274000 256 65 -589208.16
2.274000 256 66 -593043.94
2.274000 256 67 -592421.27
2.274000 256 68 -591900.21
2.274000 256 69 -586373.94
2.274000 256 70 -581344.10
2.274000 256 71 -569767.21
2.274000 256 72 -571927.16
2.274000 256 73 -571325.91
2.274000 256 74 -569904.98
2.274000 256 75 -567520.91
2.274000 256 76 -556060.23
2.274000 256 77 -542991.95
2.274000 256 78 -533108.75
2.274000 256 79 -519065.15
2.274000 256 80 -507973.10
2.274000 256 81 -500600.07
2.274000 256 82 -487237.33
2.274000 256 83 -476365.20
2.274000 256 84 -467510.33
2.274000 256 85 -460651.48
2.274000 256 86 -446279.14
2.274000 256 87 -437801.12
2.274000 256 88 -438359.62
2.274000 256 89 -432764.02
2.274000 256 90 -425922.62
2.274000 256 91 -411503.33
2.274000 256 92 -400663.31
2.274000 256 93 -392866.63
2.274000 256 94 -386073.24
2.274000 256 95 -379007.83
2.274000 256 96 -370812.77
2.274000 256 97 -373554.83
2.274000 256 98 -379579.45
2.274000 256 99 -382051.09
2.274000 256 100 -384310.23
2.274000 256 101 -387075.70
2.274000 256 102 -389935.39
2.274000 256 103 -391445.36
2.274000 256 104 -392915.95
2.274000 256 105 -395625.14
2.274000 256 106 -398462.70
2.274000 256 107 -402964.41
2.274000 256 108 -408792.86
2.274000 256 109 -415963.39
2.274000 256 110 -420064.66
2.274000 256 111 -426405.96
2.274000 256 112 -425931.31
2.274000 256 113 -426240.74
2.274000 256 114 -421036.81
2.274000 256 115 -425525.23
2.274000 256 116 -433671.08
2.274000 256 117 -439586.08
2.274000 256 118 -440400.25
2.274000 256 119 -440466.41
2.274000 256 120 -443069.29
2.274000 256 121 -446403.57
2.274000 256 122 -446051.60
2.274000 256 123 -445802.31
2.274000 256 124 -444331.59
2.274000 256 125 -442708.15
2.274000 256 126 -441952.29
2.274000 256 127 -439662.12
2.274000 256 128 -439401.93
2.274000 256 129 -439335.95
2.274000 256 130 -439114.96
2.274000 256 131 -438178.15
2.274000 256 132 -436970.48
2.274000 256 133 -437542.99
2.274000 256 134 -427456.17
2.274000 256 135 -420022.55
2.274000 256 136 -412758.75
2.274000 256 137 -406057.15
2.274000 256 138 -399030.54
2.274000 256 139 -395982.51
2.274000 256 140 -388488.69
2.274000 256 141 -381556.05
2.274000 256 142 -373442.84
2.274000 256 143 -363012.64
2.274000 256 144 -353729.99
2.274000 256 145 -340190.82
2.274000 256 146 -325833.84
2.274000 256 147 -313146.66
2.274000 256 148 -302908.46
2.274000 256 149 -291164.48
2.274000 256 150 -273858.39
2.274000 256 151 -260938.23
2.274000 256 152 -256115.17
2.274000 256 153 -245480.29
2.274000 256 154 -234108.73
2.274000 256 155 -222000.10
2.274000 256 156 -208919.80
2.274000 256 157 -195705.96
2.274000 256 158 -186869.99
2.274000 256 159 -182059.25
2.274000 256 160 -178250.69
2.274000 256 161 -174104.37
2.274000 256 162 -171650.35
2.274000 256 163 -160387.51
2.274000 256 164 -143884.03
2.274000 256 165 -130349.75
2.274000 256 166 -115091.84
2.274000 256 167 -95409.04
2.274000 256 168 -76835.01
2.274000 256 169 -61261.93
2.274000 256 170 -59396.47
2.274000 256 171 -59647.41
2.274000 256 172 -66092.73
2.274000 256 173 -64491.69
2.274000 256 174 -61225.21
2.274000 256 175 -71975.67
2.274000 256 176 -74641.81
2.274000 256 177 -73406.93
2.274000 256 178 -77105.45
2.274000 256 179 -80461.67
2.274000 256 180 -79802.79
2.274000 256 181 -74443.55
2.274000 256 182 -63204.97
2.274000 256 183 -47403.69
2.274000 256 184 -34483.42
2.274000 256 185 -22172.91
2.274000 256 186 -150.88
2.274000 256 187 24441.19
2.274000 256 188 45274.50
2.274000 256 189 67636.88
2.274000 256 190 94302.33
2.274000 256 191 120841.14
2.274000 256 192 146102.40
2.274000 256 193 170181.55
2.274000 256 194 194455.66
2.274000 256 195 218117.08
2.274000 256 196 249814.97
2.274000 256 197 288307.26
2.274000 256 198 327030.05
2.274000 256 199 365172.02
