3.652000 128 0 248994.34
3.652000 128 1 218656.53
3.652000 128 2 193086.85
3.652000 128 3 172571.42
3.652000 128 4 155385.65
3.652000 128 5 140124.68
3.652000 128 6 128372.93
3.652000 128 7 117074.85
3.652000 128 8 105711.37
3.652000 128 9 94139.46
3.652000 128 10 83080.20
3.652000 128 11 73911.53
3.652000 128 12 67280.28
3.652000 128 13 62456.73
3.652000 128 14 58807.00
3.652000 128 15 54309.12
3.652000 128 16 47595.89
3.652000 128 17 42872.86
3.652000 128 18 39843.84
3.652000 128 19 37777.30
3.652000 128 20 35514.42
3.652000 128 21 33863.36
3.652000 128 22 31813.85
3.652000 128 23 30290.18
3.652000 128 24 27217.49
3.652000 128 25 24857.89
3.652000 128 26 22753.12
3.652000 128 27 20304.91
3.652000 128 28 17992.01
3.652000 128 29 15743.22
3.652000 128 30 13482.15
3.652000 128 31 11438.66
3.652000 128 32 9758.03
3.652000 128 33 8273.02
3.652000 128 34 6129.13
3.652000 128 35 5341.39
3.652000 128 36 4487.47
3.652000 128 37 2799.38
3.652000 128 38 808.16
3.652000 128 39 1502.71
3.652000 128 40 2905.30
3.652000 128 41 2952.53
3.652000 128 42 2598.79
3.652000 128 43 2491.94
3.652000 128 44 1551.02
3.652000 128 45 1485.59
3.652000 128 46 2712.18
3.652000 128 47 3659.47
3.652000 128 48 5433.21
3.652000 128 49 7114.97
3.652000 128 50 8997.74
3.652000 128 51 10914.90
3.652000 128 52 13561.16
3.652000 128 53 14966.42
3.652000 128 54 16601.10
3.652000 128 55 18104.93
3.652000 128 56 20038.21
3.652000 128 57 20440.14
3.652000 128 58 21210.27
3.652000 128 59 21930.91
3.652000 128 60 21778.37
3.652000 128 61 23660.14
3.652000 128 62 24759.95
3.652000 128 63 25725.02
3.652000 128 64 26009.74
3.652000 128 65 26565.75
3.652000 128 66 27773.18
3.652000 128 67 28677.37
3.652000 128 68 29905.10
3.652000 128 69 31778.92
3.652000 128 70 35645.70
3.652000 128 71 37299.27
3.652000 128 72 37991.70
3.652000 128 73 38736.73
3.652000 128 74 38776.40
3.652000 128 75 38788.55
3.652000 128 76 39608.23
3.652000 128 77 40137.51
3.652000 128 78 40407.42
3.652000 128 79 40500.48
3.652000 128 80 41415.26
3.652000 128 81 41505.89
3.652000 128 82 41200.86
3.652000 128 83 41658.17
3.652000 128 84 40754.58
3.652000 128 85 42627.37
3.652000 128 86 42950.16
3.652000 128 87 43981.04
3.652000 128 88 45121.43
3.652000 128 89 45970.12
3.652000 128 90 46787.03
3.652000 128 91 48201.11
3.652000 128 92 50680.00
3.652000 128 93 52627.05
3.652000 128 94 52562.60
3.652000 128 95 53059.05
3.652000 128 96 54358.35
3.652000 128 97 57053.35
3.652000 128 98 58854.34
3.652000 128 99 59888.78
3.652000 128 100 60795.50
3.652000 128 101 60969.30
3.652000 128 102 60235.41
3.652000 128 103 59898.89
3.652000 128 104 58644.20
3.652000 128 105 57707.83
3.652000 128 106 56156.55
3.652000 128 107 53887.10
3.652000 128 108 51901.44
3.652000 128 109 49951.02
3.652000 128 110 48772.15
3.652000 128 111 48629.45
3.652000 128 112 48924.98
3.652000 128 113 49531.59
3.652000 128 114 49757.75
3.652000 128 115 48359.66
3.652000 128 116 47952.67
3.652000 128 117 47604.98
3.652000 128 118 47058.42
3.652000 128 119 46498.01
3.652000 128 120 47341.81
3.652000 128 121 47081.57
3.652000 128 122 46817.42
3.652000 128 123 47229.06
3.652000 128 124 47998.35
3.652000 128 125 48721.50
3.652000 128 126 48829.11
3.652000 128 127 47626.19
3.652000 128 128 48151.47
3.652000 128 129 49952.05
3.652000 128 130 50485.90
3.652000 128 131 50007.88
3.652000 128 132 49581.75
3.652000 128 133 51381.94
3.652000 128 134 53439.17
3.652000 128 135 56765.73
3.652000 128 136 59027.69
3.652000 128 137 62281.26
3.652000 128 138 63805.13
3.652000 128 139 63977.27
3.652000 128 140 64475.44
3.652000 128 141 63454.93
3.652000 128 142 61867.01
3.652000 128 143 60235.90
3.652000 128 144 58329.25
3.652000 128 145 56845.73
3.652000 128 146 55472.68
3.652000 128 147 54322.93
3.652000 128 148 54643.26
3.652000 128 149 52387.35
3.652000 128 150 52209.36
3.652000 128 151 53616.19
3.652000 128 152 55458.77
3.652000 128 153 56364.15
3.652000 128 154 58284.33
3.652000 128 155 60425.67
3.652000 128 156 62510.43
3.652000 128 157 63850.50
3.652000 128 158 64782.84
3.652000 128 159 66964.48
3.652000 128 160 68779.06
3.652000 128 161 70926.10
3.652000 128 162 73217.68
3.652000 128 163 75010.93
3.652000 128 164 76064.45
3.652000 128 165 78622.15
3.652000 128 166 80830.12
3.652000 128 167 83362.89
3.652000 128 168 85841.89
3.652000 128 169 87650.62
3.652000 128 170 89172.18
3.652000 128 171 91138.02
3.652000 128 172 92341.65
3.652000 128 173 92914.69
3.652000 128 174 92653.77
3.652000 128 175 92737.17
3.652000 128 176 92794.86
3.652000 128 177 94599.09
3.652000 128 178 94515.53
3.652000 128 179 95732.28
3.652000 128 180 96447.07
3.652000 128 181 97227.06
3.652000 128 182 97528.93
3.652000 128 183 97937.04
3.652000 128 184 99773.07
3.652000 128 185 100772.99
3.652000 128 186 101514.48
3.652000 128 187 102752.77
3.652000 128 188 104739.74
3.652000 128 189 106628.46
3.652000 128 190 108931.88
3.652000 128 191 109673.41
3.652000 128 192 107833.48
3.652000 128 193 106406.51
3.652000 128 194 106369.55
3.652000 128 195 106867.96
3.652000 128 196 107293.49
3.652000 128 197 105502.64
3.652000 128 198 103619.93
3.652000 128 199 102649.47
