3.645000 32 0 11575.04
3.645000 32 1 8747.72
3.645000 32 2 6709.00
3.645000 32 3 5206.65
3.645000 32 4 4083.05
3.645000 32 5 3207.52
3.645000 32 6 2483.98
3.645000 32 7 1960.36
3.645000 32 8 1603.93
3.645000 32 9 1347.93
3.645000 32 10 1031.19
3.645000 32 11 825.48
3.645000 32 12 588.60
3.645000 32 13 317.37
3.645000 32 14 106.49
3.645000 32 15 -90.16
3.645000 32 16 -196.08
3.645000 32 17 -237.27
3.645000 32 18 -251.51
3.645000 32 19 -291.09
3.645000 32 20 -397.10
3.645000 32 21 -412.58
3.645000 32 22 -557.73
3.645000 32 23 -731.53
3.645000 32 24 -826.15
3.645000 32 25 -944.03
3.645000 32 26 -947.79
3.645000 32 27 -1022.13
3.645000 32 28 -1101.00
3.645000 32 29 -1110.93
3.645000 32 30 -1166.34
3.645000 32 31 -1209.79
3.645000 32 32 -1266.73
3.645000 32 33 -1324.48
3.645000 32 34 -1382.60
3.645000 32 35 -1440.08
3.645000 32 36 -1436.28
3.645000 32 37 -1300.51
3.645000 32 38 -1099.88
3.645000 32 39 -991.91
3.645000 32 40 -978.36
3.645000 32 41 -991.75
3.645000 32 42 -969.31
3.645000 32 43 -883.23
3.645000 32 44 -878.16
3.645000 32 45 -783.08
3.645000 32 46 -615.35
3.645000 32 47 -483.51
3.645000 32 48 -459.26
3.645000 32 49 -519.16
3.645000 32 50 -578.54
3.645000 32 51 -658.32
3.645000 32 52 -657.08
3.645000 32 53 -677.20
3.645000 32 54 -631.88
3.645000 32 55 -662.48
3.645000 32 56 -689.73
3.645000 32 57 -696.38
3.645000 32 58 -626.12
3.645000 32 59 -580.06
3.645000 32 60 -515.21
3.645000 32 61 -389.44
3.645000 32 62 -300.42
3.645000 32 63 -309.70
3.645000 32 64 -367.67
3.645000 32 65 -385.73
3.645000 32 66 -340.09
3.645000 32 67 -288.77
3.645000 32 68 -341.90
3.645000 32 69 -456.99
3.645000 32 70 -624.25
3.645000 32 71 -695.59
3.645000 32 72 -801.54
3.645000 32 73 -891.31
3.645000 32 74 -903.06
3.645000 32 75 -889.87
3.645000 32 76 -897.31
3.645000 32 77 -876.02
3.645000 32 78 -950.51
3.645000 32 79 -944.42
3.645000 32 80 -963.04
3.645000 32 81 -994.77
3.645000 32 82 -937.71
3.645000 32 83 -804.25
3.645000 32 84 -775.13
3.645000 32 85 -694.19
3.645000 32 86 -650.08
3.645000 32 87 -638.02
3.645000 32 88 -695.42
3.645000 32 89 -764.21
3.645000 32 90 -808.04
3.645000 32 91 -825.82
3.645000 32 92 -794.02
3.645000 32 93 -783.14
3.645000 32 94 -796.59
3.645000 32 95 -737.73
3.645000 32 96 -687.62
3.645000 32 97 -577.89
3.645000 32 98 -444.20
3.645000 32 99 -479.25
3.645000 32 100 -500.50
3.645000 32 101 -580.01
3.645000 32 102 -519.38
3.645000 32 103 -540.34
3.645000 32 104 -413.70
3.645000 32 105 -353.11
3.645000 32 106 -279.56
3.645000 32 107 -223.88
3.645000 32 108 -169.27
3.645000 32 109 -83.07
3.645000 32 110 -134.45
3.645000 32 111 -180.43
3.645000 32 112 -182.74
3.645000 32 113 -192.92
3.645000 32 114 -189.25
3.645000 32 115 -229.61
3.645000 32 116 -282.25
3.645000 32 117 -319.76
3.645000 32 118 -381.75
3.645000 32 119 -551.76
3.645000 32 120 -826.39
3.645000 32 121 -953.16
3.645000 32 122 -1030.26
3.645000 32 123 -988.50
3.645000 32 124 -913.88
3.645000 32 125 -856.68
3.645000 32 126 -963.88
3.645000 32 127 -1021.05
3.645000 32 128 -1118.83
3.645000 32 129 -1115.17
3.645000 32 130 -1151.37
3.645000 32 131 -1169.22
3.645000 32 132 -1194.73
3.645000 32 133 -1078.94
3.645000 32 134 -1044.99
3.645000 32 135 -963.04
3.645000 32 136 -971.84
3.645000 32 137 -918.04
3.645000 32 138 -941.12
3.645000 32 139 -946.92
3.645000 32 140 -1044.09
3.645000 32 141 -1073.45
3.645000 32 142 -1135.24
3.645000 32 143 -1148.76
3.645000 32 144 -1232.35
3.645000 32 145 -1170.17
3.645000 32 146 -1142.52
3.645000 32 147 -1169.73
3.645000 32 148 -1245.23
3.645000 32 149 -1315.11
3.645000 32 150 -1340.17
3.645000 32 151 -1298.52
3.645000 32 152 -1304.61
3.645000 32 153 -1284.62
3.645000 32 154 -1284.95
3.645000 32 155 -1238.17
3.645000 32 156 -1261.93
3.645000 32 157 -1249.66
3.645000 32 158 -1258.74
3.645000 32 159 -1312.63
3.645000 32 160 -1258.79
3.645000 32 161 -1304.01
3.645000 32 162 -1270.46
3.645000 32 163 -1181.90
3.645000 32 164 -1005.63
3.645000 32 165 -790.47
3.645000 32 166 -685.80
3.645000 32 167 -619.99
3.645000 32 168 -524.75
3.645000 32 169 -550.97
3.645000 32 170 -673.31
3.645000 32 171 -788.87
3.645000 32 172 -755.07
3.645000 32 173 -793.12
3.645000 32 174 -834.21
3.645000 32 175 -875.62
3.645000 32 176 -964.60
3.645000 32 177 -1034.07
3.645000 32 178 -1165.56
3.645000 32 179 -1225.78
3.645000 32 180 -1305.51
3.645000 32 181 -1369.14
3.645000 32 182 -1294.01
3.645000 32 183 -1313.37
3.645000 32 184 -1320.28
3.645000 32 185 -1317.28
3.645000 32 186 -1255.73
3.645000 32 187 -1167.90
3.645000 32 188 -1120.50
3.645000 32 189 -1055.84
3.645000 32 190 -1094.50
3.645000 32 191 -1034.65
3.645000 32 192 -959.54
3.645000 32 193 -953.43
3.645000 32 194 -971.42
3.645000 32 195 -1017.25
3.645000 32 196 -1049.46
3.645000 32 197 -1026.85
3.645000 32 198 -1030.20
3.645000 32 199 -1018.47
