3.642000 128 0 567812.60
3.642000 128 1 492909.70
3.642000 128 2 432156.12
3.642000 128 3 380811.83
3.642000 128 4 336909.08
3.642000 128 5 299266.64
3.642000 128 6 266275.89
3.642000 128 7 238177.07
3.642000 128 8 212981.66
3.642000 128 9 191264.01
3.642000 128 10 171682.88
3.642000 128 11 153811.46
3.642000 128 12 138134.56
3.642000 128 13 123364.53
3.642000 128 14 109753.98
3.642000 128 15 98205.82
3.642000 128 16 88270.00
3.642000 128 17 79161.82
3.642000 128 18 70348.30
3.642000 128 19 63288.69
3.642000 128 20 57421.27
3.642000 128 21 52610.15
3.642000 128 22 47848.08
3.642000 128 23 43522.86
3.642000 128 24 38823.79
3.642000 128 25 33925.39
3.642000 128 26 29955.16
3.642000 128 27 26451.14
3.642000 128 28 23589.14
3.642000 128 29 20976.63
3.642000 128 30 18103.47
3.642000 128 31 15407.95
3.642000 128 32 13556.76
3.642000 128 33 12298.44
3.642000 128 34 11496.10
3.642000 128 35 10672.26
3.642000 128 36 9471.95
3.642000 128 37 8461.45
3.642000 128 38 7089.66
3.642000 128 39 6200.83
3.642000 128 40 5729.34
3.642000 128 41 5089.56
3.642000 128 42 4806.28
3.642000 128 43 4534.54
3.642000 128 44 3979.52
3.642000 128 45 2933.65
3.642000 128 46 2514.29
3.642000 128 47 2456.76
3.642000 128 48 2385.06
3.642000 128 49 2209.48
3.642000 128 50 1692.80
3.642000 128 51 1121.04
3.642000 128 52 834.04
3.642000 128 53 696.46
3.642000 128 54 555.29
3.642000 128 55 682.63
3.642000 128 56 1139.22
3.642000 128 57 1848.46
3.642000 128 58 3226.28
3.642000 128 59 4061.96
3.642000 128 60 5179.86
3.642000 128 61 5714.30
3.642000 128 62 6018.06
3.642000 128 63 6199.68
3.642000 128 64 5695.05
3.642000 128 65 5037.14
3.642000 128 66 3932.96
3.642000 128 67 3222.56
3.642000 128 68 2001.36
3.642000 128 69 1287.31
3.642000 128 70 1172.73
3.642000 128 71 -40.29
3.642000 128 72 -906.20
3.642000 128 73 -2057.63
3.642000 128 74 -3141.65
3.642000 128 75 -4281.80
3.642000 128 76 -5163.59
3.642000 128 77 -5613.94
3.642000 128 78 -6318.67
3.642000 128 79 -6353.22
3.642000 128 80 -6179.93
3.642000 128 81 -5682.28
3.642000 128 82 -5832.83
3.642000 128 83 -5606.59
3.642000 128 84 -5743.26
3.642000 128 85 -6353.70
3.642000 128 86 -6720.46
3.642000 128 87 -6925.49
3.642000 128 88 -7327.50
3.642000 128 89 -7423.56
3.642000 128 90 -8012.99
3.642000 128 91 -7904.76
3.642000 128 92 -8288.92
3.642000 128 93 -8491.51
3.642000 128 94 -8092.60
3.642000 128 95 -7784.87
3.642000 128 96 -7885.71
3.642000 128 97 -7925.70
3.642000 128 98 -8504.70
3.642000 128 99 -8596.45
3.642000 128 100 -8327.52
3.642000 128 101 -7888.93
3.642000 128 102 -6922.86
3.642000 128 103 -5761.69
3.642000 128 104 -4440.94
3.642000 128 105 -4134.91
3.642000 128 106 -3400.04
3.642000 128 107 -2604.64
3.642000 128 108 -2072.88
3.642000 128 109 -1910.27
3.642000 128 110 -1803.08
3.642000 128 111 -1901.88
3.642000 128 112 -1193.30
3.642000 128 113 -1711.17
3.642000 128 114 -1952.32
3.642000 128 115 -1422.58
3.642000 128 116 -1114.82
3.642000 128 117 -1276.72
3.642000 128 118 -1827.01
3.642000 128 119 -2440.54
3.642000 128 120 -2894.23
3.642000 128 121 -3540.08
3.642000 128 122 -3779.16
3.642000 128 123 -3778.80
3.642000 128 124 -3518.38
3.642000 128 125 -2510.97
3.642000 128 126 -2100.86
3.642000 128 127 -1701.39
3.642000 128 128 -767.01
3.642000 128 129 -264.94
3.642000 128 130 -987.97
3.642000 128 131 -1894.75
3.642000 128 132 -1712.77
3.642000 128 133 -1403.68
3.642000 128 134 -930.31
3.642000 128 135 -280.42
3.642000 128 136 -370.91
3.642000 128 137 12.35
3.642000 128 138 245.07
3.642000 128 139 -63.95
3.642000 128 140 319.08
3.642000 128 141 -12.10
3.642000 128 142 -259.30
3.642000 128 143 59.64
3.642000 128 144 369.23
3.642000 128 145 705.87
3.642000 128 146 1994.75
3.642000 128 147 3376.26
3.642000 128 148 5268.35
3.642000 128 149 6353.27
3.642000 128 150 6857.54
3.642000 128 151 7763.57
3.642000 128 152 8213.45
3.642000 128 153 8471.13
3.642000 128 154 8764.87
3.642000 128 155 9387.42
3.642000 128 156 10863.28
3.642000 128 157 10764.66
3.642000 128 158 10549.41
3.642000 128 159 10839.68
3.642000 128 160 11136.60
3.642000 128 161 10612.60
3.642000 128 162 10689.24
3.642000 128 163 10086.92
3.642000 128 164 9288.35
3.642000 128 165 8168.30
3.642000 128 166 7594.55
3.642000 128 167 7253.02
3.642000 128 168 7096.82
3.642000 128 169 6911.31
3.642000 128 170 6852.84
3.642000 128 171 6335.25
3.642000 128 172 6316.48
3.642000 128 173 6852.78
3.642000 128 174 6506.96
3.642000 128 175 6962.75
3.642000 128 176 7324.63
3.642000 128 177 7064.05
3.642000 128 178 6499.49
3.642000 128 179 5888.91
3.642000 128 180 6426.51
3.642000 128 181 7259.18
3.642000 128 182 7494.71
3.642000 128 183 7641.52
3.642000 128 184 7741.20
3.642000 128 185 7448.98
3.642000 128 186 8273.48
3.642000 128 187 8969.82
3.642000 128 188 9230.93
3.642000 128 189 8999.35
3.642000 128 190 9510.96
3.642000 128 191 10242.78
3.642000 128 192 11566.83
3.642000 128 193 12010.07
3.642000 128 194 12135.76
3.642000 128 195 12558.92
3.642000 128 196 13444.13
3.642000 128 197 13592.99
3.642000 128 198 13359.84
3.642000 128 199 12758.65
