2.280000 128 0 229964.32
2.280000 128 1 210050.60
2.280000 128 2 192282.48
2.280000 128 3 177065.20
2.280000 128 4 161725.97
2.280000 128 5 148924.81
2.280000 128 6 137694.32
2.280000 128 7 126831.17
2.280000 128 8 116891.61
2.280000 128 9 106261.05
2.280000 128 10 95766.24
2.280000 128 11 86697.70
2.280000 128 12 78068.93
2.280000 128 13 71138.55
2.280000 128 14 66203.71
2.280000 128 15 61877.75
2.280000 128 16 57907.72
2.280000 128 17 54204.84
2.280000 128 18 51361.03
2.280000 128 19 49096.00
2.280000 128 20 45625.34
2.280000 128 21 43128.26
2.280000 128 22 40932.58
2.280000 128 23 39300.60
2.280000 128 24 35955.82
2.280000 128 25 33083.66
2.280000 128 26 30069.53
2.280000 128 27 26831.36
2.280000 128 28 24256.05
2.280000 128 29 21576.97
2.280000 128 30 20309.83
2.280000 128 31 18568.61
2.280000 128 32 17280.51
2.280000 128 33 16251.03
2.280000 128 34 14996.06
2.280000 128 35 14742.46
2.280000 128 36 13690.37
2.280000 128 37 13248.83
2.280000 128 38 11946.38
2.280000 128 39 10611.48
2.280000 128 40 8436.00
2.280000 128 41 6208.97
2.280000 128 42 5142.22
2.280000 128 43 3184.74
2.280000 128 44 1028.05
2.280000 128 45 -1439.23
2.280000 128 46 -2858.43
2.280000 128 47 -4373.21
2.280000 128 48 -5379.24
2.280000 128 49 -5860.55
2.280000 128 50 -6008.69
2.280000 128 51 -7430.57
2.280000 128 52 -8338.58
2.280000 128 53 -9057.60
2.280000 128 54 -10200.01
2.280000 128 55 -10114.95
2.280000 128 56 -10338.00
2.280000 128 57 -10484.16
2.280000 128 58 -10565.49
2.280000 128 59 -10747.42
2.280000 128 60 -11594.91
2.280000 128 61 -12653.88
2.280000 128 62 -13581.73
2.280000 128 63 -14767.25
2.280000 128 64 -16440.23
2.280000 128 65 -17597.07
2.280000 128 66 -18904.44
2.280000 128 67 -21002.94
2.280000 128 68 -23167.70
2.280000 128 69 -25199.88
2.280000 128 70 -26882.02
2.280000 128 71 -28310.39
2.280000 128 72 -29533.90
2.280000 128 73 -30374.40
2.280000 128 74 -31368.15
2.280000 128 75 -31510.80
2.280000 128 76 -30308.09
2.280000 128 77 -27574.30
2.280000 128 78 -24362.23
2.280000 128 79 -21978.24
2.280000 128 80 -18644.02
2.280000 128 81 -16064.81
2.280000 128 82 -13628.62
2.280000 128 83 -12724.06
2.280000 128 84 -11535.14
2.280000 128 85 -11091.38
2.280000 128 86 -10609.55
2.280000 128 87 -10120.89
2.280000 128 88 -10808.60
2.280000 128 89 -12003.33
2.280000 128 90 -11748.16
2.280000 128 91 -10594.00
2.280000 128 92 -9811.58
2.280000 128 93 -9161.68
2.280000 128 94 -8921.19
2.280000 128 95 -9477.26
2.280000 128 96 -8765.64
2.280000 128 97 -8438.25
2.280000 128 98 -9021.65
2.280000 128 99 -10514.98
2.280000 128 100 -12133.51
2.280000 128 101 -13423.56
2.280000 128 102 -14054.91
2.280000 128 103 -14898.81
2.280000 128 104 -15512.23
2.280000 128 105 -15351.46
2.280000 128 106 -15056.95
2.280000 128 107 -16209.66
2.280000 128 108 -17316.35
2.280000 128 109 -18570.10
2.280000 128 110 -20325.89
2.280000 128 111 -21752.68
2.280000 128 112 -23542.44
2.280000 128 113 -25517.81
2.280000 128 114 -26931.44
2.280000 128 115 -28941.84
2.280000 128 116 -32401.93
2.280000 128 117 -35538.73
2.280000 128 118 -38199.15
2.280000 128 119 -39571.43
2.280000 128 120 -40224.62
2.280000 128 121 -41699.87
2.280000 128 122 -43460.66
2.280000 128 123 -45957.86
2.280000 128 124 -48816.43
2.280000 128 125 -52143.67
2.280000 128 126 -55049.38
2.280000 128 127 -57110.36
2.280000 128 128 -59181.75
2.280000 128 129 -60895.91
2.280000 128 130 -62656.10
2.280000 128 131 -65203.57
2.280000 128 132 -67327.39
2.280000 128 133 -69506.89
2.280000 128 134 -70917.66
2.280000 128 135 -72877.27
2.280000 128 136 -74603.37
2.280000 128 137 -76055.59
2.280000 128 138 -77966.43
2.280000 128 139 -79706.82
2.280000 128 140 -81209.92
2.280000 128 141 -83313.78
2.280000 128 142 -85528.98
2.280000 128 143 -86042.82
2.280000 128 144 -86674.78
2.280000 128 145 -89104.23
2.280000 128 146 -91688.34
2.280000 128 147 -93042.24
2.280000 128 148 -94579.79
2.280000 128 149 -95087.71
2.280000 128 150 -95326.94
2.280000 128 151 -96642.59
2.280000 128 152 -96473.78
2.280000 128 153 -96560.29
2.280000 128 154 -98640.19
2.280000 128 155 -100811.97
2.280000 128 156 -103191.22
2.280000 128 157 -105349.90
2.280000 128 158 -106711.39
2.280000 128 159 -108167.99
2.280000 128 160 -109884.60
2.280000 128 161 -111508.98
2.280000 128 162 -114329.32
2.280000 128 163 -117592.81
2.280000 128 164 -119818.74
2.280000 128 165 -122058.52
2.280000 128 166 -124079.62
2.280000 128 167 -126853.99
2.280000 128 168 -129922.19
2.280000 128 169 -132506.03
2.280000 128 170 -134897.98
2.280000 128 171 -136282.87
2.280000 128 172 -137159.48
2.280000 128 173 -137658.81
2.280000 128 174 -136985.70
2.280000 128 175 -136492.05
2.280000 128 176 -136835.66
2.280000 128 177 -137625.47
2.280000 128 178 -138074.98
2.280000 128 179 -138546.56
2.280000 128 180 -138063.90
2.280000 128 181 -137677.07
2.280000 128 182 -136194.16
2.280000 128 183 -134160.27
2.280000 128 184 -132133.93
2.280000 128 185 -128594.48
2.280000 128 186 -126057.21
2.280000 128 187 -124320.75
2.280000 128 188 -121658.54
2.280000 128 189 -118741.51
2.280000 128 190 -116002.56
2.280000 128 191 -114070.49
2.280000 128 192 -112036.62
2.280000 128 193 -110917.29
2.280000 128 194 -110199.85
2.280000 128 195 -110462.68
2.280000 128 196 -112532.33
2.280000 128 197 -115051.97
2.280000 128 198 -117028.26
2.280000 128 199 -118108.53
