2.261000 256 0 899718.85
2.261000 256 1 752190.24
2.261000 256 2 638104.52
2.261000 256 3 548299.35
2.261000 256 4 473171.11
2.261000 256 5 408566.90
2.261000 256 6 351457.34
2.261000 256 7 310212.12
2.261000 256 8 276920.20
2.261000 256 9 250226.57
2.261000 256 10 234270.89
2.261000 256 11 216061.70
2.261000 256 12 194815.08
2.261000 256 13 186661.92
2.261000 256 14 182370.60
2.261000 256 15 178253.83
2.261000 256 16 171591.59
2.261000 256 17 176530.02
2.261000 256 18 174227.71
2.261000 256 19 175728.26
2.261000 256 20 192964.44
2.261000 256 21 219322.02
2.261000 256 22 243521.20
2.261000 256 23 264348.94
2.261000 256 24 290132.20
2.261000 256 25 299606.66
2.261000 256 26 306074.05
2.261000 256 27 314862.20
2.261000 256 28 330968.34
2.261000 256 29 340743.22
2.261000 256 30 336235.01
2.261000 256 31 336483.13
2.261000 256 32 340996.61
2.261000 256 33 352865.13
2.261000 256 34 361555.90
2.261000 256 35 375383.57
2.261000 256 36 387950.26
2.261000 256 37 398415.08
2.261000 256 38 411334.56
2.261000 256 39 419551.40
2.261000 256 40 429588.93
2.261000 256 41 438461.54
2.261000 256 42 444817.07
2.261000 256 43 457713.78
2.261000 256 44 460476.40
2.261000 256 45 468132.63
2.261000 256 46 467955.30
2.261000 256 47 473162.68
2.261000 256 48 479029.50
2.261000 256 49 493122.81
2.261000 256 50 515829.11
2.261000 256 51 536319.73
2.261000 256 52 560032.78
2.261000 256 53 574589.21
2.261000 256 54 575639.22
2.261000 256 55 564897.58
2.261000 256 56 558132.32
2.261000 256 57 559093.03
2.261000 256 58 559308.61
2.261000 256 59 557217.80
2.261000 256 60 553179.40
2.261000 256 61 554996.12
2.261000 256 62 546036.57
2.261000 256 63 533275.21
2.261000 256 64 516438.24
2.261000 256 65 509224.69
2.261000 256 66 502529.72
2.261000 256 67 487169.82
2.261000 256 68 484916.18
2.261000 256 69 475632.93
2.261000 256 70 471593.93
2.261000 256 71 469683.47
2.261000 256 72 467543.98
2.261000 256 73 461259.82
2.261000 256 74 454917.76
2.261000 256 75 454416.46
2.261000 256 76 454304.47
2.261000 256 77 457319.48
2.261000 256 78 458526.00
2.261000 256 79 468048.06
2.261000 256 80 478389.33
2.261000 256 81 491625.71
2.261000 256 82 495472.07
2.261000 256 83 500908.18
2.261000 256 84 502883.42
2.261000 256 85 500239.30
2.261000 256 86 490854.94
2.261000 256 87 488645.34
2.261000 256 88 483861.84
2.261000 256 89 489421.49
2.261000 256 90 499317.96
2.261000 256 91 506597.26
2.261000 256 92 519775.18
2.261000 256 93 531673.82
2.261000 256 94 531885.57
2.261000 256 95 535062.25
2.261000 256 96 537186.89
2.261000 256 97 544969.97
2.261000 256 98 543808.86
2.261000 256 99 555236.11
2.261000 256 100 560421.75
2.261000 256 101 564417.82
2.261000 256 102 571944.61
2.261000 256 103 568686.22
2.261000 256 104 578286.60
2.261000 256 105 579223.25
2.261000 256 106 582910.75
2.261000 256 107 578114.65
2.261000 256 108 579468.80
2.261000 256 109 584609.93
2.261000 256 110 596304.57
2.261000 256 111 607155.39
2.261000 256 112 618296.82
2.261000 256 113 629871.07
2.261000 256 114 657004.61
2.261000 256 115 686474.48
2.261000 256 116 706402.39
2.261000 256 117 728807.38
2.261000 256 118 735985.79
2.261000 256 119 729862.12
2.261000 256 120 727457.80
2.261000 256 121 735809.34
2.261000 256 122 744104.89
2.261000 256 123 761479.93
2.261000 256 124 782175.59
2.261000 256 125 797234.93
2.261000 256 126 811624.45
2.261000 256 127 841595.53
2.261000 256 128 860445.88
2.261000 256 129 872402.40
2.261000 256 130 885010.44
2.261000 256 131 900034.32
2.261000 256 132 913125.57
2.261000 256 133 932693.38
2.261000 256 134 960243.93
2.261000 256 135 990061.15
2.261000 256 136 1018450.25
2.261000 256 137 1045694.80
2.261000 256 138 1068588.91
2.261000 256 139 1083837.63
2.261000 256 140 1105680.50
2.261000 256 141 1132534.32
2.261000 256 142 1149791.59
2.261000 256 143 1197122.56
2.261000 256 144 1235722.38
2.261000 256 145 1274599.18
2.261000 256 146 1302854.47
2.261000 256 147 1328050.90
2.261000 256 148 1346058.87
2.261000 256 149 1366722.03
2.261000 256 150 1375131.07
2.261000 256 151 1381801.01
2.261000 256 152 1387955.51
2.261000 256 153 1402058.76
2.261000 256 154 1418140.08
2.261000 256 155 1416853.70
2.261000 256 156 1412797.54
2.261000 256 157 1409072.89
2.261000 256 158 1415530.35
2.261000 256 159 1424558.01
2.261000 256 160 1436968.11
2.261000 256 161 1442183.58
2.261000 256 162 1449468.89
2.261000 256 163 1427624.27
2.261000 256 164 1413355.65
2.261000 256 165 1386856.91
2.261000 256 166 1356746.14
2.261000 256 167 1330788.06
2.261000 256 168 1324995.22
2.261000 256 169 1279604.27
2.261000 256 170 1247042.06
2.261000 256 171 1248957.28
2.261000 256 172 1243703.13
2.261000 256 173 1233723.75
2.261000 256 174 1220432.29
2.261000 256 175 1203390.97
2.261000 256 176 1181029.76
2.261000 256 177 1152525.96
2.261000 256 178 1124011.87
2.261000 256 179 1094439.68
2.261000 256 180 1081636.01
2.261000 256 181 1066979.65
2.261000 256 182 1058611.80
2.261000 256 183 1050909.84
2.261000 256 184 1042577.14
2.261000 256 185 1039519.47
2.261000 256 186 1033401.43
2.261000 256 187 1027226.18
2.261000 256 188 1034850.36
2.261000 256 189 1026017.79
2.261000 256 190 1012252.59
2.261000 256 191 997817.14
2.261000 256 192 981208.76
2.261000 256 193 974499.98
2.261000 256 194 974590.46
2.261000 256 195 986357.59
2.261000 256 196 990285.61
2.261000 256 197 986659.60
2.261000 256 198 981420.58
2.261000 256 199 973481.50
