3.650000 48 0 63978.21
3.650000 48 1 51207.57
3.650000 48 2 41641.86
3.650000 48 3 34308.88
3.650000 48 4 28393.16
3.650000 48 5 23603.55
3.650000 48 6 19669.90
3.650000 48 7 16452.06
3.650000 48 8 13826.95
3.650000 48 9 11611.82
3.650000 48 10 9812.79
3.650000 48 11 8432.94
3.650000 48 12 7212.92
3.650000 48 13 6246.52
3.650000 48 14 5427.84
3.650000 48 15 4679.39
3.650000 48 16 3933.25
3.650000 48 17 3390.15
3.650000 48 18 2903.88
3.650000 48 19 2575.41
3.650000 48 20 2273.53
3.650000 48 21 1880.86
3.650000 48 22 1504.64
3.650000 48 23 1205.60
3.650000 48 24 1015.06
3.650000 48 25 887.56
3.650000 48 26 857.57
3.650000 48 27 851.95
3.650000 48 28 782.52
3.650000 48 29 638.92
3.650000 48 30 513.82
3.650000 48 31 281.37
3.650000 48 32 93.68
3.650000 48 33 -110.94
3.650000 48 34 -333.53
3.650000 48 35 -573.87
3.650000 48 36 -754.23
3.650000 48 37 -845.12
3.650000 48 38 -838.53
3.650000 48 39 -794.40
3.650000 48 40 -669.70
3.650000 48 41 -621.50
3.650000 48 42 -663.48
3.650000 48 43 -611.24
3.650000 48 44 -507.50
3.650000 48 45 -465.85
3.650000 48 46 -376.73
3.650000 48 47 -411.03
3.650000 48 48 -516.58
3.650000 48 49 -607.01
3.650000 48 50 -612.48
3.650000 48 51 -544.25
3.650000 48 52 -538.78
3.650000 48 53 -552.73
3.650000 48 54 -662.48
3.650000 48 55 -756.76
3.650000 48 56 -801.57
3.650000 48 57 -750.32
3.650000 48 58 -766.01
3.650000 48 59 -822.06
3.650000 48 60 -885.49
3.650000 48 61 -908.29
3.650000 48 62 -960.59
3.650000 48 63 -1105.89
3.650000 48 64 -1188.01
3.650000 48 65 -1244.52
3.650000 48 66 -1295.01
3.650000 48 67 -1372.54
3.650000 48 68 -1415.55
3.650000 48 69 -1343.37
3.650000 48 70 -1324.40
3.650000 48 71 -1193.55
3.650000 48 72 -1147.86
3.650000 48 73 -1090.34
3.650000 48 74 -1115.73
3.650000 48 75 -1115.35
3.650000 48 76 -1202.04
3.650000 48 77 -1303.24
3.650000 48 78 -1339.60
3.650000 48 79 -1332.70
3.650000 48 80 -1254.97
3.650000 48 81 -1285.91
3.650000 48 82 -1363.23
3.650000 48 83 -1300.88
3.650000 48 84 -1122.53
3.650000 48 85 -1137.45
3.650000 48 86 -1261.57
3.650000 48 87 -1259.73
3.650000 48 88 -1284.30
3.650000 48 89 -1156.60
3.650000 48 90 -1057.77
3.650000 48 91 -1024.50
3.650000 48 92 -1012.94
3.650000 48 93 -996.79
3.650000 48 94 -994.55
3.650000 48 95 -938.03
3.650000 48 96 -967.10
3.650000 48 97 -975.81
3.650000 48 98 -905.18
3.650000 48 99 -882.04
3.650000 48 100 -869.33
3.650000 48 101 -869.09
3.650000 48 102 -914.36
3.650000 48 103 -913.54
3.650000 48 104 -996.58
3.650000 48 105 -1091.38
3.650000 48 106 -1263.18
3.650000 48 107 -1313.39
3.650000 48 108 -1265.60
3.650000 48 109 -1149.17
3.650000 48 110 -1117.07
3.650000 48 111 -1138.76
3.650000 48 112 -1149.89
3.650000 48 113 -1214.85
3.650000 48 114 -1321.08
3.650000 48 115 -1444.10
3.650000 48 116 -1518.03
3.650000 48 117 -1617.15
3.650000 48 118 -1592.12
3.650000 48 119 -1660.83
3.650000 48 120 -1616.66
3.650000 48 121 -1559.22
3.650000 48 122 -1511.61
3.650000 48 123 -1450.40
3.650000 48 124 -1393.95
3.650000 48 125 -1230.17
3.650000 48 126 -1181.67
3.650000 48 127 -1088.19
3.650000 48 128 -1157.55
3.650000 48 129 -1222.45
3.650000 48 130 -1316.33
3.650000 48 131 -1239.86
3.650000 48 132 -1252.89
3.650000 48 133 -1246.66
3.650000 48 134 -1269.68
3.650000 48 135 -1341.60
3.650000 48 136 -1412.72
3.650000 48 137 -1347.22
3.650000 48 138 -1331.57
3.650000 48 139 -1398.41
3.650000 48 140 -1554.20
3.650000 48 141 -1831.53
3.650000 48 142 -2022.72
3.650000 48 143 -2149.55
3.650000 48 144 -2231.74
3.650000 48 145 -2359.62
3.650000 48 146 -2438.32
3.650000 48 147 -2459.50
3.650000 48 148 -2369.71
3.650000 48 149 -2132.51
3.650000 48 150 -1947.98
3.650000 48 151 -1800.11
3.650000 48 152 -1652.76
3.650000 48 153 -1583.42
3.650000 48 154 -1530.63
3.650000 48 155 -1456.05
3.650000 48 156 -1432.68
3.650000 48 157 -1371.73
3.650000 48 158 -1349.72
3.650000 48 159 -1362.42
3.650000 48 160 -1361.39
3.650000 48 161 -1216.85
3.650000 48 162 -1053.93
3.650000 48 163 -1042.41
3.650000 48 164 -1010.87
3.650000 48 165 -1022.38
3.650000 48 166 -910.79
3.650000 48 167 -887.45
3.650000 48 168 -1001.00
3.650000 48 169 -1151.77
3.650000 48 170 -1251.83
3.650000 48 171 -1388.17
3.650000 48 172 -1475.12
3.650000 48 173 -1449.12
3.650000 48 174 -1328.58
3.650000 48 175 -1294.06
3.650000 48 176 -1193.48
3.650000 48 177 -1018.33
3.650000 48 178 -907.99
3.650000 48 179 -809.92
3.650000 48 180 -755.40
3.650000 48 181 -750.28
3.650000 48 182 -799.78
3.650000 48 183 -880.83
3.650000 48 184 -868.88
3.650000 48 185 -836.76
3.650000 48 186 -687.66
3.650000 48 187 -718.71
3.650000 48 188 -711.86
3.650000 48 189 -736.77
3.650000 48 190 -684.33
3.650000 48 191 -604.06
3.650000 48 192 -535.93
3.650000 48 193 -601.12
3.650000 48 194 -623.27
3.650000 48 195 -625.77
3.650000 48 196 -696.33
3.650000 48 197 -807.55
3.650000 48 198 -883.99
3.650000 48 199 -878.17
