2.160000 256 0 357060.90
2.160000 256 1 197961.00
2.160000 256 2 115490.22
2.160000 256 3 66988.48
2.160000 256 4 37362.93
2.160000 256 5 36077.41
2.160000 256 6 53401.75
2.160000 256 7 70359.62
2.160000 256 8 84780.36
2.160000 256 9 82166.23
2.160000 256 10 86092.12
2.160000 256 11 88766.08
2.160000 256 12 90737.46
2.160000 256 13 92584.68
2.160000 256 14 96749.16
2.160000 256 15 107390.07
2.160000 256 16 113794.91
2.160000 256 17 108415.52
2.160000 256 18 104320.61
2.160000 256 19 115199.39
2.160000 256 20 116229.88
2.160000 256 21 126320.12
2.160000 256 22 131782.23
2.160000 256 23 142347.89
2.160000 256 24 156166.19
2.160000 256 25 169823.55
2.160000 256 26 172740.94
2.160000 256 27 189210.86
2.160000 256 28 212924.28
2.160000 256 29 231422.23
2.160000 256 30 264244.58
2.160000 256 31 292941.48
2.160000 256 32 315394.26
2.160000 256 33 317225.97
2.160000 256 34 322297.58
2.160000 256 35 318199.68
2.160000 256 36 320443.13
2.160000 256 37 310269.33
2.160000 256 38 305611.09
2.160000 256 39 307526.72
2.160000 256 40 323351.74
2.160000 256 41 317517.66
2.160000 256 42 317008.68
2.160000 256 43 324382.32
2.160000 256 44 318314.94
2.160000 256 45 307524.22
2.160000 256 46 307838.44
2.160000 256 47 308756.83
2.160000 256 48 319748.78
2.160000 256 49 314179.00
2.160000 256 50 309753.14
2.160000 256 51 303286.44
2.160000 256 52 308795.99
2.160000 256 53 311120.88
2.160000 256 54 330436.79
2.160000 256 55 324496.53
2.160000 256 56 328256.60
2.160000 256 57 337158.53
2.160000 256 58 337814.34
2.160000 256 59 332144.20
2.160000 256 60 337987.07
2.160000 256 61 342580.02
2.160000 256 62 345067.37
2.160000 256 63 346094.75
2.160000 256 64 339073.47
2.160000 256 65 333829.40
2.160000 256 66 317619.14
2.160000 256 67 298969.46
2.160000 256 68 295010.03
2.160000 256 69 293352.67
2.160000 256 70 286356.96
2.160000 256 71 282887.12
2.160000 256 72 279003.31
2.160000 256 73 277939.72
2.160000 256 74 278790.89
2.160000 256 75 275824.87
2.160000 256 76 274183.65
2.160000 256 77 279978.37
2.160000 256 78 284214.04
2.160000 256 79 280350.89
2.160000 256 80 279243.08
2.160000 256 81 276036.41
2.160000 256 82 277296.97
2.160000 256 83 277499.64
2.160000 256 84 268601.98
2.160000 256 85 261362.29
2.160000 256 86 251639.46
2.160000 256 87 247025.74
2.160000 256 88 245506.46
2.160000 256 89 243577.43
2.160000 256 90 240779.39
2.160000 256 91 230257.55
2.160000 256 92 218312.34
2.160000 256 93 211388.75
2.160000 256 94 221194.73
2.160000 256 95 219317.80
2.160000 256 96 208788.37
2.160000 256 97 190465.79
2.160000 256 98 181305.08
2.160000 256 99 176725.39
2.160000 256 100 172130.18
2.160000 256 101 163220.49
2.160000 256 102 172259.48
2.160000 256 103 165197.26
2.160000 256 104 159053.07
2.160000 256 105 150149.98
2.160000 256 106 140816.14
2.160000 256 107 108039.64
2.160000 256 108 90224.61
2.160000 256 109 91368.44
2.160000 256 110 88786.76
2.160000 256 111 74400.66
2.160000 256 112 71762.36
2.160000 256 113 52513.73
2.160000 256 114 53384.91
2.160000 256 115 55037.35
2.160000 256 116 47968.47
2.160000 256 117 52065.74
2.160000 256 118 51020.94
2.160000 256 119 46789.99
2.160000 256 120 37566.55
2.160000 256 121 49361.27
2.160000 256 122 41550.65
2.160000 256 123 36381.95
2.160000 256 124 33592.19
2.160000 256 125 24931.14
2.160000 256 126 25415.57
2.160000 256 127 27003.07
2.160000 256 128 22523.51
2.160000 256 129 15454.35
2.160000 256 130 12372.12
2.160000 256 131 10647.35
2.160000 256 132 -1808.99
2.160000 256 133 -7053.34
2.160000 256 134 -876.90
2.160000 256 135 7723.80
2.160000 256 136 -818.63
2.160000 256 137 -13024.58
2.160000 256 138 -54.02
2.160000 256 139 18748.85
2.160000 256 140 18231.37
2.160000 256 141 27363.74
2.160000 256 142 37644.70
2.160000 256 143 47906.90
2.160000 256 144 61270.09
2.160000 256 145 71491.03
2.160000 256 146 75637.17
2.160000 256 147 74426.06
2.160000 256 148 65528.95
2.160000 256 149 67985.55
2.160000 256 150 69755.38
2.160000 256 151 64072.11
2.160000 256 152 51206.10
2.160000 256 153 66048.94
2.160000 256 154 76646.26
2.160000 256 155 73491.38
2.160000 256 156 84999.12
2.160000 256 157 93046.33
2.160000 256 158 102173.47
2.160000 256 159 108436.17
2.160000 256 160 119947.75
2.160000 256 161 119136.49
2.160000 256 162 123332.45
2.160000 256 163 120736.37
2.160000 256 164 125058.73
2.160000 256 165 114405.84
2.160000 256 166 104819.14
2.160000 256 167 107507.10
2.160000 256 168 120833.48
2.160000 256 169 130882.00
2.160000 256 170 150697.02
2.160000 256 171 165665.98
2.160000 256 172 179449.91
2.160000 256 173 186685.89
2.160000 256 174 204834.33
2.160000 256 175 217633.80
2.160000 256 176 221657.78
2.160000 256 177 219620.01
2.160000 256 178 232872.86
2.160000 256 179 228796.32
2.160000 256 180 219831.22
2.160000 256 181 227278.12
2.160000 256 182 249100.04
2.160000 256 183 264869.02
2.160000 256 184 268463.55
2.160000 256 185 271752.37
2.160000 256 186 275356.03
2.160000 256 187 272028.51
2.160000 256 188 268575.72
2.160000 256 189 266267.25
2.160000 256 190 271478.75
2.160000 256 191 278853.57
2.160000 256 192 287850.64
2.160000 256 193 298699.88
2.160000 256 194 291416.60
2.160000 256 195 286246.61
2.160000 256 196 279487.36
2.160000 256 197 292988.25
2.160000 256 198 295577.24
2.160000 256 199 295888.67
