2.245000 32 0 8532.55
2.245000 32 1 5912.96
2.245000 32 2 4208.84
2.245000 32 3 2987.74
2.245000 32 4 2078.72
2.245000 32 5 1402.89
2.245000 32 6 927.20
2.245000 32 7 616.30
2.245000 32 8 400.26
2.245000 32 9 281.26
2.245000 32 10 150.53
2.245000 32 11 97.56
2.245000 32 12 43.85
2.245000 32 13 -47.29
2.245000 32 14 -67.10
2.245000 32 15 -148.02
2.245000 32 16 -86.60
2.245000 32 17 -66.62
2.245000 32 18 -78.08
2.245000 32 19 -43.37
2.245000 32 20 -30.53
2.245000 32 21 -49.75
2.245000 32 22 -80.17
2.245000 32 23 -26.63
2.245000 32 24 58.87
2.245000 32 25 102.05
2.245000 32 26 85.46
2.245000 32 27 47.17
2.245000 32 28 94.40
2.245000 32 29 112.86
2.245000 32 30 99.00
2.245000 32 31 23.27
2.245000 32 32 37.53
2.245000 32 33 75.04
2.245000 32 34 64.30
2.245000 32 35 66.54
2.245000 32 36 -39.96
2.245000 32 37 -131.83
2.245000 32 38 -212.40
2.245000 32 39 -275.84
2.245000 32 40 -383.11
2.245000 32 41 -492.90
2.245000 32 42 -537.62
2.245000 32 43 -564.78
2.245000 32 44 -455.14
2.245000 32 45 -506.42
2.245000 32 46 -533.01
2.245000 32 47 -510.55
2.245000 32 48 -462.26
2.245000 32 49 -434.76
2.245000 32 50 -439.20
2.245000 32 51 -347.88
2.245000 32 52 -207.85
2.245000 32 53 -75.68
2.245000 32 54 -40.50
2.245000 32 55 -76.62
2.245000 32 56 -51.49
2.245000 32 57 -39.18
2.245000 32 58 -43.29
2.245000 32 59 -41.67
2.245000 32 60 -57.30
2.245000 32 61 -51.43
2.245000 32 62 -130.44
2.245000 32 63 -188.57
2.245000 32 64 -194.04
2.245000 32 65 -183.03
2.245000 32 66 -243.91
2.245000 32 67 -278.31
2.245000 32 68 -257.53
2.245000 32 69 -159.74
2.245000 32 70 -188.43
2.245000 32 71 -231.35
2.245000 32 72 -208.35
2.245000 32 73 -183.89
2.245000 32 74 -243.54
2.245000 32 75 -343.87
2.245000 32 76 -464.05
2.245000 32 77 -525.68
2.245000 32 78 -542.55
2.245000 32 79 -467.57
2.245000 32 80 -387.73
2.245000 32 81 -358.06
2.245000 32 82 -355.23
2.245000 32 83 -373.90
2.245000 32 84 -435.59
2.245000 32 85 -479.22
2.245000 32 86 -441.77
2.245000 32 87 -347.37
2.245000 32 88 -252.88
2.245000 32 89 -217.79
2.245000 32 90 -236.46
2.245000 32 91 -252.94
2.245000 32 92 -192.19
2.245000 32 93 -138.92
2.245000 32 94 -137.04
2.245000 32 95 -228.45
2.245000 32 96 -313.73
2.245000 32 97 -310.62
2.245000 32 98 -335.54
2.245000 32 99 -362.77
2.245000 32 100 -344.85
2.245000 32 101 -337.38
2.245000 32 102 -415.86
2.245000 32 103 -370.06
2.245000 32 104 -375.51
2.245000 32 105 -287.51
2.245000 32 106 -257.94
2.245000 32 107 -300.45
2.245000 32 108 -323.83
2.245000 32 109 -412.10
2.245000 32 110 -530.13
2.245000 32 111 -560.30
2.245000 32 112 -590.56
2.245000 32 113 -591.44
2.245000 32 114 -630.14
2.245000 32 115 -610.12
2.245000 32 116 -628.33
2.245000 32 117 -589.87
2.245000 32 118 -604.65
2.245000 32 119 -638.34
2.245000 32 120 -700.17
2.245000 32 121 -747.97
2.245000 32 122 -742.95
2.245000 32 123 -711.05
2.245000 32 124 -731.70
2.245000 32 125 -714.07
2.245000 32 126 -716.37
2.245000 32 127 -647.98
2.245000 32 128 -653.59
2.245000 32 129 -651.96
2.245000 32 130 -558.05
2.245000 32 131 -496.36
2.245000 32 132 -438.05
2.245000 32 133 -386.54
2.245000 32 134 -309.41
2.245000 32 135 -299.10
2.245000 32 136 -344.80
2.245000 32 137 -477.25
2.245000 32 138 -514.52
2.245000 32 139 -565.25
2.245000 32 140 -566.75
2.245000 32 141 -547.67
2.245000 32 142 -561.74
2.245000 32 143 -579.80
2.245000 32 144 -602.87
2.245000 32 145 -666.59
2.245000 32 146 -709.06
2.245000 32 147 -777.57
2.245000 32 148 -846.45
2.245000 32 149 -793.45
2.245000 32 150 -679.72
2.245000 32 151 -565.68
2.245000 32 152 -485.83
2.245000 32 153 -429.03
2.245000 32 154 -432.74
2.245000 32 155 -429.83
2.245000 32 156 -410.86
2.245000 32 157 -363.13
2.245000 32 158 -416.08
2.245000 32 159 -434.10
2.245000 32 160 -421.25
2.245000 32 161 -438.37
2.245000 32 162 -443.77
2.245000 32 163 -531.99
2.245000 32 164 -600.67
2.245000 32 165 -608.39
2.245000 32 166 -584.82
2.245000 32 167 -551.23
2.245000 32 168 -524.59
2.245000 32 169 -469.76
2.245000 32 170 -424.65
2.245000 32 171 -383.48
2.245000 32 172 -364.40
2.245000 32 173 -379.28
2.245000 32 174 -327.23
2.245000 32 175 -275.96
2.245000 32 176 -263.67
2.245000 32 177 -291.54
2.245000 32 178 -408.82
2.245000 32 179 -490.64
2.245000 32 180 -558.36
2.245000 32 181 -551.29
2.245000 32 182 -505.65
2.245000 32 183 -508.34
2.245000 32 184 -530.64
2.245000 32 185 -512.16
2.245000 32 186 -453.14
2.245000 32 187 -448.31
2.245000 32 188 -445.15
2.245000 32 189 -454.62
2.245000 32 190 -450.91
2.245000 32 191 -508.49
2.245000 32 192 -557.71
2.245000 32 193 -542.11
2.245000 32 194 -455.51
2.245000 32 195 -466.14
2.245000 32 196 -401.02
2.245000 32 197 -464.84
2.245000 32 198 -437.81
2.245000 32 199 -489.92
