2.265000 32 0 9625.40
2.265000 32 1 7126.27
2.265000 32 2 5448.90
2.265000 32 3 4237.47
2.265000 32 4 3323.16
2.265000 32 5 2701.17
2.265000 32 6 2156.03
2.265000 32 7 1767.13
2.265000 32 8 1435.74
2.265000 32 9 1270.33
2.265000 32 10 1083.99
2.265000 32 11 883.75
2.265000 32 12 784.23
2.265000 32 13 700.60
2.265000 32 14 623.08
2.265000 32 15 553.35
2.265000 32 16 440.70
2.265000 32 17 377.71
2.265000 32 18 283.69
2.265000 32 19 216.68
2.265000 32 20 176.56
2.265000 32 21 163.89
2.265000 32 22 198.46
2.265000 32 23 187.21
2.265000 32 24 190.15
2.265000 32 25 161.03
2.265000 32 26 85.57
2.265000 32 27 39.20
2.265000 32 28 -48.18
2.265000 32 29 44.89
2.265000 32 30 73.32
2.265000 32 31 16.34
2.265000 32 32  1.27
2.265000 32 33 51.78
2.265000 32 34 188.99
2.265000 32 35 192.96
2.265000 32 36 203.44
2.265000 32 37 225.31
2.265000 32 38 214.29
2.265000 32 39 139.75
2.265000 32 40 90.71
2.265000 32 41 111.04
2.265000 32 42 161.03
2.265000 32 43 298.07
2.265000 32 44 398.33
2.265000 32 45 464.44
2.265000 32 46 523.07
2.265000 32 47 544.80
2.265000 32 48 568.21
2.265000 32 49 588.18
2.265000 32 50 521.26
2.265000 32 51 475.82
2.265000 32 52 411.65
2.265000 32 53 336.63
2.265000 32 54 184.28
2.265000 32 55 34.02
2.265000 32 56  6.79
2.265000 32 57 31.27
2.265000 32 58 34.03
2.265000 32 59 -49.14
2.265000 32 60 -55.18
2.265000 32 61 -141.47
2.265000 32 62 -191.96
2.265000 32 63 -218.05
2.265000 32 64 -191.32
2.265000 32 65 -109.20
2.265000 32 66 -13.15
2.265000 32 67 69.55
2.265000 32 68 122.28
2.265000 32 69 109.43
2.265000 32 70 56.83
2.265000 32 71 25.29
2.265000 32 72 20.80
2.265000 32 73 58.98
2.265000 32 74 33.53
2.265000 32 75 22.50
2.265000 32 76 -2.98
2.265000 32 77 -0.07
2.265000 32 78 54.35
2.265000 32 79 112.93
2.265000 32 80 111.91
2.265000 32 81 103.89
2.265000 32 82 191.21
2.265000 32 83 245.32
2.265000 32 84 309.56
2.265000 32 85 366.95
2.265000 32 86 453.12
2.265000 32 87 518.15
2.265000 32 88 568.16
2.265000 32 89 560.13
2.265000 32 90 636.27
2.265000 32 91 763.50
2.265000 32 92 883.26
2.265000 32 93 914.75
2.265000 32 94 940.44
2.265000 32 95 1038.74
2.265000 32 96 1092.42
2.265000 32 97 1079.25
2.265000 32 98 1059.51
2.265000 32 99 1040.04
2.265000 32 100 1015.86
2.265000 32 101 986.27
2.265000 32 102 921.12
2.265000 32 103 861.45
2.265000 32 104 786.95
2.265000 32 105 738.73
2.265000 32 106 688.80
2.265000 32 107 694.20
2.265000 32 108 749.11
2.265000 32 109 809.78
2.265000 32 110 801.56
2.265000 32 111 768.53
2.265000 32 112 824.47
2.265000 32 113 848.90
2.265000 32 114 935.45
2.265000 32 115 991.56
2.265000 32 116 977.15
2.265000 32 117 954.53
2.265000 32 118 968.43
2.265000 32 119 878.04
2.265000 32 120 831.86
2.265000 32 121 789.37
2.265000 32 122 821.65
2.265000 32 123 889.83
2.265000 32 124 902.48
2.265000 32 125 879.31
2.265000 32 126 887.08
2.265000 32 127 870.65
2.265000 32 128 849.91
2.265000 32 129 863.51
2.265000 32 130 939.56
2.265000 32 131 992.42
2.265000 32 132 1003.55
2.265000 32 133 996.10
2.265000 32 134 1022.72
2.265000 32 135 987.74
2.265000 32 136 955.60
2.265000 32 137 1038.21
2.265000 32 138 1043.41
2.265000 32 139 1065.60
2.265000 32 140 1032.92
2.265000 32 141 1023.55
2.265000 32 142 1020.50
2.265000 32 143 983.60
2.265000 32 144 926.55
2.265000 32 145 767.31
2.265000 32 146 734.89
2.265000 32 147 790.00
2.265000 32 148 854.81
2.265000 32 149 841.64
2.265000 32 150 856.83
2.265000 32 151 854.89
2.265000 32 152 803.46
2.265000 32 153 740.63
2.265000 32 154 734.99
2.265000 32 155 725.70
2.265000 32 156 716.18
2.265000 32 157 782.72
2.265000 32 158 789.42
2.265000 32 159 825.48
2.265000 32 160 902.49
2.265000 32 161 920.28
2.265000 32 162 927.54
2.265000 32 163 939.16
2.265000 32 164 965.36
2.265000 32 165 966.40
2.265000 32 166 1013.35
2.265000 32 167 1149.82
2.265000 32 168 1146.76
2.265000 32 169 1156.58
2.265000 32 170 1260.16
2.265000 32 171 1303.98
2.265000 32 172 1339.58
2.265000 32 173 1430.04
2.265000 32 174 1471.14
2.265000 32 175 1575.35
2.265000 32 176 1687.83
2.265000 32 177 1758.89
2.265000 32 178 1800.80
2.265000 32 179 1787.75
2.265000 32 180 1725.27
2.265000 32 181 1747.76
2.265000 32 182 1779.29
2.265000 32 183 1785.27
2.265000 32 184 1795.83
2.265000 32 185 1793.38
2.265000 32 186 1892.08
2.265000 32 187 1986.95
2.265000 32 188 2076.35
2.265000 32 189 2157.23
2.265000 32 190 2141.62
2.265000 32 191 2114.58
2.265000 32 192 1992.51
2.265000 32 193 1873.99
2.265000 32 194 1861.19
2.265000 32 195 1833.07
2.265000 32 196 1772.22
2.265000 32 197 1734.73
2.265000 32 198 1567.52
2.265000 32 199 1446.89
