3.580000 48 0 22455.87
3.580000 48 1 15522.24
3.580000 48 2 10928.87
3.580000 48 3 7827.20
3.580000 48 4 5563.71
3.580000 48 5 3803.20
3.580000 48 6 2614.49
3.580000 48 7 1659.06
3.580000 48 8 743.51
3.580000 48 9 255.91
3.580000 48 10 -234.59
3.580000 48 11 -533.17
3.580000 48 12 -800.96
3.580000 48 13 -1013.77
3.580000 48 14 -984.39
3.580000 48 15 -848.46
3.580000 48 16 -928.44
3.580000 48 17 -1008.03
3.580000 48 18 -1049.20
3.580000 48 19 -1033.94
3.580000 48 20 -977.20
3.580000 48 21 -922.26
3.580000 48 22 -946.97
3.580000 48 23 -861.84
3.580000 48 24 -750.11
3.580000 48 25 -514.57
3.580000 48 26 -281.89
3.580000 48 27 -487.91
3.580000 48 28 -402.55
3.580000 48 29 -130.29
3.580000 48 30 -138.30
3.580000 48 31 94.94
3.580000 48 32 219.92
3.580000 48 33 276.46
3.580000 48 34 131.00
3.580000 48 35 74.25
3.580000 48 36 37.97
3.580000 48 37 37.35
3.580000 48 38 -81.85
3.580000 48 39 -242.17
3.580000 48 40 -540.55
3.580000 48 41 -790.43
3.580000 48 42 -748.18
3.580000 48 43 -608.59
3.580000 48 44 -435.33
3.580000 48 45 -610.34
3.580000 48 46 -813.48
3.580000 48 47 -1065.94
3.580000 48 48 -1268.82
3.580000 48 49 -1168.70
3.580000 48 50 -1187.10
3.580000 48 51 -1043.23
3.580000 48 52 -1020.03
3.580000 48 53 -767.45
3.580000 48 54 -549.36
3.580000 48 55 -550.32
3.580000 48 56 -606.93
3.580000 48 57 -757.59
3.580000 48 58 -672.50
3.580000 48 59 -555.46
3.580000 48 60 -380.21
3.580000 48 61 -384.30
3.580000 48 62 -407.03
3.580000 48 63 -334.01
3.580000 48 64 -392.67
3.580000 48 65 -391.53
3.580000 48 66 -670.01
3.580000 48 67 -755.28
3.580000 48 68 -760.42
3.580000 48 69 -696.35
3.580000 48 70 -511.59
3.580000 48 71 -627.59
3.580000 48 72 -837.55
3.580000 48 73 -663.72
3.580000 48 74 -703.26
3.580000 48 75 -424.59
3.580000 48 76 -369.44
3.580000 48 77 -461.15
3.580000 48 78 -540.90
3.580000 48 79 -530.17
3.580000 48 80 -413.52
3.580000 48 81 -345.58
3.580000 48 82 -530.22
3.580000 48 83 -587.11
3.580000 48 84 -852.28
3.580000 48 85 -929.24
3.580000 48 86 -1030.66
3.580000 48 87 -1038.43
3.580000 48 88 -1106.47
3.580000 48 89 -1222.17
3.580000 48 90 -1245.34
3.580000 48 91 -1224.36
3.580000 48 92 -1155.96
3.580000 48 93 -1242.66
3.580000 48 94 -1166.58
3.580000 48 95 -1132.15
3.580000 48 96 -1149.46
3.580000 48 97 -1259.33
3.580000 48 98 -1265.57
3.580000 48 99 -1201.41
3.580000 48 100 -1136.23
3.580000 48 101 -1183.50
3.580000 48 102 -1205.47
3.580000 48 103 -1279.71
3.580000 48 104 -1222.10
3.580000 48 105 -903.49
3.580000 48 106 -926.23
3.580000 48 107 -811.14
3.580000 48 108 -509.20
3.580000 48 109 -459.84
3.580000 48 110 -398.05
3.580000 48 111 -492.11
3.580000 48 112 -464.69
3.580000 48 113 -462.10
3.580000 48 114 -428.30
3.580000 48 115 -567.57
3.580000 48 116 -569.73
3.580000 48 117 -785.35
3.580000 48 118 -660.93
3.580000 48 119 -760.71
3.580000 48 120 -692.83
3.580000 48 121 -796.37
3.580000 48 122 -1121.44
3.580000 48 123 -1370.57
3.580000 48 124 -1404.66
3.580000 48 125 -1340.97
3.580000 48 126 -1507.86
3.580000 48 127 -1688.87
3.580000 48 128 -1629.87
3.580000 48 129 -1676.22
3.580000 48 130 -1810.60
3.580000 48 131 -1821.53
3.580000 48 132 -1725.72
3.580000 48 133 -1458.55
3.580000 48 134 -1354.66
3.580000 48 135 -1283.09
3.580000 48 136 -1080.20
3.580000 48 137 -999.43
3.580000 48 138 -957.56
3.580000 48 139 -1175.65
3.580000 48 140 -1408.12
3.580000 48 141 -1609.38
3.580000 48 142 -1657.38
3.580000 48 143 -1577.51
3.580000 48 144 -1700.71
3.580000 48 145 -1731.18
3.580000 48 146 -1811.08
3.580000 48 147 -1808.75
3.580000 48 148 -2046.46
3.580000 48 149 -2060.70
3.580000 48 150 -2152.60
3.580000 48 151 -2303.91
3.580000 48 152 -2282.09
3.580000 48 153 -2256.98
3.580000 48 154 -2115.34
3.580000 48 155 -1982.92
3.580000 48 156 -2080.94
3.580000 48 157 -2228.71
3.580000 48 158 -2269.67
3.580000 48 159 -2264.44
3.580000 48 160 -2228.62
3.580000 48 161 -2243.28
3.580000 48 162 -2319.27
3.580000 48 163 -2171.45
3.580000 48 164 -1920.74
3.580000 48 165 -1772.66
3.580000 48 166 -1697.78
3.580000 48 167 -1687.49
3.580000 48 168 -1480.78
3.580000 48 169 -1274.53
3.580000 48 170 -1413.38
3.580000 48 171 -1664.97
3.580000 48 172 -1707.79
3.580000 48 173 -1918.04
3.580000 48 174 -1993.98
3.580000 48 175 -1982.93
3.580000 48 176 -2291.83
3.580000 48 177 -2254.75
3.580000 48 178 -2143.46
3.580000 48 179 -2046.56
3.580000 48 180 -1996.71
3.580000 48 181 -1812.06
3.580000 48 182 -1572.21
3.580000 48 183 -1206.24
3.580000 48 184 -660.99
3.580000 48 185 -518.05
3.580000 48 186 -156.03
3.580000 48 187 149.97
3.580000 48 188 300.86
3.580000 48 189 351.67
3.580000 48 190 303.41
3.580000 48 191 210.64
3.580000 48 192 -136.80
3.580000 48 193 -142.99
3.580000 48 194 -24.08
3.580000 48 195 -34.22
3.580000 48 196 -200.48
3.580000 48 197 -190.94
3.580000 48 198 13.16
3.580000 48 199 212.28
