3.740000 128 0 351116.37
3.740000 128 1 342227.17
3.740000 128 2 333720.30
3.740000 128 3 325608.91
3.740000 128 4 317864.20
3.740000 128 5 310424.89
3.740000 128 6 303256.39
3.740000 128 7 296245.14
3.740000 128 8 289405.97
3.740000 128 9 282769.91
3.740000 128 10 276660.01
3.740000 128 11 270830.19
3.740000 128 12 265126.17
3.740000 128 13 259475.57
3.740000 128 14 253891.70
3.740000 128 15 248552.33
3.740000 128 16 243351.18
3.740000 128 17 238253.97
3.740000 128 18 233321.19
3.740000 128 19 228634.56
3.740000 128 20 224194.72
3.740000 128 21 220007.13
3.740000 128 22 215877.06
3.740000 128 23 211863.98
3.740000 128 24 208021.81
3.740000 128 25 204283.42
3.740000 128 26 200669.66
3.740000 128 27 197076.94
3.740000 128 28 193708.97
3.740000 128 29 190438.41
3.740000 128 30 187228.71
3.740000 128 31 184099.76
3.740000 128 32 180929.83
3.740000 128 33 177924.12
3.740000 128 34 174955.64
3.740000 128 35 172046.44
3.740000 128 36 169244.11
3.740000 128 37 166461.00
3.740000 128 38 163712.10
3.740000 128 39 161063.71
3.740000 128 40 158501.23
3.740000 128 41 155983.15
3.740000 128 42 153401.83
3.740000 128 43 151014.12
3.740000 128 44 148520.10
3.740000 128 45 146112.69
3.740000 128 46 143696.62
3.740000 128 47 141244.39
3.740000 128 48 138953.15
3.740000 128 49 136742.30
3.740000 128 50 134590.31
3.740000 128 51 132514.67
3.740000 128 52 130561.63
3.740000 128 53 128648.11
3.740000 128 54 126858.28
3.740000 128 55 125199.48
3.740000 128 56 123588.74
3.740000 128 57 122057.20
3.740000 128 58 120561.82
3.740000 128 59 118998.89
3.740000 128 60 117414.96
3.740000 128 61 116014.27
3.740000 128 62 114755.27
3.740000 128 63 113623.07
3.740000 128 64 112569.80
3.740000 128 65 111593.16
3.740000 128 66 110641.26
3.740000 128 67 109778.27
3.740000 128 68 108925.23
3.740000 128 69 108166.69
3.740000 128 70 107501.25
3.740000 128 71 106899.67
3.740000 128 72 106299.52
3.740000 128 73 105711.40
3.740000 128 74 105221.59
3.740000 128 75 104798.79
3.740000 128 76 104318.29
3.740000 128 77 103932.76
3.740000 128 78 103638.61
3.740000 128 79 103271.67
3.740000 128 80 102961.65
3.740000 128 81 102716.50
3.740000 128 82 102389.86
3.740000 128 83 102099.06
3.740000 128 84 101801.95
3.740000 128 85 101551.27
3.740000 128 86 101347.94
3.740000 128 87 101115.84
3.740000 128 88 100820.28
3.740000 128 89 100463.72
3.740000 128 90 100157.54
3.740000 128 91 99851.78
3.740000 128 92 99578.12
3.740000 128 93 99397.88
3.740000 128 94 99200.06
3.740000 128 95 99009.85
3.740000 128 96 98854.40
3.740000 128 97 98714.01
3.740000 128 98 98465.71
3.740000 128 99 98341.50
3.740000 128 100 98275.97
3.740000 128 101 98120.05
3.740000 128 102 97962.15
3.740000 128 103 97830.60
3.740000 128 104 97810.32
3.740000 128 105 97633.10
3.740000 128 106 97417.33
3.740000 128 107 97344.55
3.740000 128 108 97299.77
3.740000 128 109 97396.99
3.740000 128 110 97582.08
3.740000 128 111 97825.47
3.740000 128 112 98024.36
3.740000 128 113 98187.40
3.740000 128 114 98268.77
3.740000 128 115 98365.37
3.740000 128 116 98474.07
3.740000 128 117 98570.37
3.740000 128 118 98564.59
3.740000 128 119 98466.93
3.740000 128 120 98286.76
3.740000 128 121 98155.39
3.740000 128 122 98056.38
3.740000 128 123 98052.73
3.740000 128 124 98121.68
3.740000 128 125 98091.73
3.740000 128 126 98046.47
3.740000 128 127 98037.10
3.740000 128 128 97924.94
3.740000 128 129 97755.65
3.740000 128 130 97532.29
3.740000 128 131 97141.84
3.740000 128 132 96723.37
3.740000 128 133 96403.28
3.740000 128 134 96076.78
3.740000 128 135 95924.67
3.740000 128 136 95805.82
3.740000 128 137 95711.70
3.740000 128 138 95699.71
3.740000 128 139 95490.17
3.740000 128 140 95376.53
3.740000 128 141 95323.73
3.740000 128 142 95240.80
3.740000 128 143 95053.31
3.740000 128 144 94967.21
3.740000 128 145 94746.98
3.740000 128 146 94555.48
3.740000 128 147 94403.12
3.740000 128 148 94216.88
3.740000 128 149 94058.99
3.740000 128 150 93933.12
3.740000 128 151 93771.30
3.740000 128 152 93592.33
3.740000 128 153 93413.83
3.740000 128 154 93295.35
3.740000 128 155 93221.32
3.740000 128 156 93127.70
3.740000 128 157 93031.88
3.740000 128 158 92917.98
3.740000 128 159 92882.70
3.740000 128 160 93006.81
3.740000 128 161 93209.51
3.740000 128 162 93364.05
3.740000 128 163 93465.83
3.740000 128 164 93594.29
3.740000 128 165 93760.19
3.740000 128 166 93964.00
3.740000 128 167 94176.37
3.740000 128 168 94522.73
3.740000 128 169 94852.03
3.740000 128 170 95182.26
3.740000 128 171 95402.51
3.740000 128 172 95582.63
3.740000 128 173 95834.23
3.740000 128 174 96068.77
3.740000 128 175 96369.70
3.740000 128 176 96657.68
3.740000 128 177 96926.82
3.740000 128 178 97141.09
3.740000 128 179 97319.86
3.740000 128 180 97451.61
3.740000 128 181 97656.87
3.740000 128 182 97865.99
3.740000 128 183 98080.78
3.740000 128 184 98172.12
3.740000 128 185 98316.06
3.740000 128 186 98427.58
3.740000 128 187 98549.88
3.740000 128 188 98639.29
3.740000 128 189 98789.95
3.740000 128 190 98939.95
3.740000 128 191 99010.33
3.740000 128 192 99024.52
3.740000 128 193 99046.74
3.740000 128 194 99111.05
3.740000 128 195 99216.64
3.740000 128 196 99297.40
3.740000 128 197 99431.50
3.740000 128 198 99669.83
3.740000 128 199 99948.05
