3.600000 32 0 22859.73
3.600000 32 1 16081.88
3.600000 32 2 11633.41
3.600000 32 3 8541.41
3.600000 32 4 6346.54
3.600000 32 5 4762.24
3.600000 32 6 3583.23
3.600000 32 7 2660.06
3.600000 32 8 1981.15
3.600000 32 9 1360.20
3.600000 32 10 1013.39
3.600000 32 11 744.17
3.600000 32 12 594.50
3.600000 32 13 468.97
3.600000 32 14 347.57
3.600000 32 15 250.38
3.600000 32 16 163.20
3.600000 32 17 86.62
3.600000 32 18 -6.62
3.600000 32 19 -29.77
3.600000 32 20 -31.57
3.600000 32 21 -28.01
3.600000 32 22 -39.79
3.600000 32 23 -28.12
3.600000 32 24  3.71
3.600000 32 25 46.59
3.600000 32 26 95.69
3.600000 32 27 150.97
3.600000 32 28 222.14
3.600000 32 29 222.25
3.600000 32 30 191.53
3.600000 32 31 187.14
3.600000 32 32 177.99
3.600000 32 33 196.72
3.600000 32 34 136.13
3.600000 32 35 106.79
3.600000 32 36 104.10
3.600000 32 37 73.85
3.600000 32 38 66.89
3.600000 32 39 162.74
3.600000 32 40 189.61
3.600000 32 41 205.69
3.600000 32 42 183.40
3.600000 32 43 173.03
3.600000 32 44 140.99
3.600000 32 45 115.44
3.600000 32 46 122.38
3.600000 32 47 133.30
3.600000 32 48 143.13
3.600000 32 49 127.37
3.600000 32 50 117.24
3.600000 32 51 136.64
3.600000 32 52 133.08
3.600000 32 53 58.79
3.600000 32 54 77.91
3.600000 32 55 131.28
3.600000 32 56 168.54
3.600000 32 57 154.98
3.600000 32 58 145.20
3.600000 32 59 149.55
3.600000 32 60 210.59
3.600000 32 61 201.69
3.600000 32 62 215.78
3.600000 32 63 252.81
3.600000 32 64 231.29
3.600000 32 65 183.61
3.600000 32 66 162.93
3.600000 32 67 181.52
3.600000 32 68 108.17
3.600000 32 69 57.38
3.600000 32 70 46.39
3.600000 32 71 29.32
3.600000 32 72 11.89
3.600000 32 73 -24.58
3.600000 32 74 -77.56
3.600000 32 75 -118.39
3.600000 32 76 -148.74
3.600000 32 77 -136.25
3.600000 32 78 -186.07
3.600000 32 79 -272.92
3.600000 32 80 -370.71
3.600000 32 81 -393.88
3.600000 32 82 -354.94
3.600000 32 83 -417.59
3.600000 32 84 -479.54
3.600000 32 85 -519.44
3.600000 32 86 -530.21
3.600000 32 87 -515.06
3.600000 32 88 -482.61
3.600000 32 89 -461.66
3.600000 32 90 -382.42
3.600000 32 91 -281.27
3.600000 32 92 -182.37
3.600000 32 93 -85.17
3.600000 32 94 -26.34
3.600000 32 95  2.69
3.600000 32 96  0.55
3.600000 32 97 11.41
3.600000 32 98 11.86
3.600000 32 99  4.98
3.600000 32 100 56.82
3.600000 32 101 39.48
3.600000 32 102 -10.94
3.600000 32 103  2.42
3.600000 32 104 59.04
3.600000 32 105 57.75
3.600000 32 106 35.31
3.600000 32 107 -18.21
3.600000 32 108 -13.64
3.600000 32 109 -35.41
3.600000 32 110 -42.45
3.600000 32 111 -40.25
3.600000 32 112 -114.54
3.600000 32 113 -145.81
3.600000 32 114 -171.44
3.600000 32 115 -152.19
3.600000 32 116 -128.66
3.600000 32 117 -136.15
3.600000 32 118 -115.94
3.600000 32 119 -150.57
3.600000 32 120 -75.63
3.600000 32 121 -80.22
3.600000 32 122 -84.06
3.600000 32 123 -59.44
3.600000 32 124 -21.79
3.600000 32 125 18.79
3.600000 32 126 99.93
3.600000 32 127 96.97
3.600000 32 128 136.16
3.600000 32 129 178.49
3.600000 32 130 240.29
3.600000 32 131 242.15
3.600000 32 132 207.33
3.600000 32 133 228.67
3.600000 32 134 228.38
3.600000 32 135 157.75
3.600000 32 136 167.59
3.600000 32 137 128.12
3.600000 32 138 131.38
3.600000 32 139 113.98
3.600000 32 140 107.38
3.600000 32 141 85.73
3.600000 32 142 111.55
3.600000 32 143 97.60
3.600000 32 144 112.34
3.600000 32 145 141.98
3.600000 32 146 133.13
3.600000 32 147 112.04
3.600000 32 148 73.52
3.600000 32 149 58.61
3.600000 32 150 33.44
3.600000 32 151 -42.42
3.600000 32 152 -28.78
3.600000 32 153 -13.41
3.600000 32 154  3.11
3.600000 32 155 65.86
3.600000 32 156 155.13
3.600000 32 157 168.88
3.600000 32 158 141.51
3.600000 32 159 150.19
3.600000 32 160 186.68
3.600000 32 161 150.90
3.600000 32 162 176.42
3.600000 32 163 169.39
3.600000 32 164 120.43
3.600000 32 165 114.31
3.600000 32 166 129.38
3.600000 32 167 151.51
3.600000 32 168 191.44
3.600000 32 169 195.49
3.600000 32 170 212.23
3.600000 32 171 285.71
3.600000 32 172 312.45
3.600000 32 173 287.30
3.600000 32 174 276.27
3.600000 32 175 245.67
3.600000 32 176 201.32
3.600000 32 177 237.41
3.600000 32 178 192.38
3.600000 32 179 132.18
3.600000 32 180 57.72
3.600000 32 181 30.02
3.600000 32 182 86.72
3.600000 32 183 170.18
3.600000 32 184 196.45
3.600000 32 185 158.58
3.600000 32 186 141.93
3.600000 32 187 178.92
3.600000 32 188 169.40
3.600000 32 189 170.81
3.600000 32 190 238.31
3.600000 32 191 263.32
3.600000 32 192 319.38
3.600000 32 193 389.06
3.600000 32 194 351.67
3.600000 32 195 321.52
3.600000 32 196 288.97
3.600000 32 197 228.50
3.600000 32 198 223.41
3.600000 32 199 238.67
