3.643000 128 0 253281.86
3.643000 128 1 219547.88
3.643000 128 2 192281.36
3.643000 128 3 170162.80
3.643000 128 4 151155.44
3.643000 128 5 134454.63
3.643000 128 6 118888.14
3.643000 128 7 106041.04
3.643000 128 8 95610.55
3.643000 128 9 85972.08
3.643000 128 10 79310.70
3.643000 128 11 72777.97
3.643000 128 12 67433.76
3.643000 128 13 62789.75
3.643000 128 14 58990.89
3.643000 128 15 55287.83
3.643000 128 16 52235.84
3.643000 128 17 48592.58
3.643000 128 18 45432.76
3.643000 128 19 40605.89
3.643000 128 20 37269.44
3.643000 128 21 35311.16
3.643000 128 22 33496.25
3.643000 128 23 33803.97
3.643000 128 24 33988.73
3.643000 128 25 34221.56
3.643000 128 26 31053.23
3.643000 128 27 29795.94
3.643000 128 28 28792.87
3.643000 128 29 28161.15
3.643000 128 30 27213.31
3.643000 128 31 25819.94
3.643000 128 32 23977.93
3.643000 128 33 21562.49
3.643000 128 34 19324.15
3.643000 128 35 18139.81
3.643000 128 36 17718.47
3.643000 128 37 17641.43
3.643000 128 38 16497.08
3.643000 128 39 16332.26
3.643000 128 40 15250.95
3.643000 128 41 15610.54
3.643000 128 42 14891.45
3.643000 128 43 14344.14
3.643000 128 44 15129.91
3.643000 128 45 15044.26
3.643000 128 46 14932.26
3.643000 128 47 14115.52
3.643000 128 48 11466.73
3.643000 128 49 9098.46
3.643000 128 50 9350.93
3.643000 128 51 7139.79
3.643000 128 52 5958.58
3.643000 128 53 6491.68
3.643000 128 54 7260.76
3.643000 128 55 8567.74
3.643000 128 56 10163.96
3.643000 128 57 11648.04
3.643000 128 58 12988.13
3.643000 128 59 14166.45
3.643000 128 60 17237.85
3.643000 128 61 20678.27
3.643000 128 62 23192.07
3.643000 128 63 26011.72
3.643000 128 64 29362.91
3.643000 128 65 32323.16
3.643000 128 66 34310.81
3.643000 128 67 35228.65
3.643000 128 68 36534.92
3.643000 128 69 37261.86
3.643000 128 70 38023.50
3.643000 128 71 38681.32
3.643000 128 72 39815.13
3.643000 128 73 40494.53
3.643000 128 74 42253.18
3.643000 128 75 42000.22
3.643000 128 76 42100.61
3.643000 128 77 41324.46
3.643000 128 78 41461.36
3.643000 128 79 41458.65
3.643000 128 80 41723.07
3.643000 128 81 43434.58
3.643000 128 82 45532.23
3.643000 128 83 47416.87
3.643000 128 84 48996.25
3.643000 128 85 50584.04
3.643000 128 86 52305.45
3.643000 128 87 54947.71
3.643000 128 88 56257.16
3.643000 128 89 58782.86
3.643000 128 90 62736.25
3.643000 128 91 65111.55
3.643000 128 92 66327.71
3.643000 128 93 67995.99
3.643000 128 94 70403.04
3.643000 128 95 72810.20
3.643000 128 96 74318.74
3.643000 128 97 77807.45
3.643000 128 98 82410.38
3.643000 128 99 86357.76
3.643000 128 100 89994.58
3.643000 128 101 93125.95
3.643000 128 102 96868.77
3.643000 128 103 100872.75
3.643000 128 104 103649.84
3.643000 128 105 105268.66
3.643000 128 106 106668.30
3.643000 128 107 109752.42
3.643000 128 108 112698.27
3.643000 128 109 115267.91
3.643000 128 110 118439.33
3.643000 128 111 119070.54
3.643000 128 112 120528.01
3.643000 128 113 121843.13
3.643000 128 114 123652.93
3.643000 128 115 125294.69
3.643000 128 116 126030.21
3.643000 128 117 125963.39
3.643000 128 118 127338.22
3.643000 128 119 129748.47
3.643000 128 120 130018.99
3.643000 128 121 130173.29
3.643000 128 122 129076.90
3.643000 128 123 128452.06
3.643000 128 124 126784.59
3.643000 128 125 126167.76
3.643000 128 126 124334.56
3.643000 128 127 124155.86
3.643000 128 128 123893.40
3.643000 128 129 122603.40
3.643000 128 130 121545.39
3.643000 128 131 118788.17
3.643000 128 132 117071.69
3.643000 128 133 115140.73
3.643000 128 134 113916.94
3.643000 128 135 114105.54
3.643000 128 136 114172.93
3.643000 128 137 112779.06
3.643000 128 138 112968.86
3.643000 128 139 113616.57
3.643000 128 140 116361.98
3.643000 128 141 117896.99
3.643000 128 142 119474.47
3.643000 128 143 119866.74
3.643000 128 144 119665.68
3.643000 128 145 119642.92
3.643000 128 146 118833.59
3.643000 128 147 118311.07
3.643000 128 148 117270.99
3.643000 128 149 114969.28
3.643000 128 150 113023.08
3.643000 128 151 111301.35
3.643000 128 152 109100.79
3.643000 128 153 107024.97
3.643000 128 154 105538.60
3.643000 128 155 102156.97
3.643000 128 156 99331.98
3.643000 128 157 94650.32
3.643000 128 158 90448.64
3.643000 128 159 85748.26
3.643000 128 160 81628.03
3.643000 128 161 77824.85
3.643000 128 162 74162.02
3.643000 128 163 70722.86
3.643000 128 164 69726.23
3.643000 128 165 67639.17
3.643000 128 166 65473.52
3.643000 128 167 62840.25
3.643000 128 168 60597.43
3.643000 128 169 59066.57
3.643000 128 170 56795.06
3.643000 128 171 54956.32
3.643000 128 172 53157.36
3.643000 128 173 54075.62
3.643000 128 174 56015.63
3.643000 128 175 56914.35
3.643000 128 176 56953.35
3.643000 128 177 57489.83
3.643000 128 178 57821.52
3.643000 128 179 61059.98
3.643000 128 180 64183.90
3.643000 128 181 66510.32
3.643000 128 182 68458.16
3.643000 128 183 70129.08
3.643000 128 184 71938.51
3.643000 128 185 73467.05
3.643000 128 186 75233.25
3.643000 128 187 78533.24
3.643000 128 188 81924.54
3.643000 128 189 85431.25
3.643000 128 190 88514.74
3.643000 128 191 90247.72
3.643000 128 192 90358.39
3.643000 128 193 91509.58
3.643000 128 194 94070.53
3.643000 128 195 96299.29
3.643000 128 196 98507.48
3.643000 128 197 101733.42
3.643000 128 198 105361.73
3.643000 128 199 109199.43
