3.800000 64 0 36026.59
3.800000 64 1 33938.57
3.800000 64 2 32023.34
3.800000 64 3 30211.18
3.800000 64 4 28499.89
3.800000 64 5 26846.92
3.800000 64 6 25426.78
3.800000 64 7 24125.97
3.800000 64 8 22919.25
3.800000 64 9 21925.38
3.800000 64 10 20979.41
3.800000 64 11 20094.25
3.800000 64 12 19284.74
3.800000 64 13 18498.16
3.800000 64 14 17670.78
3.800000 64 15 16840.84
3.800000 64 16 16011.12
3.800000 64 17 15214.95
3.800000 64 18 14538.07
3.800000 64 19 13903.58
3.800000 64 20 13255.28
3.800000 64 21 12629.03
3.800000 64 22 11894.61
3.800000 64 23 11199.81
3.800000 64 24 10669.00
3.800000 64 25 10168.21
3.800000 64 26 9653.36
3.800000 64 27 9264.54
3.800000 64 28 8874.69
3.800000 64 29 8465.00
3.800000 64 30 8093.72
3.800000 64 31 7671.35
3.800000 64 32 7217.39
3.800000 64 33 6810.71
3.800000 64 34 6441.30
3.800000 64 35 6050.43
3.800000 64 36 5680.71
3.800000 64 37 5301.64
3.800000 64 38 5043.16
3.800000 64 39 4779.64
3.800000 64 40 4500.29
3.800000 64 41 4252.39
3.800000 64 42 3983.89
3.800000 64 43 3752.05
3.800000 64 44 3558.01
3.800000 64 45 3428.96
3.800000 64 46 3377.68
3.800000 64 47 3384.75
3.800000 64 48 3379.45
3.800000 64 49 3395.81
3.800000 64 50 3314.26
3.800000 64 51 3101.87
3.800000 64 52 2884.47
3.800000 64 53 2675.53
3.800000 64 54 2516.72
3.800000 64 55 2389.18
3.800000 64 56 2250.50
3.800000 64 57 2109.40
3.800000 64 58 2042.59
3.800000 64 59 1999.29
3.800000 64 60 2025.12
3.800000 64 61 2068.96
3.800000 64 62 2117.36
3.800000 64 63 2090.20
3.800000 64 64 2033.55
3.800000 64 65 2004.54
3.800000 64 66 1977.92
3.800000 64 67 1846.78
3.800000 64 68 1659.93
3.800000 64 69 1559.39
3.800000 64 70 1399.56
3.800000 64 71 1308.55
3.800000 64 72 1166.96
3.800000 64 73 958.56
3.800000 64 74 644.39
3.800000 64 75 361.46
3.800000 64 76 149.47
3.800000 64 77 -80.65
3.800000 64 78 -313.38
3.800000 64 79 -721.44
3.800000 64 80 -1104.71
3.800000 64 81 -1599.87
3.800000 64 82 -2155.89
3.800000 64 83 -2731.93
3.800000 64 84 -3346.16
3.800000 64 85 -3924.70
3.800000 64 86 -4447.40
3.800000 64 87 -4834.75
3.800000 64 88 -5184.71
3.800000 64 89 -5498.62
3.800000 64 90 -5704.77
3.800000 64 91 -5905.03
3.800000 64 92 -6195.94
3.800000 64 93 -6432.35
3.800000 64 94 -6697.73
3.800000 64 95 -7021.87
3.800000 64 96 -7267.91
3.800000 64 97 -7494.98
3.800000 64 98 -7710.75
3.800000 64 99 -7959.34
3.800000 64 100 -8229.36
3.800000 64 101 -8640.25
3.800000 64 102 -9264.23
3.800000 64 103 -9806.76
3.800000 64 104 -10342.49
3.800000 64 105 -10804.44
3.800000 64 106 -11226.33
3.800000 64 107 -11548.08
3.800000 64 108 -11794.46
3.800000 64 109 -12002.93
3.800000 64 110 -12178.22
3.800000 64 111 -12338.07
3.800000 64 112 -12452.26
3.800000 64 113 -12561.16
3.800000 64 114 -12744.06
3.800000 64 115 -12953.84
3.800000 64 116 -13200.10
3.800000 64 117 -13453.72
3.800000 64 118 -13768.42
3.800000 64 119 -14073.36
3.800000 64 120 -14320.62
3.800000 64 121 -14630.21
3.800000 64 122 -14977.52
3.800000 64 123 -15318.87
3.800000 64 124 -15568.63
3.800000 64 125 -15770.16
3.800000 64 126 -16066.56
3.800000 64 127 -16331.12
3.800000 64 128 -16564.49
3.800000 64 129 -16822.75
3.800000 64 130 -17008.26
3.800000 64 131 -17247.99
3.800000 64 132 -17566.49
3.800000 64 133 -17879.41
3.800000 64 134 -18252.62
3.800000 64 135 -18601.68
3.800000 64 136 -18884.58
3.800000 64 137 -19091.55
3.800000 64 138 -19229.00
3.800000 64 139 -19334.82
3.800000 64 140 -19450.10
3.800000 64 141 -19595.59
3.800000 64 142 -19694.53
3.800000 64 143 -19753.21
3.800000 64 144 -19904.80
3.800000 64 145 -20133.03
3.800000 64 146 -20342.16
3.800000 64 147 -20494.32
3.800000 64 148 -20690.30
3.800000 64 149 -20893.17
3.800000 64 150 -21063.21
3.800000 64 151 -21155.62
3.800000 64 152 -21304.44
3.800000 64 153 -21430.13
3.800000 64 154 -21579.80
3.800000 64 155 -21709.58
3.800000 64 156 -21895.55
3.800000 64 157 -22072.26
3.800000 64 158 -22212.28
3.800000 64 159 -22325.31
3.800000 64 160 -22426.85
3.800000 64 161 -22493.90
3.800000 64 162 -22574.83
3.800000 64 163 -22672.81
3.800000 64 164 -22826.80
3.800000 64 165 -22851.23
3.800000 64 166 -22811.00
3.800000 64 167 -22709.59
3.800000 64 168 -22664.70
3.800000 64 169 -22642.65
3.800000 64 170 -22599.70
3.800000 64 171 -22569.69
3.800000 64 172 -22626.69
3.800000 64 173 -22664.45
3.800000 64 174 -22728.05
3.800000 64 175 -22689.51
3.800000 64 176 -22613.74
3.800000 64 177 -22594.93
3.800000 64 178 -22644.36
3.800000 64 179 -22689.84
3.800000 64 180 -22732.62
3.800000 64 181 -22812.35
3.800000 64 182 -22929.26
3.800000 64 183 -23064.99
3.800000 64 184 -23174.10
3.800000 64 185 -23221.14
3.800000 64 186 -23263.45
3.800000 64 187 -23329.19
3.800000 64 188 -23430.24
3.800000 64 189 -23507.21
3.800000 64 190 -23590.88
3.800000 64 191 -23612.86
3.800000 64 192 -23628.25
3.800000 64 193 -23635.98
3.800000 64 194 -23688.61
3.800000 64 195 -23613.21
3.800000 64 196 -23494.07
3.800000 64 197 -23428.62
3.800000 64 198 -23269.32
3.800000 64 199 -23137.45
