2.300000 64 0 44308.30
2.300000 64 1 38603.57
2.300000 64 2 34121.44
2.300000 64 3 30080.34
2.300000 64 4 26609.27
2.300000 64 5 23784.02
2.300000 64 6 21324.42
2.300000 64 7 19069.77
2.300000 64 8 17198.76
2.300000 64 9 15622.72
2.300000 64 10 14491.20
2.300000 64 11 13348.04
2.300000 64 12 12229.27
2.300000 64 13 11309.82
2.300000 64 14 10235.44
2.300000 64 15 9476.35
2.300000 64 16 8795.39
2.300000 64 17 8286.90
2.300000 64 18 7773.19
2.300000 64 19 7232.73
2.300000 64 20 6553.74
2.300000 64 21 5808.47
2.300000 64 22 5244.77
2.300000 64 23 4819.47
2.300000 64 24 4289.57
2.300000 64 25 3840.15
2.300000 64 26 3499.76
2.300000 64 27 3058.62
2.300000 64 28 2641.07
2.300000 64 29 2178.43
2.300000 64 30 1632.00
2.300000 64 31 1202.72
2.300000 64 32 843.91
2.300000 64 33 460.09
2.300000 64 34 366.42
2.300000 64 35 200.05
2.300000 64 36 -152.91
2.300000 64 37 -321.24
2.300000 64 38 -440.19
2.300000 64 39 -432.95
2.300000 64 40 -644.64
2.300000 64 41 -1099.27
2.300000 64 42 -1608.54
2.300000 64 43 -1988.65
2.300000 64 44 -2419.39
2.300000 64 45 -2667.98
2.300000 64 46 -3090.00
2.300000 64 47 -3559.10
2.300000 64 48 -4334.30
2.300000 64 49 -5038.22
2.300000 64 50 -5704.24
2.300000 64 51 -5964.70
2.300000 64 52 -6391.34
2.300000 64 53 -6877.26
2.300000 64 54 -7495.97
2.300000 64 55 -8037.50
2.300000 64 56 -8534.95
2.300000 64 57 -8929.34
2.300000 64 58 -9074.70
2.300000 64 59 -8983.50
2.300000 64 60 -8932.04
2.300000 64 61 -8820.04
2.300000 64 62 -8781.62
2.300000 64 63 -8739.77
2.300000 64 64 -8527.05
2.300000 64 65 -8189.91
2.300000 64 66 -8111.49
2.300000 64 67 -8023.45
2.300000 64 68 -7738.87
2.300000 64 69 -7440.44
2.300000 64 70 -7160.51
2.300000 64 71 -6962.58
2.300000 64 72 -6684.22
2.300000 64 73 -6493.08
2.300000 64 74 -6455.47
2.300000 64 75 -6064.28
2.300000 64 76 -5548.02
2.300000 64 77 -5071.84
2.300000 64 78 -4438.60
2.300000 64 79 -4082.13
2.300000 64 80 -3949.21
2.300000 64 81 -3717.40
2.300000 64 82 -3694.09
2.300000 64 83 -3600.28
2.300000 64 84 -3524.31
2.300000 64 85 -3483.07
2.300000 64 86 -3587.53
2.300000 64 87 -3724.85
2.300000 64 88 -3778.66
2.300000 64 89 -3862.49
2.300000 64 90 -3925.38
2.300000 64 91 -3944.68
2.300000 64 92 -4135.77
2.300000 64 93 -4417.55
2.300000 64 94 -4671.68
2.300000 64 95 -4957.21
2.300000 64 96 -5098.00
2.300000 64 97 -5187.85
2.300000 64 98 -4818.55
2.300000 64 99 -4784.58
2.300000 64 100 -4517.96
2.300000 64 101 -4273.63
2.300000 64 102 -3889.45
2.300000 64 103 -3233.10
2.300000 64 104 -2809.83
2.300000 64 105 -2452.18
2.300000 64 106 -2079.00
2.300000 64 107 -1902.26
2.300000 64 108 -1987.66
2.300000 64 109 -1945.18
2.300000 64 110 -1977.96
2.300000 64 111 -2192.93
2.300000 64 112 -2299.80
2.300000 64 113 -2631.18
2.300000 64 114 -3038.30
2.300000 64 115 -3191.34
2.300000 64 116 -3268.75
2.300000 64 117 -3411.95
2.300000 64 118 -3841.37
2.300000 64 119 -4023.93
2.300000 64 120 -4087.12
2.300000 64 121 -4291.50
2.300000 64 122 -4433.15
2.300000 64 123 -4318.46
2.300000 64 124 -4296.27
2.300000 64 125 -4366.77
2.300000 64 126 -4313.28
2.300000 64 127 -4328.46
2.300000 64 128 -4236.66
2.300000 64 129 -4216.76
2.300000 64 130 -4162.04
2.300000 64 131 -4142.08
2.300000 64 132 -4381.91
2.300000 64 133 -4580.99
2.300000 64 134 -4558.09
2.300000 64 135 -4755.23
2.300000 64 136 -4994.66
2.300000 64 137 -5093.03
2.300000 64 138 -5225.14
2.300000 64 139 -5211.29
2.300000 64 140 -5269.83
2.300000 64 141 -5163.70
2.300000 64 142 -5157.79
2.300000 64 143 -4911.73
2.300000 64 144 -4636.71
2.300000 64 145 -4377.58
2.300000 64 146 -4153.41
2.300000 64 147 -4193.72
2.300000 64 148 -4298.41
2.300000 64 149 -4288.37
2.300000 64 150 -4335.02
2.300000 64 151 -4296.40
2.300000 64 152 -4085.76
2.300000 64 153 -3976.19
2.300000 64 154 -3710.36
2.300000 64 155 -3634.00
2.300000 64 156 -3648.12
2.300000 64 157 -3660.67
2.300000 64 158 -3746.83
2.300000 64 159 -3692.15
2.300000 64 160 -3740.64
2.300000 64 161 -3609.45
2.300000 64 162 -3648.23
2.300000 64 163 -3649.39
2.300000 64 164 -3714.03
2.300000 64 165 -3885.97
2.300000 64 166 -3956.62
2.300000 64 167 -3761.59
2.300000 64 168 -3723.54
2.300000 64 169 -3528.99
2.300000 64 170 -3413.67
2.300000 64 171 -3357.48
2.300000 64 172 -3343.16
2.300000 64 173 -3314.20
2.300000 64 174 -3264.18
2.300000 64 175 -3052.28
2.300000 64 176 -2890.71
2.300000 64 177 -2971.49
2.300000 64 178 -2960.69
2.300000 64 179 -2999.12
2.300000 64 180 -3118.04
2.300000 64 181 -3124.38
2.300000 64 182 -3030.43
2.300000 64 183 -2920.13
2.300000 64 184 -2754.67
2.300000 64 185 -2538.72
2.300000 64 186 -2356.36
2.300000 64 187 -2363.69
2.300000 64 188 -2316.10
2.300000 64 189 -2159.65
2.300000 64 190 -2068.62
2.300000 64 191 -1970.49
2.300000 64 192 -1988.20
2.300000 64 193 -1923.44
2.300000 64 194 -1703.19
2.300000 64 195 -1372.99
2.300000 64 196 -1251.83
2.300000 64 197 -1320.65
2.300000 64 198 -1534.83
2.300000 64 199 -1833.69
