3.800000 48 0 19545.99
3.800000 48 1 17754.58
3.800000 48 2 16198.96
3.800000 48 3 14782.74
3.800000 48 4 13504.95
3.800000 48 5 12397.56
3.800000 48 6 11401.22
3.800000 48 7 10527.26
3.800000 48 8 9742.79
3.800000 48 9 9086.36
3.800000 48 10 8476.89
3.800000 48 11 7850.26
3.800000 48 12 7292.89
3.800000 48 13 6733.70
3.800000 48 14 6237.37
3.800000 48 15 5800.06
3.800000 48 16 5411.37
3.800000 48 17 4998.03
3.800000 48 18 4637.99
3.800000 48 19 4306.10
3.800000 48 20 3966.74
3.800000 48 21 3618.52
3.800000 48 22 3305.77
3.800000 48 23 3035.42
3.800000 48 24 2770.29
3.800000 48 25 2462.94
3.800000 48 26 2210.31
3.800000 48 27 1944.02
3.800000 48 28 1700.37
3.800000 48 29 1430.89
3.800000 48 30 1198.20
3.800000 48 31 989.66
3.800000 48 32 829.68
3.800000 48 33 693.49
3.800000 48 34 612.20
3.800000 48 35 549.64
3.800000 48 36 400.05
3.800000 48 37 281.23
3.800000 48 38 180.26
3.800000 48 39 96.16
3.800000 48 40 32.53
3.800000 48 41 -27.41
3.800000 48 42 -169.45
3.800000 48 43 -294.31
3.800000 48 44 -430.90
3.800000 48 45 -534.15
3.800000 48 46 -624.98
3.800000 48 47 -692.07
3.800000 48 48 -736.82
3.800000 48 49 -742.95
3.800000 48 50 -758.67
3.800000 48 51 -725.03
3.800000 48 52 -646.97
3.800000 48 53 -622.00
3.800000 48 54 -627.99
3.800000 48 55 -623.19
3.800000 48 56 -554.49
3.800000 48 57 -447.38
3.800000 48 58 -311.27
3.800000 48 59 -160.90
3.800000 48 60 -38.56
3.800000 48 61 87.26
3.800000 48 62 173.23
3.800000 48 63 262.43
3.800000 48 64 336.21
3.800000 48 65 382.32
3.800000 48 66 415.20
3.800000 48 67 439.52
3.800000 48 68 459.65
3.800000 48 69 451.14
3.800000 48 70 519.06
3.800000 48 71 565.12
3.800000 48 72 590.21
3.800000 48 73 574.53
3.800000 48 74 584.41
3.800000 48 75 602.76
3.800000 48 76 683.97
3.800000 48 77 716.24
3.800000 48 78 655.44
3.800000 48 79 565.64
3.800000 48 80 491.80
3.800000 48 81 423.54
3.800000 48 82 363.82
3.800000 48 83 341.26
3.800000 48 84 389.48
3.800000 48 85 459.41
3.800000 48 86 496.12
3.800000 48 87 620.61
3.800000 48 88 781.58
3.800000 48 89 916.60
3.800000 48 90 1042.30
3.800000 48 91 1125.20
3.800000 48 92 1169.52
3.800000 48 93 1266.94
3.800000 48 94 1380.82
3.800000 48 95 1542.09
3.800000 48 96 1667.04
3.800000 48 97 1683.20
3.800000 48 98 1711.43
3.800000 48 99 1742.84
3.800000 48 100 1823.18
3.800000 48 101 1910.80
3.800000 48 102 1973.24
3.800000 48 103 2035.98
3.800000 48 104 2081.29
3.800000 48 105 2169.34
3.800000 48 106 2225.90
3.800000 48 107 2291.81
3.800000 48 108 2401.82
3.800000 48 109 2538.80
3.800000 48 110 2720.25
3.800000 48 111 2939.14
3.800000 48 112 3137.90
3.800000 48 113 3301.96
3.800000 48 114 3489.13
3.800000 48 115 3679.71
3.800000 48 116 3865.75
3.800000 48 117 4043.13
3.800000 48 118 4192.16
3.800000 48 119 4276.04
3.800000 48 120 4377.72
3.800000 48 121 4430.48
3.800000 48 122 4463.79
3.800000 48 123 4494.91
3.800000 48 124 4545.34
3.800000 48 125 4550.40
3.800000 48 126 4559.92
3.800000 48 127 4545.61
3.800000 48 128 4497.78
3.800000 48 129 4427.69
3.800000 48 130 4377.40
3.800000 48 131 4408.28
3.800000 48 132 4437.56
3.800000 48 133 4409.41
3.800000 48 134 4443.09
3.800000 48 135 4439.88
3.800000 48 136 4473.33
3.800000 48 137 4469.48
3.800000 48 138 4503.71
3.800000 48 139 4515.79
3.800000 48 140 4533.26
3.800000 48 141 4551.60
3.800000 48 142 4600.57
3.800000 48 143 4581.96
3.800000 48 144 4523.68
3.800000 48 145 4513.71
3.800000 48 146 4446.11
3.800000 48 147 4369.92
3.800000 48 148 4320.93
3.800000 48 149 4236.75
3.800000 48 150 4194.25
3.800000 48 151 4162.51
3.800000 48 152 4202.83
3.800000 48 153 4317.80
3.800000 48 154 4445.61
3.800000 48 155 4574.25
3.800000 48 156 4664.99
3.800000 48 157 4749.93
3.800000 48 158 4788.95
3.800000 48 159 4820.18
3.800000 48 160 4862.35
3.800000 48 161 4874.65
3.800000 48 162 4928.38
3.800000 48 163 4922.45
3.800000 48 164 4851.12
3.800000 48 165 4889.95
3.800000 48 166 4934.03
3.800000 48 167 4999.52
3.800000 48 168 5019.49
3.800000 48 169 5009.51
3.800000 48 170 5022.36
3.800000 48 171 5066.54
3.800000 48 172 5108.61
3.800000 48 173 5148.86
3.800000 48 174 5145.38
3.800000 48 175 5245.47
3.800000 48 176 5336.50
3.800000 48 177 5410.70
3.800000 48 178 5543.65
3.800000 48 179 5608.58
3.800000 48 180 5662.88
3.800000 48 181 5732.73
3.800000 48 182 5853.79
3.800000 48 183 5957.03
3.800000 48 184 6032.01
3.800000 48 185 6068.48
3.800000 48 186 6105.35
3.800000 48 187 6082.42
3.800000 48 188 6069.23
3.800000 48 189 6022.99
3.800000 48 190 5953.05
3.800000 48 191 5904.86
3.800000 48 192 5929.59
3.800000 48 193 5923.53
3.800000 48 194 5927.74
3.800000 48 195 5995.36
3.800000 48 196 6045.48
3.800000 48 197 6135.13
3.800000 48 198 6136.14
3.800000 48 199 6136.88
