3.440000 128 0 97931.79
3.440000 128 1 50326.03
3.440000 128 2 26727.04
3.440000 128 3 17259.98
3.440000 128 4 12360.38
3.440000 128 5 7847.87
3.440000 128 6 5241.24
3.440000 128 7 5183.45
3.440000 128 8 3619.41
3.440000 128 9 4575.32
3.440000 128 10 4605.43
3.440000 128 11 4674.18
3.440000 128 12 4874.25
3.440000 128 13 6290.83
3.440000 128 14 6171.50
3.440000 128 15 6029.24
3.440000 128 16 5861.32
3.440000 128 17 6231.83
3.440000 128 18 5583.16
3.440000 128 19 5778.50
3.440000 128 20 4640.58
3.440000 128 21 3447.84
3.440000 128 22 1678.22
3.440000 128 23 -952.62
3.440000 128 24 -949.48
3.440000 128 25 1418.27
3.440000 128 26 2225.53
3.440000 128 27 3511.59
3.440000 128 28 3181.59
3.440000 128 29 2942.10
3.440000 128 30 1573.16
3.440000 128 31 337.85
3.440000 128 32 -232.98
3.440000 128 33 428.96
3.440000 128 34 -216.11
3.440000 128 35 -2390.92
3.440000 128 36 -3721.72
3.440000 128 37 -2582.34
3.440000 128 38 772.21
3.440000 128 39 3042.74
3.440000 128 40 3560.82
3.440000 128 41 3866.34
3.440000 128 42 6346.74
3.440000 128 43 6545.33
3.440000 128 44 5951.74
3.440000 128 45 7606.18
3.440000 128 46 8426.97
3.440000 128 47 10263.62
3.440000 128 48 12463.23
3.440000 128 49 13812.81
3.440000 128 50 14332.97
3.440000 128 51 14153.19
3.440000 128 52 13451.91
3.440000 128 53 11677.10
3.440000 128 54 10089.13
3.440000 128 55 10075.56
3.440000 128 56 9562.48
3.440000 128 57 9786.02
3.440000 128 58 8653.88
3.440000 128 59 10550.11
3.440000 128 60 8557.37
3.440000 128 61 6175.21
3.440000 128 62 5419.79
3.440000 128 63 4968.44
3.440000 128 64 6135.39
3.440000 128 65 6877.31
3.440000 128 66 7823.19
3.440000 128 67 8928.94
3.440000 128 68 8930.83
3.440000 128 69 9360.09
3.440000 128 70 10107.60
3.440000 128 71 9872.08
3.440000 128 72 7947.01
3.440000 128 73 4673.67
3.440000 128 74 2042.85
3.440000 128 75 -620.31
3.440000 128 76 -3243.71
3.440000 128 77 -2880.35
3.440000 128 78 -4382.12
3.440000 128 79 -4590.90
3.440000 128 80 -5320.51
3.440000 128 81 -3567.19
3.440000 128 82 -5861.34
3.440000 128 83 -6860.08
3.440000 128 84 -7454.38
3.440000 128 85 -8131.80
3.440000 128 86 -8675.16
3.440000 128 87 -7244.65
3.440000 128 88 -6081.13
3.440000 128 89 -6453.72
3.440000 128 90 -8124.85
3.440000 128 91 -8035.17
3.440000 128 92 -8218.48
3.440000 128 93 -8110.23
3.440000 128 94 -8581.26
3.440000 128 95 -8688.30
3.440000 128 96 -7859.36
3.440000 128 97 -6546.81
3.440000 128 98 -4603.80
3.440000 128 99 -4657.89
3.440000 128 100 -5648.71
3.440000 128 101 -6962.55
3.440000 128 102 -6997.36
3.440000 128 103 -6371.59
3.440000 128 104 -7274.95
3.440000 128 105 -7524.81
3.440000 128 106 -7609.17
3.440000 128 107 -8626.79
3.440000 128 108 -9917.21
3.440000 128 109 -9384.85
3.440000 128 110 -7309.03
3.440000 128 111 -4901.28
3.440000 128 112 -5995.99
3.440000 128 113 -5464.09
3.440000 128 114 -5629.94
3.440000 128 115 -4648.69
3.440000 128 116 -4911.52
3.440000 128 117 -4867.63
3.440000 128 118 -5227.70
3.440000 128 119 -6004.29
3.440000 128 120 -5543.29
3.440000 128 121 -6242.29
3.440000 128 122 -6146.02
3.440000 128 123 -6923.32
3.440000 128 124 -7608.15
3.440000 128 125 -7357.97
3.440000 128 126 -8550.14
3.440000 128 127 -6141.11
3.440000 128 128 -6657.41
3.440000 128 129 -5270.63
3.440000 128 130 -3177.79
3.440000 128 131 -52.09
3.440000 128 132 1975.92
3.440000 128 133 342.61
3.440000 128 134 356.41
3.440000 128 135 -642.37
3.440000 128 136 -864.26
3.440000 128 137 1370.37
3.440000 128 138 566.92
3.440000 128 139 -30.42
3.440000 128 140  6.07
3.440000 128 141 -476.56
3.440000 128 142 602.02
3.440000 128 143 1579.83
3.440000 128 144 2543.42
3.440000 128 145 1277.33
3.440000 128 146 -648.23
3.440000 128 147 -1606.25
3.440000 128 148 -2847.34
3.440000 128 149 -3947.12
3.440000 128 150 -4164.49
3.440000 128 151 -6134.24
3.440000 128 152 -9531.84
3.440000 128 153 -10393.15
3.440000 128 154 -13318.72
3.440000 128 155 -15789.73
3.440000 128 156 -15884.56
3.440000 128 157 -15622.58
3.440000 128 158 -16867.82
3.440000 128 159 -14986.31
3.440000 128 160 -16236.39
3.440000 128 161 -16623.98
3.440000 128 162 -17908.99
3.440000 128 163 -16439.94
3.440000 128 164 -14776.82
3.440000 128 165 -13741.05
3.440000 128 166 -14724.47
3.440000 128 167 -15932.61
3.440000 128 168 -14273.18
3.440000 128 169 -12517.74
3.440000 128 170 -11148.79
3.440000 128 171 -11676.07
3.440000 128 172 -11852.07
3.440000 128 173 -11913.40
3.440000 128 174 -12490.10
3.440000 128 175 -12377.67
3.440000 128 176 -12367.30
3.440000 128 177 -12565.11
3.440000 128 178 -10246.54
3.440000 128 179 -9203.74
3.440000 128 180 -9774.60
3.440000 128 181 -10620.20
3.440000 128 182 -10176.53
3.440000 128 183 -11559.05
3.440000 128 184 -11411.07
3.440000 128 185 -12808.52
3.440000 128 186 -11993.28
3.440000 128 187 -13065.73
3.440000 128 188 -14214.41
3.440000 128 189 -15056.94
3.440000 128 190 -15920.29
3.440000 128 191 -14035.13
3.440000 128 192 -13459.73
3.440000 128 193 -14463.94
3.440000 128 194 -17838.09
3.440000 128 195 -18633.39
3.440000 128 196 -18377.87
3.440000 128 197 -19792.70
3.440000 128 198 -18560.20
3.440000 128 199 -18905.42
