3.700000 128 0 169427.93
3.700000 128 1 161445.60
3.700000 128 2 154107.64
3.700000 128 3 147520.87
3.700000 128 4 141259.99
3.700000 128 5 135468.35
3.700000 128 6 130801.34
3.700000 128 7 126423.30
3.700000 128 8 122273.06
3.700000 128 9 118645.57
3.700000 128 10 115171.01
3.700000 128 11 112225.32
3.700000 128 12 109651.66
3.700000 128 13 107176.13
3.700000 128 14 105388.80
3.700000 128 15 103837.20
3.700000 128 16 102005.56
3.700000 128 17 100338.83
3.700000 128 18 98631.98
3.700000 128 19 96775.53
3.700000 128 20 95050.39
3.700000 128 21 92962.10
3.700000 128 22 90767.16
3.700000 128 23 89136.63
3.700000 128 24 87549.67
3.700000 128 25 85974.13
3.700000 128 26 84742.22
3.700000 128 27 83677.82
3.700000 128 28 82208.31
3.700000 128 29 80808.24
3.700000 128 30 78658.83
3.700000 128 31 76758.33
3.700000 128 32 75113.64
3.700000 128 33 74035.62
3.700000 128 34 73013.12
3.700000 128 35 72612.67
3.700000 128 36 71666.42
3.700000 128 37 71029.53
3.700000 128 38 70659.16
3.700000 128 39 70130.94
3.700000 128 40 69838.60
3.700000 128 41 69609.83
3.700000 128 42 69185.37
3.700000 128 43 68788.69
3.700000 128 44 68298.90
3.700000 128 45 68862.70
3.700000 128 46 69560.34
3.700000 128 47 70079.33
3.700000 128 48 70919.06
3.700000 128 49 71602.78
3.700000 128 50 72053.44
3.700000 128 51 72471.27
3.700000 128 52 72774.12
3.700000 128 53 73318.56
3.700000 128 54 73761.26
3.700000 128 55 74347.02
3.700000 128 56 74702.15
3.700000 128 57 74400.29
3.700000 128 58 74421.34
3.700000 128 59 74627.20
3.700000 128 60 74600.87
3.700000 128 61 74629.77
3.700000 128 62 74664.69
3.700000 128 63 75207.76
3.700000 128 64 75631.13
3.700000 128 65 76224.21
3.700000 128 66 76827.93
3.700000 128 67 76625.83
3.700000 128 68 76518.47
3.700000 128 69 76552.56
3.700000 128 70 76111.64
3.700000 128 71 75488.67
3.700000 128 72 74736.74
3.700000 128 73 74292.74
3.700000 128 74 73507.85
3.700000 128 75 73105.04
3.700000 128 76 72708.38
3.700000 128 77 72364.19
3.700000 128 78 72207.63
3.700000 128 79 72095.10
3.700000 128 80 72144.00
3.700000 128 81 72422.87
3.700000 128 82 73080.60
3.700000 128 83 73827.15
3.700000 128 84 74453.05
3.700000 128 85 75236.66
3.700000 128 86 76203.34
3.700000 128 87 77298.82
3.700000 128 88 78260.21
3.700000 128 89 79188.15
3.700000 128 90 80043.16
3.700000 128 91 80938.73
3.700000 128 92 80700.36
3.700000 128 93 80600.38
3.700000 128 94 80300.88
3.700000 128 95 79579.22
3.700000 128 96 78769.99
3.700000 128 97 78350.72
3.700000 128 98 77502.32
3.700000 128 99 76777.79
3.700000 128 100 76677.78
3.700000 128 101 76922.68
3.700000 128 102 77005.32
3.700000 128 103 77129.01
3.700000 128 104 77010.20
3.700000 128 105 76848.98
3.700000 128 106 76419.44
3.700000 128 107 76166.26
3.700000 128 108 75268.52
3.700000 128 109 75209.58
3.700000 128 110 74573.73
3.700000 128 111 74285.03
3.700000 128 112 73998.18
3.700000 128 113 73521.56
3.700000 128 114 73143.05
3.700000 128 115 72235.40
3.700000 128 116 70875.29
3.700000 128 117 69753.47
3.700000 128 118 68865.45
3.700000 128 119 68181.80
3.700000 128 120 67553.41
3.700000 128 121 66938.25
3.700000 128 122 66492.87
3.700000 128 123 66238.56
3.700000 128 124 66005.94
3.700000 128 125 65661.07
3.700000 128 126 65567.35
3.700000 128 127 65550.70
3.700000 128 128 65020.68
3.700000 128 129 64786.88
3.700000 128 130 64654.52
3.700000 128 131 64558.42
3.700000 128 132 64826.29
3.700000 128 133 65216.05
3.700000 128 134 65005.39
3.700000 128 135 65087.94
3.700000 128 136 64485.94
3.700000 128 137 63138.51
3.700000 128 138 61724.56
3.700000 128 139 60031.36
3.700000 128 140 58155.24
3.700000 128 141 56077.21
3.700000 128 142 55074.64
3.700000 128 143 54905.00
3.700000 128 144 54693.58
3.700000 128 145 53674.30
3.700000 128 146 52929.88
3.700000 128 147 52230.63
3.700000 128 148 51529.47
3.700000 128 149 50955.58
3.700000 128 150 51431.28
3.700000 128 151 52210.40
3.700000 128 152 52854.38
3.700000 128 153 53519.89
3.700000 128 154 54148.83
3.700000 128 155 54777.02
3.700000 128 156 55471.37
3.700000 128 157 56058.19
3.700000 128 158 56694.77
3.700000 128 159 57359.44
3.700000 128 160 58080.40
3.700000 128 161 58635.54
3.700000 128 162 59639.68
3.700000 128 163 59546.38
3.700000 128 164 59737.54
3.700000 128 165 60193.47
3.700000 128 166 61768.70
3.700000 128 167 63200.65
3.700000 128 168 64223.44
3.700000 128 169 65465.94
3.700000 128 170 66873.65
3.700000 128 171 68286.33
3.700000 128 172 70013.96
3.700000 128 173 71608.87
3.700000 128 174 72969.51
3.700000 128 175 73973.83
3.700000 128 176 75064.74
3.700000 128 177 75899.66
3.700000 128 178 78842.76
3.700000 128 179 81994.14
3.700000 128 180 85182.09
3.700000 128 181 88508.03
3.700000 128 182 91555.57
3.700000 128 183 94418.87
3.700000 128 184 97137.29
3.700000 128 185 99480.85
3.700000 128 186 101820.03
3.700000 128 187 104357.30
3.700000 128 188 107132.16
3.700000 128 189 109815.71
3.700000 128 190 113048.18
3.700000 128 191 116232.77
3.700000 128 192 119188.88
3.700000 128 193 122208.32
3.700000 128 194 125300.99
3.700000 128 195 128173.55
3.700000 128 196 131197.37
3.700000 128 197 134373.52
3.700000 128 198 137373.79
3.700000 128 199 140533.57
