3.645000 48 0 28969.26
3.645000 48 1 23090.78
3.645000 48 2 18693.17
3.645000 48 3 15201.03
3.645000 48 4 12543.91
3.645000 48 5 10401.97
3.645000 48 6 8479.82
3.645000 48 7 6991.26
3.645000 48 8 5776.46
3.645000 48 9 4778.78
3.645000 48 10 3824.42
3.645000 48 11 3242.62
3.645000 48 12 2614.31
3.645000 48 13 2140.02
3.645000 48 14 1759.10
3.645000 48 15 1410.61
3.645000 48 16 1079.79
3.645000 48 17 964.85
3.645000 48 18 822.82
3.645000 48 19 816.60
3.645000 48 20 902.91
3.645000 48 21 740.55
3.645000 48 22 655.25
3.645000 48 23 447.98
3.645000 48 24 386.75
3.645000 48 25 187.76
3.645000 48 26 53.14
3.645000 48 27 -344.51
3.645000 48 28 -623.51
3.645000 48 29 -783.71
3.645000 48 30 -888.12
3.645000 48 31 -895.01
3.645000 48 32 -1002.49
3.645000 48 33 -938.52
3.645000 48 34 -857.49
3.645000 48 35 -720.65
3.645000 48 36 -714.39
3.645000 48 37 -779.75
3.645000 48 38 -792.93
3.645000 48 39 -922.24
3.645000 48 40 -1179.34
3.645000 48 41 -1334.22
3.645000 48 42 -1141.28
3.645000 48 43 -1075.97
3.645000 48 44 -993.27
3.645000 48 45 -932.80
3.645000 48 46 -737.12
3.645000 48 47 -665.04
3.645000 48 48 -478.25
3.645000 48 49 -240.73
3.645000 48 50 73.31
3.645000 48 51 568.50
3.645000 48 52 823.33
3.645000 48 53 949.31
3.645000 48 54 918.89
3.645000 48 55 1012.86
3.645000 48 56 1248.19
3.645000 48 57 1329.30
3.645000 48 58 1291.87
3.645000 48 59 1414.30
3.645000 48 60 1440.71
3.645000 48 61 1364.45
3.645000 48 62 1254.89
3.645000 48 63 1223.73
3.645000 48 64 1035.11
3.645000 48 65 832.80
3.645000 48 66 805.56
3.645000 48 67 784.40
3.645000 48 68 609.12
3.645000 48 69 642.00
3.645000 48 70 278.30
3.645000 48 71 113.71
3.645000 48 72 -186.92
3.645000 48 73 -369.66
3.645000 48 74 -466.16
3.645000 48 75 -527.53
3.645000 48 76 -668.66
3.645000 48 77 -625.23
3.645000 48 78 -593.36
3.645000 48 79 -442.32
3.645000 48 80 -353.22
3.645000 48 81 -427.26
3.645000 48 82 -389.16
3.645000 48 83 -194.15
3.645000 48 84 -190.44
3.645000 48 85 -272.00
3.645000 48 86 -404.21
3.645000 48 87 -427.61
3.645000 48 88 -272.41
3.645000 48 89 -147.89
3.645000 48 90 -111.14
3.645000 48 91 -139.13
3.645000 48 92 -222.47
3.645000 48 93 -509.94
3.645000 48 94 -812.96
3.645000 48 95 -957.80
3.645000 48 96 -1264.64
3.645000 48 97 -1430.99
3.645000 48 98 -1634.24
3.645000 48 99 -1702.02
3.645000 48 100 -1757.47
3.645000 48 101 -1817.81
3.645000 48 102 -1864.81
3.645000 48 103 -2023.26
3.645000 48 104 -2109.51
3.645000 48 105 -2219.32
3.645000 48 106 -2106.84
3.645000 48 107 -2050.06
3.645000 48 108 -2007.54
3.645000 48 109 -1958.89
3.645000 48 110 -1978.13
3.645000 48 111 -1907.20
3.645000 48 112 -1996.83
3.645000 48 113 -2084.06
3.645000 48 114 -1988.98
3.645000 48 115 -1757.58
3.645000 48 116 -1497.00
3.645000 48 117 -1386.19
3.645000 48 118 -1186.30
3.645000 48 119 -1333.83
3.645000 48 120 -1400.78
3.645000 48 121 -1605.78
3.645000 48 122 -1701.66
3.645000 48 123 -1660.48
3.645000 48 124 -1742.89
3.645000 48 125 -1677.50
3.645000 48 126 -1559.28
3.645000 48 127 -1430.81
3.645000 48 128 -1273.61
3.645000 48 129 -1160.86
3.645000 48 130 -1010.96
3.645000 48 131 -940.30
3.645000 48 132 -1014.12
3.645000 48 133 -1159.77
3.645000 48 134 -1168.33
3.645000 48 135 -1036.53
3.645000 48 136 -897.67
3.645000 48 137 -915.29
3.645000 48 138 -848.23
3.645000 48 139 -751.80
3.645000 48 140 -655.37
3.645000 48 141 -434.06
3.645000 48 142 -423.76
3.645000 48 143 -288.77
3.645000 48 144 -188.69
3.645000 48 145 -321.19
3.645000 48 146 -200.51
3.645000 48 147 -307.85
3.645000 48 148 -159.07
3.645000 48 149 -160.81
3.645000 48 150 50.41
3.645000 48 151 198.84
3.645000 48 152 359.79
3.645000 48 153 487.89
3.645000 48 154 547.27
3.645000 48 155 679.74
3.645000 48 156 872.68
3.645000 48 157 1066.18
3.645000 48 158 1271.41
3.645000 48 159 1217.98
3.645000 48 160 1146.42
3.645000 48 161 1068.49
3.645000 48 162 701.56
3.645000 48 163 297.90
3.645000 48 164 85.46
3.645000 48 165 -49.17
3.645000 48 166 -77.32
3.645000 48 167 -150.84
3.645000 48 168 -146.46
3.645000 48 169 -269.57
3.645000 48 170 -442.29
3.645000 48 171 -643.51
3.645000 48 172 -786.77
3.645000 48 173 -1054.90
3.645000 48 174 -1247.73
3.645000 48 175 -1376.08
3.645000 48 176 -1697.16
3.645000 48 177 -1941.96
3.645000 48 178 -1853.06
3.645000 48 179 -1801.48
3.645000 48 180 -1545.62
3.645000 48 181 -1313.45
3.645000 48 182 -1424.85
3.645000 48 183 -1377.96
3.645000 48 184 -1638.88
3.645000 48 185 -1938.69
3.645000 48 186 -2119.50
3.645000 48 187 -2208.77
3.645000 48 188 -2385.71
3.645000 48 189 -2661.47
3.645000 48 190 -2702.88
3.645000 48 191 -2715.13
3.645000 48 192 -2812.73
3.645000 48 193 -2896.50
3.645000 48 194 -2974.12
3.645000 48 195 -2949.67
3.645000 48 196 -2864.91
3.645000 48 197 -2823.14
3.645000 48 198 -2715.89
3.645000 48 199 -2717.80
