3.620000 96 0 114199.27
3.620000 96 1 89825.92
3.620000 96 2 71843.06
3.620000 96 3 56883.38
3.620000 96 4 45804.66
3.620000 96 5 37949.15
3.620000 96 6 31922.88
3.620000 96 7 26480.96
3.620000 96 8 22637.23
3.620000 96 9 18978.91
3.620000 96 10 17068.45
3.620000 96 11 15207.19
3.620000 96 12 13876.99
3.620000 96 13 12258.37
3.620000 96 14 10470.40
3.620000 96 15 9460.07
3.620000 96 16 7878.94
3.620000 96 17 7175.26
3.620000 96 18 6866.00
3.620000 96 19 8078.04
3.620000 96 20 7350.00
3.620000 96 21 7704.03
3.620000 96 22 7493.77
3.620000 96 23 7641.29
3.620000 96 24 8913.46
3.620000 96 25 10971.67
3.620000 96 26 11715.21
3.620000 96 27 12390.61
3.620000 96 28 12750.34
3.620000 96 29 12539.50
3.620000 96 30 12872.12
3.620000 96 31 12775.07
3.620000 96 32 12288.50
3.620000 96 33 12329.11
3.620000 96 34 11837.06
3.620000 96 35 11578.03
3.620000 96 36 11809.64
3.620000 96 37 12586.38
3.620000 96 38 13186.87
3.620000 96 39 13829.16
3.620000 96 40 15523.85
3.620000 96 41 16526.66
3.620000 96 42 17086.64
3.620000 96 43 16798.01
3.620000 96 44 17082.40
3.620000 96 45 17225.86
3.620000 96 46 17066.73
3.620000 96 47 16813.69
3.620000 96 48 16546.29
3.620000 96 49 15563.31
3.620000 96 50 14369.15
3.620000 96 51 14048.94
3.620000 96 52 14358.80
3.620000 96 53 14647.24
3.620000 96 54 14673.53
3.620000 96 55 14949.80
3.620000 96 56 14991.88
3.620000 96 57 14649.97
3.620000 96 58 14030.76
3.620000 96 59 12654.96
3.620000 96 60 12371.65
3.620000 96 61 11873.05
3.620000 96 62 11498.29
3.620000 96 63 12061.36
3.620000 96 64 11799.23
3.620000 96 65 11168.45
3.620000 96 66 10839.37
3.620000 96 67 10266.80
3.620000 96 68 9909.68
3.620000 96 69 9549.13
3.620000 96 70 9376.56
3.620000 96 71 8803.00
3.620000 96 72 8689.60
3.620000 96 73 8634.74
3.620000 96 74 8701.70
3.620000 96 75 9181.94
3.620000 96 76 9567.63
3.620000 96 77 9096.38
3.620000 96 78 8623.00
3.620000 96 79 8425.67
3.620000 96 80 8831.59
3.620000 96 81 10163.52
3.620000 96 82 10974.63
3.620000 96 83 10826.76
3.620000 96 84 10853.20
3.620000 96 85 11145.73
3.620000 96 86 10750.15
3.620000 96 87 10097.18
3.620000 96 88 9462.04
3.620000 96 89 7763.57
3.620000 96 90 6494.14
3.620000 96 91 5662.27
3.620000 96 92 4886.88
3.620000 96 93 4775.63
3.620000 96 94 3684.11
3.620000 96 95 3010.79
3.620000 96 96 2322.85
3.620000 96 97 1835.51
3.620000 96 98 1719.27
3.620000 96 99 1271.59
3.620000 96 100 1093.07
3.620000 96 101 2060.50
3.620000 96 102 2215.08
3.620000 96 103 2048.46
3.620000 96 104 1805.03
3.620000 96 105 2837.97
3.620000 96 106 4048.98
3.620000 96 107 5232.72
3.620000 96 108 5309.77
3.620000 96 109 6622.74
3.620000 96 110 6885.28
3.620000 96 111 7679.87
3.620000 96 112 7687.81
3.620000 96 113 7933.41
3.620000 96 114 8290.19
3.620000 96 115 8812.04
3.620000 96 116 8971.69
3.620000 96 117 8822.77
3.620000 96 118 8858.65
3.620000 96 119 7872.91
3.620000 96 120 7301.40
3.620000 96 121 7804.63
3.620000 96 122 7275.54
3.620000 96 123 6770.89
3.620000 96 124 6505.16
3.620000 96 125 5970.13
3.620000 96 126 5964.21
3.620000 96 127 5792.00
3.620000 96 128 5333.14
3.620000 96 129 5125.03
3.620000 96 130 3885.99
3.620000 96 131 2583.60
3.620000 96 132 1532.12
3.620000 96 133 -279.19
3.620000 96 134 -768.38
3.620000 96 135 -2206.18
3.620000 96 136 -2431.90
3.620000 96 137 -2476.20
3.620000 96 138 -1985.13
3.620000 96 139 -1568.66
3.620000 96 140 -2016.92
3.620000 96 141 -1591.55
3.620000 96 142 -1837.57
3.620000 96 143 -2074.20
3.620000 96 144 -2199.38
3.620000 96 145 -1759.45
3.620000 96 146 -2564.72
3.620000 96 147 -2576.75
3.620000 96 148 -2975.30
3.620000 96 149 -3083.78
3.620000 96 150 -3291.26
3.620000 96 151 -3370.20
3.620000 96 152 -3795.71
3.620000 96 153 -4676.58
3.620000 96 154 -5954.92
3.620000 96 155 -6264.32
3.620000 96 156 -6418.05
3.620000 96 157 -5898.74
3.620000 96 158 -5501.78
3.620000 96 159 -4709.16
3.620000 96 160 -4028.79
3.620000 96 161 -2820.20
3.620000 96 162 -2074.31
3.620000 96 163 -1039.16
3.620000 96 164 932.76
3.620000 96 165 2945.65
3.620000 96 166 4471.32
3.620000 96 167 6490.65
3.620000 96 168 7800.39
3.620000 96 169 9235.60
3.620000 96 170 9620.06
3.620000 96 171 9637.15
3.620000 96 172 9744.77
3.620000 96 173 10511.27
3.620000 96 174 11719.77
3.620000 96 175 13295.06
3.620000 96 176 14126.45
3.620000 96 177 13642.36
3.620000 96 178 12773.05
3.620000 96 179 11937.17
3.620000 96 180 12020.41
3.620000 96 181 11623.91
3.620000 96 182 10063.70
3.620000 96 183 8878.46
3.620000 96 184 7967.27
3.620000 96 185 6460.22
3.620000 96 186 4988.37
3.620000 96 187 3446.01
3.620000 96 188 2215.65
3.620000 96 189 1041.13
3.620000 96 190 268.67
3.620000 96 191 -513.85
3.620000 96 192 -885.08
3.620000 96 193 -614.42
3.620000 96 194 -519.27
3.620000 96 195 -447.43
3.620000 96 196 -387.63
3.620000 96 197 -814.47
3.620000 96 198 -1026.06
3.620000 96 199 -385.56
