2.266000 128 0 216915.37
2.266000 128 1 187578.71
2.266000 128 2 165069.80
2.266000 128 3 147558.67
2.266000 128 4 133344.98
2.266000 128 5 121205.93
2.266000 128 6 111486.77
2.266000 128 7 104001.87
2.266000 128 8 96615.49
2.266000 128 9 90643.83
2.266000 128 10 87070.64
2.266000 128 11 82756.83
2.266000 128 12 78625.06
2.266000 128 13 74799.08
2.266000 128 14 70324.41
2.266000 128 15 66393.13
2.266000 128 16 64660.79
2.266000 128 17 63244.04
2.266000 128 18 61497.72
2.266000 128 19 59430.27
2.266000 128 20 58555.78
2.266000 128 21 58456.69
2.266000 128 22 58865.61
2.266000 128 23 59496.73
2.266000 128 24 60211.00
2.266000 128 25 60218.23
2.266000 128 26 59288.63
2.266000 128 27 59251.93
2.266000 128 28 59440.80
2.266000 128 29 60760.55
2.266000 128 30 62331.13
2.266000 128 31 62194.56
2.266000 128 32 60071.83
2.266000 128 33 57827.35
2.266000 128 34 57441.23
2.266000 128 35 58077.54
2.266000 128 36 58640.59
2.266000 128 37 59712.63
2.266000 128 38 60335.74
2.266000 128 39 61776.77
2.266000 128 40 63053.76
2.266000 128 41 65986.52
2.266000 128 42 68617.41
2.266000 128 43 71571.86
2.266000 128 44 73197.76
2.266000 128 45 76707.30
2.266000 128 46 80454.14
2.266000 128 47 82807.26
2.266000 128 48 85001.50
2.266000 128 49 88370.99
2.266000 128 50 92597.34
2.266000 128 51 96981.76
2.266000 128 52 101347.51
2.266000 128 53 104347.67
2.266000 128 54 107504.18
2.266000 128 55 110427.65
2.266000 128 56 112014.13
2.266000 128 57 112184.74
2.266000 128 58 112368.61
2.266000 128 59 114178.30
2.266000 128 60 115567.74
2.266000 128 61 114825.01
2.266000 128 62 114948.66
2.266000 128 63 115980.60
2.266000 128 64 117641.35
2.266000 128 65 118925.51
2.266000 128 66 120719.83
2.266000 128 67 121625.02
2.266000 128 68 123283.27
2.266000 128 69 125744.15
2.266000 128 70 127605.57
2.266000 128 71 127782.99
2.266000 128 72 126839.42
2.266000 128 73 124707.52
2.266000 128 74 121870.27
2.266000 128 75 120652.61
2.266000 128 76 120903.24
2.266000 128 77 121580.39
2.266000 128 78 122491.53
2.266000 128 79 123910.98
2.266000 128 80 124952.09
2.266000 128 81 124901.04
2.266000 128 82 126812.80
2.266000 128 83 129713.79
2.266000 128 84 131991.32
2.266000 128 85 133977.01
2.266000 128 86 136519.39
2.266000 128 87 136024.31
2.266000 128 88 133080.08
2.266000 128 89 131941.63
2.266000 128 90 129773.26
2.266000 128 91 127201.74
2.266000 128 92 123708.79
2.266000 128 93 119590.15
2.266000 128 94 115657.88
2.266000 128 95 112897.32
2.266000 128 96 109469.80
2.266000 128 97 108946.59
2.266000 128 98 109209.27
2.266000 128 99 108459.26
2.266000 128 100 106823.09
2.266000 128 101 105359.64
2.266000 128 102 102419.22
2.266000 128 103 98648.90
2.266000 128 104 94907.23
2.266000 128 105 92404.72
2.266000 128 106 89453.66
2.266000 128 107 86808.44
2.266000 128 108 83589.42
2.266000 128 109 80353.92
2.266000 128 110 78037.50
2.266000 128 111 77053.97
2.266000 128 112 74963.21
2.266000 128 113 72732.04
2.266000 128 114 69127.16
2.266000 128 115 66192.06
2.266000 128 116 63056.33
2.266000 128 117 59527.78
2.266000 128 118 56902.38
2.266000 128 119 54263.52
2.266000 128 120 52009.37
2.266000 128 121 51255.83
2.266000 128 122 49818.54
2.266000 128 123 48107.64
2.266000 128 124 44946.46
2.266000 128 125 42750.51
2.266000 128 126 40525.31
2.266000 128 127 38676.93
2.266000 128 128 37186.44
2.266000 128 129 35814.40
2.266000 128 130 35835.69
2.266000 128 131 36872.74
2.266000 128 132 38190.34
2.266000 128 133 39265.79
2.266000 128 134 42421.07
2.266000 128 135 46202.56
2.266000 128 136 49714.19
2.266000 128 137 52731.79
2.266000 128 138 56280.93
2.266000 128 139 59103.41
2.266000 128 140 60644.61
2.266000 128 141 62232.72
2.266000 128 142 64035.43
2.266000 128 143 65473.68
2.266000 128 144 65871.16
2.266000 128 145 66522.86
2.266000 128 146 68492.04
2.266000 128 147 70330.39
2.266000 128 148 72513.84
2.266000 128 149 73114.33
2.266000 128 150 73013.25
2.266000 128 151 73498.48
2.266000 128 152 73905.55
2.266000 128 153 76012.22
2.266000 128 154 76553.15
2.266000 128 155 76573.84
2.266000 128 156 74944.19
2.266000 128 157 73772.51
2.266000 128 158 73609.82
2.266000 128 159 72413.25
2.266000 128 160 71159.68
2.266000 128 161 68975.68
2.266000 128 162 67257.98
2.266000 128 163 67139.02
2.266000 128 164 67463.05
2.266000 128 165 66294.54
2.266000 128 166 65051.30
2.266000 128 167 65537.98
2.266000 128 168 66511.90
2.266000 128 169 66715.22
2.266000 128 170 66670.58
2.266000 128 171 65687.95
2.266000 128 172 65228.27
2.266000 128 173 65959.11
2.266000 128 174 66539.59
2.266000 128 175 67239.49
2.266000 128 176 67609.75
2.266000 128 177 69346.55
2.266000 128 178 72153.27
2.266000 128 179 73692.35
2.266000 128 180 73516.11
2.266000 128 181 73312.81
2.266000 128 182 74610.01
2.266000 128 183 76981.34
2.266000 128 184 77757.96
2.266000 128 185 76303.62
2.266000 128 186 75156.00
2.266000 128 187 76673.31
2.266000 128 188 78023.09
2.266000 128 189 78998.68
2.266000 128 190 79155.44
2.266000 128 191 79063.75
2.266000 128 192 77375.60
2.266000 128 193 76653.00
2.266000 128 194 77467.68
2.266000 128 195 76739.38
2.266000 128 196 75613.11
2.266000 128 197 74678.63
2.266000 128 198 72456.02
2.266000 128 199 70812.90
