3.720000 96 0 212365.21
3.720000 96 1 200135.45
3.720000 96 2 189091.52
3.720000 96 3 179040.70
3.720000 96 4 169880.93
3.720000 96 5 161311.25
3.720000 96 6 153447.27
3.720000 96 7 146081.80
3.720000 96 8 139203.09
3.720000 96 9 132588.40
3.720000 96 10 126320.41
3.720000 96 11 120497.90
3.720000 96 12 115107.09
3.720000 96 13 110048.68
3.720000 96 14 105219.60
3.720000 96 15 100614.47
3.720000 96 16 96155.06
3.720000 96 17 91948.63
3.720000 96 18 88065.83
3.720000 96 19 84401.04
3.720000 96 20 81081.97
3.720000 96 21 77867.70
3.720000 96 22 74847.50
3.720000 96 23 71902.57
3.720000 96 24 69224.84
3.720000 96 25 66725.35
3.720000 96 26 64380.85
3.720000 96 27 62174.40
3.720000 96 28 60003.68
3.720000 96 29 57858.22
3.720000 96 30 55718.43
3.720000 96 31 53739.46
3.720000 96 32 51840.64
3.720000 96 33 50058.77
3.720000 96 34 48326.04
3.720000 96 35 46684.36
3.720000 96 36 44994.51
3.720000 96 37 43324.26
3.720000 96 38 41902.87
3.720000 96 39 40452.50
3.720000 96 40 39118.18
3.720000 96 41 37754.66
3.720000 96 42 36589.07
3.720000 96 43 35441.33
3.720000 96 44 34098.15
3.720000 96 45 32910.31
3.720000 96 46 31847.95
3.720000 96 47 30754.03
3.720000 96 48 29648.42
3.720000 96 49 28580.76
3.720000 96 50 27675.67
3.720000 96 51 26824.01
3.720000 96 52 25905.98
3.720000 96 53 25034.08
3.720000 96 54 24236.38
3.720000 96 55 23422.66
3.720000 96 56 22621.33
3.720000 96 57 21739.80
3.720000 96 58 20998.91
3.720000 96 59 20200.14
3.720000 96 60 19416.23
3.720000 96 61 18744.60
3.720000 96 62 18075.64
3.720000 96 63 17391.83
3.720000 96 64 16744.96
3.720000 96 65 16250.55
3.720000 96 66 15631.13
3.720000 96 67 14977.32
3.720000 96 68 14353.17
3.720000 96 69 13779.60
3.720000 96 70 13309.22
3.720000 96 71 12843.91
3.720000 96 72 12396.62
3.720000 96 73 11865.31
3.720000 96 74 11437.83
3.720000 96 75 11003.43
3.720000 96 76 10537.39
3.720000 96 77 10113.68
3.720000 96 78 9765.07
3.720000 96 79 9499.26
3.720000 96 80 9264.58
3.720000 96 81 8990.94
3.720000 96 82 8775.33
3.720000 96 83 8656.90
3.720000 96 84 8536.24
3.720000 96 85 8598.12
3.720000 96 86 8589.11
3.720000 96 87 8672.93
3.720000 96 88 8784.22
3.720000 96 89 8820.46
3.720000 96 90 8774.37
3.720000 96 91 8679.79
3.720000 96 92 8631.03
3.720000 96 93 8641.51
3.720000 96 94 8537.11
3.720000 96 95 8360.29
3.720000 96 96 8083.31
3.720000 96 97 7712.57
3.720000 96 98 7504.81
3.720000 96 99 7398.35
3.720000 96 100 7189.08
3.720000 96 101 6948.33
3.720000 96 102 6719.66
3.720000 96 103 6573.61
3.720000 96 104 6561.59
3.720000 96 105 6391.36
3.720000 96 106 6200.63
3.720000 96 107 5920.88
3.720000 96 108 5636.17
3.720000 96 109 5338.46
3.720000 96 110 5054.32
3.720000 96 111 4912.28
3.720000 96 112 4883.75
3.720000 96 113 4709.72
3.720000 96 114 4455.85
3.720000 96 115 4248.73
3.720000 96 116 4092.10
3.720000 96 117 3782.47
3.720000 96 118 3569.39
3.720000 96 119 3499.55
3.720000 96 120 3433.66
3.720000 96 121 3426.56
3.720000 96 122 3438.73
3.720000 96 123 3582.62
3.720000 96 124 3644.44
3.720000 96 125 3760.30
3.720000 96 126 3874.30
3.720000 96 127 4010.35
3.720000 96 128 4157.03
3.720000 96 129 4305.53
3.720000 96 130 4452.37
3.720000 96 131 4385.55
3.720000 96 132 4382.75
3.720000 96 133 4353.85
3.720000 96 134 4431.24
3.720000 96 135 4436.01
3.720000 96 136 4497.42
3.720000 96 137 4588.92
3.720000 96 138 4666.07
3.720000 96 139 4633.89
3.720000 96 140 4717.31
3.720000 96 141 4787.74
3.720000 96 142 4907.31
3.720000 96 143 5035.54
3.720000 96 144 5298.42
3.720000 96 145 5505.22
3.720000 96 146 5721.35
3.720000 96 147 5892.62
3.720000 96 148 6029.90
3.720000 96 149 6192.76
3.720000 96 150 6378.77
3.720000 96 151 6504.20
3.720000 96 152 6609.49
3.720000 96 153 6720.15
3.720000 96 154 6780.43
3.720000 96 155 6791.02
3.720000 96 156 6769.22
3.720000 96 157 6632.86
3.720000 96 158 6374.21
3.720000 96 159 6245.41
3.720000 96 160 6043.53
3.720000 96 161 5730.90
3.720000 96 162 5477.26
3.720000 96 163 5191.82
3.720000 96 164 4959.84
3.720000 96 165 4841.57
3.720000 96 166 4757.82
3.720000 96 167 4554.29
3.720000 96 168 4317.03
3.720000 96 169 4090.87
3.720000 96 170 3838.11
3.720000 96 171 3588.03
3.720000 96 172 3255.46
3.720000 96 173 3078.07
3.720000 96 174 3028.52
3.720000 96 175 3047.92
3.720000 96 176 2876.23
3.720000 96 177 2786.36
3.720000 96 178 2736.67
3.720000 96 179 2760.66
3.720000 96 180 2872.34
3.720000 96 181 3072.02
3.720000 96 182 3297.93
3.720000 96 183 3347.54
3.720000 96 184 3508.82
3.720000 96 185 3624.61
3.720000 96 186 3781.47
3.720000 96 187 3651.43
3.720000 96 188 3479.38
3.720000 96 189 3478.09
3.720000 96 190 3548.22
3.720000 96 191 3668.99
3.720000 96 192 3757.12
3.720000 96 193 3924.58
3.720000 96 194 4140.91
3.720000 96 195 4421.63
3.720000 96 196 4632.29
3.720000 96 197 4594.03
3.720000 96 198 4648.21
3.720000 96 199 4658.76
