2.264000 128 0 194914.54
2.264000 128 1 165735.72
2.264000 128 2 141900.27
2.264000 128 3 122299.58
2.264000 128 4 105906.57
2.264000 128 5 91774.40
2.264000 128 6 80641.40
2.264000 128 7 72182.13
2.264000 128 8 63745.84
2.264000 128 9 56206.51
2.264000 128 10 49596.85
2.264000 128 11 43482.75
2.264000 128 12 38176.05
2.264000 128 13 34103.61
2.264000 128 14 30375.55
2.264000 128 15 27923.62
2.264000 128 16 26226.00
2.264000 128 17 25096.76
2.264000 128 18 25305.16
2.264000 128 19 24581.61
2.264000 128 20 23067.10
2.264000 128 21 21429.59
2.264000 128 22 20241.03
2.264000 128 23 17670.50
2.264000 128 24 16047.10
2.264000 128 25 15543.01
2.264000 128 26 15757.59
2.264000 128 27 14520.68
2.264000 128 28 13004.47
2.264000 128 29 11581.83
2.264000 128 30 10785.76
2.264000 128 31 9622.21
2.264000 128 32 10231.99
2.264000 128 33 11655.78
2.264000 128 34 10786.29
2.264000 128 35 10509.56
2.264000 128 36 11160.49
2.264000 128 37 11403.40
2.264000 128 38 8737.20
2.264000 128 39 6510.93
2.264000 128 40 4863.89
2.264000 128 41 4069.10
2.264000 128 42 2743.26
2.264000 128 43 1754.38
2.264000 128 44 695.65
2.264000 128 45 -1813.06
2.264000 128 46 -3442.99
2.264000 128 47 -5832.14
2.264000 128 48 -7185.67
2.264000 128 49 -9272.95
2.264000 128 50 -11359.11
2.264000 128 51 -11059.94
2.264000 128 52 -11706.17
2.264000 128 53 -12304.61
2.264000 128 54 -13126.15
2.264000 128 55 -14145.67
2.264000 128 56 -14356.15
2.264000 128 57 -14626.36
2.264000 128 58 -13805.27
2.264000 128 59 -13912.96
2.264000 128 60 -12452.36
2.264000 128 61 -11752.95
2.264000 128 62 -9481.99
2.264000 128 63 -9979.16
2.264000 128 64 -11334.74
2.264000 128 65 -12084.07
2.264000 128 66 -14126.04
2.264000 128 67 -15402.26
2.264000 128 68 -16529.14
2.264000 128 69 -19245.12
2.264000 128 70 -20457.27
2.264000 128 71 -21740.07
2.264000 128 72 -22782.12
2.264000 128 73 -24237.82
2.264000 128 74 -26982.52
2.264000 128 75 -28390.49
2.264000 128 76 -28997.41
2.264000 128 77 -31197.62
2.264000 128 78 -33633.33
2.264000 128 79 -37263.30
2.264000 128 80 -40403.89
2.264000 128 81 -42399.86
2.264000 128 82 -44449.78
2.264000 128 83 -46068.67
2.264000 128 84 -48327.08
2.264000 128 85 -50371.71
2.264000 128 86 -51065.13
2.264000 128 87 -53549.33
2.264000 128 88 -54625.31
2.264000 128 89 -55790.06
2.264000 128 90 -57457.22
2.264000 128 91 -59690.78
2.264000 128 92 -60946.03
2.264000 128 93 -61625.98
2.264000 128 94 -61291.09
2.264000 128 95 -61251.37
2.264000 128 96 -62117.63
2.264000 128 97 -62432.79
2.264000 128 98 -63721.16
2.264000 128 99 -64578.94
2.264000 128 100 -67773.44
2.264000 128 101 -70226.97
2.264000 128 102 -72336.23
2.264000 128 103 -74122.13
2.264000 128 104 -75258.39
2.264000 128 105 -77327.96
2.264000 128 106 -80318.46
2.264000 128 107 -83058.28
2.264000 128 108 -83758.31
2.264000 128 109 -83616.61
2.264000 128 110 -84824.66
2.264000 128 111 -84318.65
2.264000 128 112 -85168.33
2.264000 128 113 -88218.24
2.264000 128 114 -90423.77
2.264000 128 115 -91973.33
2.264000 128 116 -93537.69
2.264000 128 117 -94856.66
2.264000 128 118 -95902.77
2.264000 128 119 -97616.29
2.264000 128 120 -97263.06
2.264000 128 121 -98046.34
2.264000 128 122 -97663.14
2.264000 128 123 -98043.33
2.264000 128 124 -100306.75
2.264000 128 125 -103870.44
2.264000 128 126 -105831.51
2.264000 128 127 -105586.32
2.264000 128 128 -104836.09
2.264000 128 129 -104038.05
2.264000 128 130 -103056.08
2.264000 128 131 -101528.40
2.264000 128 132 -100392.78
2.264000 128 133 -98794.47
2.264000 128 134 -96771.30
2.264000 128 135 -96257.93
2.264000 128 136 -97468.60
2.264000 128 137 -97524.94
2.264000 128 138 -98842.46
2.264000 128 139 -100608.37
2.264000 128 140 -100656.43
2.264000 128 141 -99843.29
2.264000 128 142 -101479.05
2.264000 128 143 -103254.74
2.264000 128 144 -103897.96
2.264000 128 145 -105515.69
2.264000 128 146 -104790.94
2.264000 128 147 -103793.16
2.264000 128 148 -101985.51
2.264000 128 149 -102288.92
2.264000 128 150 -102459.24
2.264000 128 151 -103454.28
2.264000 128 152 -102524.01
2.264000 128 153 -101533.19
2.264000 128 154 -101488.66
2.264000 128 155 -101423.56
2.264000 128 156 -101255.00
2.264000 128 157 -101312.77
2.264000 128 158 -99281.29
2.264000 128 159 -97734.76
2.264000 128 160 -96403.47
2.264000 128 161 -96224.83
2.264000 128 162 -97924.92
2.264000 128 163 -99536.17
2.264000 128 164 -100270.41
2.264000 128 165 -100824.39
2.264000 128 166 -102321.50
2.264000 128 167 -103373.19
2.264000 128 168 -104919.46
2.264000 128 169 -106641.91
2.264000 128 170 -107114.27
2.264000 128 171 -108628.04
2.264000 128 172 -110789.04
2.264000 128 173 -112626.04
2.264000 128 174 -114721.49
2.264000 128 175 -116473.36
2.264000 128 176 -118444.75
2.264000 128 177 -122486.69
2.264000 128 178 -124980.26
2.264000 128 179 -126670.50
2.264000 128 180 -128585.25
2.264000 128 181 -129506.58
2.264000 128 182 -131193.63
2.264000 128 183 -132016.23
2.264000 128 184 -133795.92
2.264000 128 185 -136489.76
2.264000 128 186 -138643.90
2.264000 128 187 -139792.49
2.264000 128 188 -140906.06
2.264000 128 189 -141150.20
2.264000 128 190 -139813.09
2.264000 128 191 -139564.78
2.264000 128 192 -139898.86
2.264000 128 193 -140249.94
2.264000 128 194 -142726.10
2.264000 128 195 -143905.06
2.264000 128 196 -144865.28
2.264000 128 197 -144713.31
2.264000 128 198 -144944.00
2.264000 128 199 -144252.51
