2.252000 128 0 181308.83
2.252000 128 1 145607.83
2.252000 128 2 119421.70
2.252000 128 3 98624.87
2.252000 128 4 83734.81
2.252000 128 5 70742.79
2.252000 128 6 60061.19
2.252000 128 7 51792.18
2.252000 128 8 45381.89
2.252000 128 9 41438.33
2.252000 128 10 36893.96
2.252000 128 11 34456.29
2.252000 128 12 33568.60
2.252000 128 13 32372.00
2.252000 128 14 33169.35
2.252000 128 15 32292.29
2.252000 128 16 31800.13
2.252000 128 17 32014.09
2.252000 128 18 32005.76
2.252000 128 19 30169.99
2.252000 128 20 27971.99
2.252000 128 21 25533.32
2.252000 128 22 25658.47
2.252000 128 23 26403.72
2.252000 128 24 26315.09
2.252000 128 25 25470.83
2.252000 128 26 25838.05
2.252000 128 27 24726.31
2.252000 128 28 24394.74
2.252000 128 29 23403.75
2.252000 128 30 23399.08
2.252000 128 31 23656.15
2.252000 128 32 23990.34
2.252000 128 33 25287.38
2.252000 128 34 24728.10
2.252000 128 35 24805.83
2.252000 128 36 25045.30
2.252000 128 37 23001.89
2.252000 128 38 20451.20
2.252000 128 39 18924.33
2.252000 128 40 17577.16
2.252000 128 41 16284.55
2.252000 128 42 14785.00
2.252000 128 43 12545.05
2.252000 128 44 9765.90
2.252000 128 45 9639.16
2.252000 128 46 10186.14
2.252000 128 47 9912.15
2.252000 128 48 7876.00
2.252000 128 49 6712.62
2.252000 128 50 5475.35
2.252000 128 51 5816.35
2.252000 128 52 5917.50
2.252000 128 53 6659.09
2.252000 128 54 7787.68
2.252000 128 55 5642.08
2.252000 128 56 4052.39
2.252000 128 57 2039.54
2.252000 128 58 908.75
2.252000 128 59 135.50
2.252000 128 60 -104.84
2.252000 128 61 -1922.36
2.252000 128 62 -3724.81
2.252000 128 63 -5474.41
2.252000 128 64 -5794.33
2.252000 128 65 -6192.07
2.252000 128 66 -6886.28
2.252000 128 67 -8545.44
2.252000 128 68 -8605.38
2.252000 128 69 -10575.26
2.252000 128 70 -11556.14
2.252000 128 71 -11472.17
2.252000 128 72 -12683.42
2.252000 128 73 -13622.95
2.252000 128 74 -14127.35
2.252000 128 75 -16029.42
2.252000 128 76 -18021.96
2.252000 128 77 -17419.87
2.252000 128 78 -17266.62
2.252000 128 79 -16015.30
2.252000 128 80 -15674.84
2.252000 128 81 -15887.08
2.252000 128 82 -15600.39
2.252000 128 83 -16137.89
2.252000 128 84 -16526.22
2.252000 128 85 -17218.01
2.252000 128 86 -18404.95
2.252000 128 87 -19486.14
2.252000 128 88 -20582.27
2.252000 128 89 -20275.51
2.252000 128 90 -19965.52
2.252000 128 91 -19548.84
2.252000 128 92 -19142.80
2.252000 128 93 -17780.89
2.252000 128 94 -15539.60
2.252000 128 95 -15067.13
2.252000 128 96 -13894.00
2.252000 128 97 -14953.56
2.252000 128 98 -16156.32
2.252000 128 99 -17385.67
2.252000 128 100 -17699.74
2.252000 128 101 -17290.91
2.252000 128 102 -18332.24
2.252000 128 103 -18803.72
2.252000 128 104 -19834.53
2.252000 128 105 -20019.24
2.252000 128 106 -20865.03
2.252000 128 107 -19983.55
2.252000 128 108 -19702.46
2.252000 128 109 -20548.98
2.252000 128 110 -20650.27
2.252000 128 111 -20247.18
2.252000 128 112 -18290.54
2.252000 128 113 -16669.13
2.252000 128 114 -14817.98
2.252000 128 115 -13833.28
2.252000 128 116 -13852.58
2.252000 128 117 -14612.71
2.252000 128 118 -16380.63
2.252000 128 119 -15322.67
2.252000 128 120 -14755.28
2.252000 128 121 -13458.99
2.252000 128 122 -13456.95
2.252000 128 123 -12883.79
2.252000 128 124 -10383.79
2.252000 128 125 -11386.05
2.252000 128 126 -12832.80
2.252000 128 127 -13131.39
2.252000 128 128 -13236.44
2.252000 128 129 -12993.43
2.252000 128 130 -12474.64
2.252000 128 131 -10744.62
2.252000 128 132 -10775.86
2.252000 128 133 -9897.22
2.252000 128 134 -8578.40
2.252000 128 135 -8018.35
2.252000 128 136 -7956.21
2.252000 128 137 -8754.81
2.252000 128 138 -8531.79
2.252000 128 139 -8414.92
2.252000 128 140 -7716.68
2.252000 128 141 -6776.68
2.252000 128 142 -6252.02
2.252000 128 143 -4787.33
2.252000 128 144 -3993.25
2.252000 128 145 -4037.86
2.252000 128 146 -2813.64
2.252000 128 147 -1013.58
2.252000 128 148 366.23
2.252000 128 149 652.32
2.252000 128 150 1601.54
2.252000 128 151 2480.86
2.252000 128 152 3796.68
2.252000 128 153 6309.37
2.252000 128 154 8316.43
2.252000 128 155 10729.61
2.252000 128 156 11929.68
2.252000 128 157 12141.49
2.252000 128 158 10583.81
2.252000 128 159 11927.71
2.252000 128 160 13607.26
2.252000 128 161 14515.49
2.252000 128 162 14806.29
2.252000 128 163 13754.91
2.252000 128 164 14159.70
2.252000 128 165 14916.98
2.252000 128 166 14476.16
2.252000 128 167 13657.37
2.252000 128 168 11908.70
2.252000 128 169 10254.61
2.252000 128 170 10020.84
2.252000 128 171 9871.14
2.252000 128 172 8763.18
2.252000 128 173 8512.55
2.252000 128 174 8367.15
2.252000 128 175 8874.64
2.252000 128 176 8173.76
2.252000 128 177 8133.18
2.252000 128 178 8713.40
2.252000 128 179 8684.16
2.252000 128 180 9911.96
2.252000 128 181 11280.83
2.252000 128 182 11809.16
2.252000 128 183 11778.05
2.252000 128 184 12961.59
2.252000 128 185 13776.12
2.252000 128 186 13700.50
2.252000 128 187 12326.07
2.252000 128 188 10089.39
2.252000 128 189 9413.73
2.252000 128 190 8290.06
2.252000 128 191 6044.88
2.252000 128 192 2975.74
2.252000 128 193 3123.42
2.252000 128 194 2403.52
2.252000 128 195 2562.38
2.252000 128 196 1683.99
2.252000 128 197 466.27
2.252000 128 198 -226.64
2.252000 128 199 -1500.51
