3.800000 32 0 22696.68
3.800000 32 1 19460.86
3.800000 32 2 16820.36
3.800000 32 3 14642.41
3.800000 32 4 12802.52
3.800000 32 5 11245.07
3.800000 32 6 9875.93
3.800000 32 7 8711.91
3.800000 32 8 7705.60
3.800000 32 9 6803.19
3.800000 32 10 6029.23
3.800000 32 11 5388.66
3.800000 32 12 4834.42
3.800000 32 13 4347.87
3.800000 32 14 3915.58
3.800000 32 15 3500.73
3.800000 32 16 3133.99
3.800000 32 17 2807.96
3.800000 32 18 2501.72
3.800000 32 19 2261.82
3.800000 32 20 2047.88
3.800000 32 21 1838.03
3.800000 32 22 1626.24
3.800000 32 23 1435.95
3.800000 32 24 1279.20
3.800000 32 25 1138.20
3.800000 32 26 1013.17
3.800000 32 27 915.53
3.800000 32 28 841.94
3.800000 32 29 740.24
3.800000 32 30 675.80
3.800000 32 31 598.66
3.800000 32 32 546.59
3.800000 32 33 489.11
3.800000 32 34 431.72
3.800000 32 35 391.33
3.800000 32 36 361.31
3.800000 32 37 338.39
3.800000 32 38 288.67
3.800000 32 39 233.13
3.800000 32 40 212.82
3.800000 32 41 202.57
3.800000 32 42 208.63
3.800000 32 43 196.70
3.800000 32 44 198.95
3.800000 32 45 204.71
3.800000 32 46 232.34
3.800000 32 47 236.21
3.800000 32 48 223.10
3.800000 32 49 191.52
3.800000 32 50 150.48
3.800000 32 51 137.24
3.800000 32 52 133.87
3.800000 32 53 140.03
3.800000 32 54 178.63
3.800000 32 55 193.37
3.800000 32 56 188.67
3.800000 32 57 176.90
3.800000 32 58 193.49
3.800000 32 59 197.85
3.800000 32 60 200.01
3.800000 32 61 164.65
3.800000 32 62 131.71
3.800000 32 63 94.08
3.800000 32 64 43.71
3.800000 32 65 -38.47
3.800000 32 66 -111.66
3.800000 32 67 -160.91
3.800000 32 68 -182.39
3.800000 32 69 -216.09
3.800000 32 70 -222.45
3.800000 32 71 -270.70
3.800000 32 72 -311.30
3.800000 32 73 -335.99
3.800000 32 74 -346.58
3.800000 32 75 -399.20
3.800000 32 76 -422.71
3.800000 32 77 -402.38
3.800000 32 78 -386.96
3.800000 32 79 -375.66
3.800000 32 80 -362.50
3.800000 32 81 -359.78
3.800000 32 82 -368.40
3.800000 32 83 -416.95
3.800000 32 84 -494.14
3.800000 32 85 -572.75
3.800000 32 86 -639.05
3.800000 32 87 -654.43
3.800000 32 88 -636.25
3.800000 32 89 -607.61
3.800000 32 90 -611.83
3.800000 32 91 -577.88
3.800000 32 92 -553.88
3.800000 32 93 -555.68
3.800000 32 94 -607.57
3.800000 32 95 -610.07
3.800000 32 96 -627.99
3.800000 32 97 -642.40
3.800000 32 98 -642.21
3.800000 32 99 -610.54
3.800000 32 100 -588.59
3.800000 32 101 -587.17
3.800000 32 102 -609.92
3.800000 32 103 -643.34
3.800000 32 104 -657.18
3.800000 32 105 -667.10
3.800000 32 106 -663.31
3.800000 32 107 -664.92
3.800000 32 108 -641.47
3.800000 32 109 -642.70
3.800000 32 110 -625.26
3.800000 32 111 -585.20
3.800000 32 112 -569.19
3.800000 32 113 -553.26
3.800000 32 114 -532.96
3.800000 32 115 -522.18
3.800000 32 116 -472.16
3.800000 32 117 -434.66
3.800000 32 118 -390.09
3.800000 32 119 -332.13
3.800000 32 120 -309.98
3.800000 32 121 -278.32
3.800000 32 122 -236.25
3.800000 32 123 -228.39
3.800000 32 124 -209.81
3.800000 32 125 -191.50
3.800000 32 126 -186.38
3.800000 32 127 -192.45
3.800000 32 128 -214.07
3.800000 32 129 -244.86
3.800000 32 130 -306.52
3.800000 32 131 -327.88
3.800000 32 132 -323.37
3.800000 32 133 -372.81
3.800000 32 134 -402.40
3.800000 32 135 -389.90
3.800000 32 136 -403.26
3.800000 32 137 -414.44
3.800000 32 138 -401.38
3.800000 32 139 -379.90
3.800000 32 140 -340.48
3.800000 32 141 -295.22
3.800000 32 142 -272.65
3.800000 32 143 -234.61
3.800000 32 144 -206.21
3.800000 32 145 -170.94
3.800000 32 146 -200.27
3.800000 32 147 -215.67
3.800000 32 148 -242.37
3.800000 32 149 -254.84
3.800000 32 150 -272.53
3.800000 32 151 -316.29
3.800000 32 152 -325.78
3.800000 32 153 -349.12
3.800000 32 154 -388.61
3.800000 32 155 -453.80
3.800000 32 156 -492.69
3.800000 32 157 -527.33
3.800000 32 158 -561.91
3.800000 32 159 -579.51
3.800000 32 160 -589.24
3.800000 32 161 -587.30
3.800000 32 162 -577.02
3.800000 32 163 -560.01
3.800000 32 164 -517.68
3.800000 32 165 -492.03
3.800000 32 166 -482.57
3.800000 32 167 -463.37
3.800000 32 168 -462.21
3.800000 32 169 -424.56
3.800000 32 170 -384.80
3.800000 32 171 -384.01
3.800000 32 172 -394.93
3.800000 32 173 -402.12
3.800000 32 174 -392.92
3.800000 32 175 -348.91
3.800000 32 176 -295.72
3.800000 32 177 -268.96
3.800000 32 178 -216.54
3.800000 32 179 -136.65
3.800000 32 180 -62.45
3.800000 32 181  4.42
3.800000 32 182 47.13
3.800000 32 183 95.26
3.800000 32 184 147.79
3.800000 32 185 137.81
3.800000 32 186 109.21
3.800000 32 187 101.75
3.800000 32 188 123.26
3.800000 32 189 159.83
3.800000 32 190 174.30
3.800000 32 191 197.18
3.800000 32 192 216.27
3.800000 32 193 236.96
3.800000 32 194 241.76
3.800000 32 195 243.67
3.800000 32 196 228.19
3.800000 32 197 221.52
3.800000 32 198 232.95
3.800000 32 199 276.89
