3.638000 32 0 25073.68
3.638000 32 1 18636.25
3.638000 32 2 14163.61
3.638000 32 3 10975.00
3.638000 32 4 8554.68
3.638000 32 5 6747.17
3.638000 32 6 5315.08
3.638000 32 7 4215.16
3.638000 32 8 3392.86
3.638000 32 9 2745.15
3.638000 32 10 2253.73
3.638000 32 11 1758.91
3.638000 32 12 1344.23
3.638000 32 13 1039.78
3.638000 32 14 808.26
3.638000 32 15 664.80
3.638000 32 16 552.70
3.638000 32 17 481.75
3.638000 32 18 400.92
3.638000 32 19 301.29
3.638000 32 20 199.40
3.638000 32 21 127.48
3.638000 32 22 129.75
3.638000 32 23 119.73
3.638000 32 24 121.30
3.638000 32 25 52.33
3.638000 32 26 -81.08
3.638000 32 27 -130.16
3.638000 32 28 -177.05
3.638000 32 29 -228.29
3.638000 32 30 -217.17
3.638000 32 31 -204.43
3.638000 32 32 -136.89
3.638000 32 33 -116.74
3.638000 32 34 -107.92
3.638000 32 35 -77.59
3.638000 32 36 -62.44
3.638000 32 37 -24.18
3.638000 32 38 -43.23
3.638000 32 39 -2.27
3.638000 32 40 -41.82
3.638000 32 41 -73.92
3.638000 32 42 -111.78
3.638000 32 43 -171.11
3.638000 32 44 -105.13
3.638000 32 45 -33.00
3.638000 32 46 -27.74
3.638000 32 47  1.82
3.638000 32 48 32.28
3.638000 32 49 34.86
3.638000 32 50  7.91
3.638000 32 51 -33.41
3.638000 32 52 -5.56
3.638000 32 53 -16.27
3.638000 32 54 46.12
3.638000 32 55 60.61
3.638000 32 56 54.87
3.638000 32 57 52.98
3.638000 32 58 24.36
3.638000 32 59 84.46
3.638000 32 60 123.72
3.638000 32 61 170.12
3.638000 32 62 167.62
3.638000 32 63 168.20
3.638000 32 64 150.14
3.638000 32 65 205.46
3.638000 32 66 244.78
3.638000 32 67 228.35
3.638000 32 68 172.28
3.638000 32 69 121.18
3.638000 32 70 176.85
3.638000 32 71 196.07
3.638000 32 72 232.09
3.638000 32 73 243.62
3.638000 32 74 258.03
3.638000 32 75 301.75
3.638000 32 76 323.60
3.638000 32 77 329.67
3.638000 32 78 325.12
3.638000 32 79 321.59
3.638000 32 80 305.87
3.638000 32 81 282.71
3.638000 32 82 177.80
3.638000 32 83 104.53
3.638000 32 84 114.58
3.638000 32 85 146.78
3.638000 32 86 188.61
3.638000 32 87 153.60
3.638000 32 88 86.57
3.638000 32 89 85.85
3.638000 32 90 112.90
3.638000 32 91 118.83
3.638000 32 92 96.69
3.638000 32 93 99.51
3.638000 32 94 71.15
3.638000 32 95 49.96
3.638000 32 96 76.19
3.638000 32 97 66.08
3.638000 32 98 51.50
3.638000 32 99 70.87
3.638000 32 100 57.13
3.638000 32 101 20.19
3.638000 32 102 16.03
3.638000 32 103 -32.59
3.638000 32 104 -5.73
3.638000 32 105 -11.40
3.638000 32 106 -26.04
3.638000 32 107 -54.23
3.638000 32 108 -78.62
3.638000 32 109 -85.62
3.638000 32 110 -125.93
3.638000 32 111 -133.35
3.638000 32 112 -84.91
3.638000 32 113 -57.93
3.638000 32 114 34.94
3.638000 32 115 32.98
3.638000 32 116 86.41
3.638000 32 117 63.92
3.638000 32 118 110.28
3.638000 32 119 122.03
3.638000 32 120 143.57
3.638000 32 121 123.94
3.638000 32 122 164.06
3.638000 32 123 209.69
3.638000 32 124 181.07
3.638000 32 125 171.19
3.638000 32 126 171.34
3.638000 32 127 139.27
3.638000 32 128 132.59
3.638000 32 129 104.04
3.638000 32 130 107.43
3.638000 32 131 161.98
3.638000 32 132 174.58
3.638000 32 133 237.33
3.638000 32 134 251.12
3.638000 32 135 280.95
3.638000 32 136 272.42
3.638000 32 137 230.37
3.638000 32 138 262.05
3.638000 32 139 289.49
3.638000 32 140 197.13
3.638000 32 141 207.09
3.638000 32 142 218.48
3.638000 32 143 216.53
3.638000 32 144 230.06
3.638000 32 145 226.13
3.638000 32 146 213.06
3.638000 32 147 287.92
3.638000 32 148 345.27
3.638000 32 149 373.24
3.638000 32 150 404.53
3.638000 32 151 455.94
3.638000 32 152 495.19
3.638000 32 153 503.60
3.638000 32 154 564.57
3.638000 32 155 613.63
3.638000 32 156 624.70
3.638000 32 157 570.84
3.638000 32 158 522.94
3.638000 32 159 485.00
3.638000 32 160 510.32
3.638000 32 161 499.21
3.638000 32 162 507.25
3.638000 32 163 542.04
3.638000 32 164 485.29
3.638000 32 165 408.55
3.638000 32 166 332.43
3.638000 32 167 265.79
3.638000 32 168 232.30
3.638000 32 169 241.27
3.638000 32 170 249.94
3.638000 32 171 161.90
3.638000 32 172 138.72
3.638000 32 173 125.32
3.638000 32 174 73.40
3.638000 32 175 53.23
3.638000 32 176 66.02
3.638000 32 177 123.41
3.638000 32 178 175.80
3.638000 32 179 182.50
3.638000 32 180 179.06
3.638000 32 181 168.54
3.638000 32 182 221.83
3.638000 32 183 288.84
3.638000 32 184 262.83
3.638000 32 185 202.42
3.638000 32 186 154.46
3.638000 32 187 136.88
3.638000 32 188 129.93
3.638000 32 189 110.97
3.638000 32 190 89.66
3.638000 32 191 70.31
3.638000 32 192 66.43
3.638000 32 193 105.36
3.638000 32 194 165.27
3.638000 32 195 227.85
3.638000 32 196 256.56
3.638000 32 197 248.45
3.638000 32 198 228.08
3.638000 32 199 245.05
