3.480000 64 0 28366.59
3.480000 64 1 15838.32
3.480000 64 2 9209.28
3.480000 64 3 5404.73
3.480000 64 4 3435.41
3.480000 64 5 1870.07
3.480000 64 6 1185.77
3.480000 64 7 796.93
3.480000 64 8 1266.15
3.480000 64 9 1387.17
3.480000 64 10 1209.99
3.480000 64 11 1294.51
3.480000 64 12 1593.62
3.480000 64 13 1588.38
3.480000 64 14 1660.72
3.480000 64 15 1441.94
3.480000 64 16 1590.13
3.480000 64 17 1811.08
3.480000 64 18 2191.29
3.480000 64 19 2316.81
3.480000 64 20 2032.96
3.480000 64 21 2198.88
3.480000 64 22 2082.16
3.480000 64 23 1948.94
3.480000 64 24 1934.81
3.480000 64 25 1851.06
3.480000 64 26 1712.92
3.480000 64 27 1651.94
3.480000 64 28 1772.60
3.480000 64 29 1827.17
3.480000 64 30 1434.36
3.480000 64 31 1698.10
3.480000 64 32 2214.32
3.480000 64 33 2362.97
3.480000 64 34 2572.92
3.480000 64 35 3011.29
3.480000 64 36 3412.32
3.480000 64 37 3484.60
3.480000 64 38 3402.69
3.480000 64 39 3151.32
3.480000 64 40 2652.09
3.480000 64 41 2296.92
3.480000 64 42 2274.84
3.480000 64 43 2278.22
3.480000 64 44 1931.52
3.480000 64 45 1706.04
3.480000 64 46 1843.81
3.480000 64 47 1817.06
3.480000 64 48 1095.94
3.480000 64 49 1013.53
3.480000 64 50 975.33
3.480000 64 51 1231.36
3.480000 64 52 1246.94
3.480000 64 53 1428.32
3.480000 64 54 1694.40
3.480000 64 55 1439.20
3.480000 64 56 1057.15
3.480000 64 57 615.43
3.480000 64 58 728.90
3.480000 64 59 349.79
3.480000 64 60 96.96
3.480000 64 61 329.72
3.480000 64 62 316.44
3.480000 64 63 174.88
3.480000 64 64 150.01
3.480000 64 65 98.21
3.480000 64 66 324.09
3.480000 64 67 570.78
3.480000 64 68 446.56
3.480000 64 69 703.67
3.480000 64 70 560.27
3.480000 64 71 721.77
3.480000 64 72 882.05
3.480000 64 73 602.12
3.480000 64 74 409.96
3.480000 64 75 57.83
3.480000 64 76 119.96
3.480000 64 77 179.84
3.480000 64 78 60.44
3.480000 64 79 -63.27
3.480000 64 80 141.23
3.480000 64 81 558.19
3.480000 64 82 405.21
3.480000 64 83 180.10
3.480000 64 84 -266.58
3.480000 64 85 -3.53
3.480000 64 86 -83.03
3.480000 64 87 -304.87
3.480000 64 88 -260.43
3.480000 64 89 -302.26
3.480000 64 90 26.75
3.480000 64 91 -155.49
3.480000 64 92 -730.55
3.480000 64 93 -1028.90
3.480000 64 94 -1172.01
3.480000 64 95 -1950.52
3.480000 64 96 -2131.71
3.480000 64 97 -1754.86
3.480000 64 98 -1639.71
3.480000 64 99 -1688.74
3.480000 64 100 -1815.50
3.480000 64 101 -1737.95
3.480000 64 102 -1142.92
3.480000 64 103 -706.05
3.480000 64 104 -602.50
3.480000 64 105 -748.20
3.480000 64 106 -775.53
3.480000 64 107 -442.82
3.480000 64 108 37.98
3.480000 64 109 567.39
3.480000 64 110 868.44
3.480000 64 111 917.95
3.480000 64 112 1023.29
3.480000 64 113 962.05
3.480000 64 114 933.80
3.480000 64 115 768.93
3.480000 64 116 780.21
3.480000 64 117 736.70
3.480000 64 118 991.34
3.480000 64 119 1131.47
3.480000 64 120 1717.05
3.480000 64 121 1645.38
3.480000 64 122 1871.26
3.480000 64 123 2354.03
3.480000 64 124 2086.41
3.480000 64 125 1817.82
3.480000 64 126 1595.65
3.480000 64 127 1426.17
3.480000 64 128 1506.15
3.480000 64 129 1315.79
3.480000 64 130 1439.85
3.480000 64 131 1323.31
3.480000 64 132 1648.26
3.480000 64 133 1743.92
3.480000 64 134 1657.99
3.480000 64 135 1800.95
3.480000 64 136 1933.64
3.480000 64 137 1641.50
3.480000 64 138 1799.18
3.480000 64 139 1979.33
3.480000 64 140 2055.30
3.480000 64 141 2127.94
3.480000 64 142 1976.90
3.480000 64 143 2201.30
3.480000 64 144 2114.43
3.480000 64 145 2302.26
3.480000 64 146 2486.37
3.480000 64 147 2884.22
3.480000 64 148 2763.49
3.480000 64 149 2564.86
3.480000 64 150 1952.80
3.480000 64 151 1609.81
3.480000 64 152 1432.97
3.480000 64 153 1908.94
3.480000 64 154 1923.21
3.480000 64 155 1957.11
3.480000 64 156 1872.58
3.480000 64 157 1746.19
3.480000 64 158 1415.99
3.480000 64 159 1561.73
3.480000 64 160 1813.61
3.480000 64 161 2007.89
3.480000 64 162 2090.50
3.480000 64 163 1926.16
3.480000 64 164 1549.09
3.480000 64 165 1825.79
3.480000 64 166 2294.14
3.480000 64 167 2459.71
3.480000 64 168 2496.04
3.480000 64 169 2264.89
3.480000 64 170 2045.05
3.480000 64 171 1727.64
3.480000 64 172 1445.37
3.480000 64 173 1219.56
3.480000 64 174 1202.00
3.480000 64 175 1245.64
3.480000 64 176 1310.20
3.480000 64 177 1666.41
3.480000 64 178 1890.47
3.480000 64 179 2542.98
3.480000 64 180 2428.45
3.480000 64 181 2639.22
3.480000 64 182 2698.79
3.480000 64 183 2600.05
3.480000 64 184 1926.28
3.480000 64 185 1666.55
3.480000 64 186 1883.14
3.480000 64 187 2193.14
3.480000 64 188 2075.91
3.480000 64 189 2017.14
3.480000 64 190 1746.99
3.480000 64 191 1491.77
3.480000 64 192 1684.05
3.480000 64 193 1789.51
3.480000 64 194 1689.00
3.480000 64 195 2156.70
3.480000 64 196 2223.04
3.480000 64 197 2568.23
3.480000 64 198 2506.40
3.480000 64 199 2557.19
