2.285000 64 0 46763.71
2.285000 64 1 39940.49
2.285000 64 2 34277.10
2.285000 64 3 29294.92
2.285000 64 4 25193.70
2.285000 64 5 21609.51
2.285000 64 6 18584.78
2.285000 64 7 16126.07
2.285000 64 8 14166.65
2.285000 64 9 12581.25
2.285000 64 10 11137.96
2.285000 64 11 9858.94
2.285000 64 12 8878.85
2.285000 64 13 8076.18
2.285000 64 14 7605.57
2.285000 64 15 7209.09
2.285000 64 16 6690.31
2.285000 64 17 6075.04
2.285000 64 18 5490.85
2.285000 64 19 4797.26
2.285000 64 20 3928.47
2.285000 64 21 3353.94
2.285000 64 22 2694.00
2.285000 64 23 2152.21
2.285000 64 24 1774.14
2.285000 64 25 1349.85
2.285000 64 26 945.41
2.285000 64 27 591.96
2.285000 64 28 367.45
2.285000 64 29 -64.00
2.285000 64 30 -457.32
2.285000 64 31 -1051.06
2.285000 64 32 -1853.18
2.285000 64 33 -2381.20
2.285000 64 34 -2753.48
2.285000 64 35 -3140.41
2.285000 64 36 -3465.27
2.285000 64 37 -3788.92
2.285000 64 38 -3901.50
2.285000 64 39 -3900.14
2.285000 64 40 -3922.88
2.285000 64 41 -4364.04
2.285000 64 42 -4590.67
2.285000 64 43 -4687.25
2.285000 64 44 -4561.60
2.285000 64 45 -4564.19
2.285000 64 46 -4837.11
2.285000 64 47 -4949.51
2.285000 64 48 -5207.55
2.285000 64 49 -5445.87
2.285000 64 50 -5713.41
2.285000 64 51 -5878.30
2.285000 64 52 -5824.19
2.285000 64 53 -6049.99
2.285000 64 54 -6195.20
2.285000 64 55 -6508.66
2.285000 64 56 -6713.84
2.285000 64 57 -7014.20
2.285000 64 58 -7388.25
2.285000 64 59 -7844.33
2.285000 64 60 -8260.97
2.285000 64 61 -8713.93
2.285000 64 62 -9241.58
2.285000 64 63 -9536.93
2.285000 64 64 -10096.06
2.285000 64 65 -10413.88
2.285000 64 66 -10665.66
2.285000 64 67 -10533.28
2.285000 64 68 -10042.75
2.285000 64 69 -9724.99
2.285000 64 70 -9635.34
2.285000 64 71 -9558.08
2.285000 64 72 -9562.66
2.285000 64 73 -9639.65
2.285000 64 74 -9861.69
2.285000 64 75 -9953.46
2.285000 64 76 -9926.54
2.285000 64 77 -9779.18
2.285000 64 78 -9396.95
2.285000 64 79 -9118.23
2.285000 64 80 -9156.67
2.285000 64 81 -9001.05
2.285000 64 82 -8780.85
2.285000 64 83 -8800.61
2.285000 64 84 -8735.96
2.285000 64 85 -8797.66
2.285000 64 86 -8772.18
2.285000 64 87 -8673.85
2.285000 64 88 -8370.71
2.285000 64 89 -7822.68
2.285000 64 90 -7486.60
2.285000 64 91 -7329.27
2.285000 64 92 -7385.00
2.285000 64 93 -7554.17
2.285000 64 94 -7590.31
2.285000 64 95 -7511.64
2.285000 64 96 -7392.29
2.285000 64 97 -7262.35
2.285000 64 98 -7078.30
2.285000 64 99 -6867.93
2.285000 64 100 -6996.31
2.285000 64 101 -7020.54
2.285000 64 102 -7061.15
2.285000 64 103 -7332.17
2.285000 64 104 -7568.52
2.285000 64 105 -7632.12
2.285000 64 106 -7304.91
2.285000 64 107 -7266.65
2.285000 64 108 -7466.09
2.285000 64 109 -7489.09
2.285000 64 110 -7766.92
2.285000 64 111 -8230.98
2.285000 64 112 -8252.74
2.285000 64 113 -8153.63
2.285000 64 114 -7793.10
2.285000 64 115 -7462.86
2.285000 64 116 -7371.45
2.285000 64 117 -7274.46
2.285000 64 118 -7191.62
2.285000 64 119 -7139.98
2.285000 64 120 -7201.03
2.285000 64 121 -7212.52
2.285000 64 122 -7380.10
2.285000 64 123 -7541.72
2.285000 64 124 -7915.48
2.285000 64 125 -8099.33
2.285000 64 126 -8425.12
2.285000 64 127 -8733.06
2.285000 64 128 -8924.61
2.285000 64 129 -8946.79
2.285000 64 130 -8851.24
2.285000 64 131 -8813.30
2.285000 64 132 -8715.64
2.285000 64 133 -8641.80
2.285000 64 134 -8379.42
2.285000 64 135 -8383.45
2.285000 64 136 -8401.01
2.285000 64 137 -8294.83
2.285000 64 138 -8218.62
2.285000 64 139 -8489.05
2.285000 64 140 -8868.87
2.285000 64 141 -9203.58
2.285000 64 142 -9520.87
2.285000 64 143 -9740.62
2.285000 64 144 -9896.82
2.285000 64 145 -10156.18
2.285000 64 146 -10407.80
2.285000 64 147 -10611.91
2.285000 64 148 -10617.43
2.285000 64 149 -10531.37
2.285000 64 150 -10257.29
2.285000 64 151 -10013.54
2.285000 64 152 -9939.60
2.285000 64 153 -9788.24
2.285000 64 154 -9637.66
2.285000 64 155 -10049.06
2.285000 64 156 -10191.13
2.285000 64 157 -10327.85
2.285000 64 158 -10214.03
2.285000 64 159 -10061.06
2.285000 64 160 -9938.83
2.285000 64 161 -9804.33
2.285000 64 162 -9860.54
2.285000 64 163 -9771.42
2.285000 64 164 -9724.49
2.285000 64 165 -9918.91
2.285000 64 166 -10232.83
2.285000 64 167 -10489.66
2.285000 64 168 -10686.33
2.285000 64 169 -10917.93
2.285000 64 170 -11238.83
2.285000 64 171 -11671.68
2.285000 64 172 -11897.22
2.285000 64 173 -12184.36
2.285000 64 174 -12593.40
2.285000 64 175 -12842.22
2.285000 64 176 -12981.10
2.285000 64 177 -13196.85
2.285000 64 178 -13135.96
2.285000 64 179 -12971.82
2.285000 64 180 -12841.37
2.285000 64 181 -12474.10
2.285000 64 182 -12088.62
2.285000 64 183 -11964.84
2.285000 64 184 -12055.81
2.285000 64 185 -12314.16
2.285000 64 186 -12502.79
2.285000 64 187 -12251.74
2.285000 64 188 -11909.44
2.285000 64 189 -11681.93
2.285000 64 190 -11190.82
2.285000 64 191 -10717.65
2.285000 64 192 -10184.86
2.285000 64 193 -9951.88
2.285000 64 194 -9980.33
2.285000 64 195 -9812.21
2.285000 64 196 -9481.97
2.285000 64 197 -9220.63
2.285000 64 198 -8992.76
2.285000 64 199 -8956.61
