2.231000 16 0 1733.05
2.231000 16 1 1040.88
2.231000 16 2 650.15
2.231000 16 3 437.60
2.231000 16 4 300.12
2.231000 16 5 230.70
2.231000 16 6 176.20
2.231000 16 7 135.66
2.231000 16 8 105.22
2.231000 16 9 77.02
2.231000 16 10 61.36
2.231000 16 11 56.46
2.231000 16 12 26.62
2.231000 16 13  4.94
2.231000 16 14  7.77
2.231000 16 15 -1.62
2.231000 16 16  2.86
2.231000 16 17 12.20
2.231000 16 18 16.67
2.231000 16 19 20.00
2.231000 16 20 12.34
2.231000 16 21 13.18
2.231000 16 22 20.00
2.231000 16 23 14.58
2.231000 16 24 23.19
2.231000 16 25 17.19
2.231000 16 26  9.77
2.231000 16 27 11.15
2.231000 16 28 18.53
2.231000 16 29 10.92
2.231000 16 30 -5.62
2.231000 16 31 -2.84
2.231000 16 32 -1.38
2.231000 16 33 16.42
2.231000 16 34 16.17
2.231000 16 35 22.83
2.231000 16 36 15.39
2.231000 16 37  6.98
2.231000 16 38 -19.18
2.231000 16 39 -5.40
2.231000 16 40 -8.19
2.231000 16 41 -6.04
2.231000 16 42 -8.04
2.231000 16 43 -16.30
2.231000 16 44 -32.99
2.231000 16 45 -33.14
2.231000 16 46 -11.19
2.231000 16 47 -11.95
2.231000 16 48 -31.05
2.231000 16 49 -52.73
2.231000 16 50 -42.26
2.231000 16 51 -27.85
2.231000 16 52 -21.76
2.231000 16 53 -26.27
2.231000 16 54 -19.12
2.231000 16 55 -16.49
2.231000 16 56 -23.51
2.231000 16 57 -16.92
2.231000 16 58 -8.93
2.231000 16 59 -12.19
2.231000 16 60 -14.11
2.231000 16 61 -31.16
2.231000 16 62 -36.25
2.231000 16 63 -22.91
2.231000 16 64 -9.59
2.231000 16 65 -14.87
2.231000 16 66 -6.20
2.231000 16 67  2.75
2.231000 16 68 -18.14
2.231000 16 69 -24.19
2.231000 16 70 -18.69
2.231000 16 71 -3.25
2.231000 16 72 -13.72
2.231000 16 73 -13.27
2.231000 16 74 -24.79
2.231000 16 75 -30.63
2.231000 16 76 -35.80
2.231000 16 77 -34.84
2.231000 16 78 -6.58
2.231000 16 79 -17.25
2.231000 16 80 -11.84
2.231000 16 81 -5.73
2.231000 16 82 -12.91
2.231000 16 83 -7.94
2.231000 16 84 -18.87
2.231000 16 85 -31.73
2.231000 16 86 -56.63
2.231000 16 87 -71.29
2.231000 16 88 -72.52
2.231000 16 89 -88.02
2.231000 16 90 -64.37
2.231000 16 91 -36.17
2.231000 16 92 -19.28
2.231000 16 93 -24.22
2.231000 16 94 -35.15
2.231000 16 95 -50.29
2.231000 16 96 -45.02
2.231000 16 97 -26.14
2.231000 16 98 -30.29
2.231000 16 99 -30.56
2.231000 16 100 -28.14
2.231000 16 101 -4.82
2.231000 16 102 -2.49
2.231000 16 103 13.58
2.231000 16 104 16.21
2.231000 16 105 10.34
2.231000 16 106  6.79
2.231000 16 107 11.24
2.231000 16 108  3.01
2.231000 16 109 15.23
2.231000 16 110  2.24
2.231000 16 111 -4.97
2.231000 16 112 -14.97
2.231000 16 113 -2.27
2.231000 16 114 21.22
2.231000 16 115 25.90
2.231000 16 116 11.42
2.231000 16 117  8.44
2.231000 16 118 31.37
2.231000 16 119 20.74
2.231000 16 120 -5.50
2.231000 16 121 -16.71
2.231000 16 122 -22.34
2.231000 16 123 -10.18
2.231000 16 124 -1.65
2.231000 16 125  8.02
2.231000 16 126  0.84
2.231000 16 127 -13.05
2.231000 16 128 -6.46
2.231000 16 129 -4.66
2.231000 16 130 -1.97
2.231000 16 131 -3.19
2.231000 16 132 -8.12
2.231000 16 133 -1.11
2.231000 16 134 -1.10
2.231000 16 135 12.10
2.231000 16 136 13.77
2.231000 16 137  3.01
2.231000 16 138 -19.62
2.231000 16 139 -15.99
2.231000 16 140 -2.48
2.231000 16 141 -0.53
2.231000 16 142 -22.41
2.231000 16 143 -11.18
2.231000 16 144  0.98
2.231000 16 145  3.46
2.231000 16 146 -6.43
2.231000 16 147 -8.98
2.231000 16 148 -3.60
2.231000 16 149 -5.25
2.231000 16 150 -1.73
2.231000 16 151 -7.65
2.231000 16 152 -12.91
2.231000 16 153 -26.59
2.231000 16 154 -27.36
2.231000 16 155 -24.50
2.231000 16 156 -15.90
2.231000 16 157 -12.49
2.231000 16 158 -23.54
2.231000 16 159 -13.65
2.231000 16 160 -8.46
2.231000 16 161  4.68
2.231000 16 162 -4.30
2.231000 16 163 -11.30
2.231000 16 164 -12.40
2.231000 16 165  8.05
2.231000 16 166 23.19
2.231000 16 167 12.18
2.231000 16 168  4.39
2.231000 16 169  2.86
2.231000 16 170  6.31
2.231000 16 171 -4.77
2.231000 16 172 -32.19
2.231000 16 173 -39.33
2.231000 16 174 -24.13
2.231000 16 175 -10.80
2.231000 16 176  4.38
2.231000 16 177 25.58
2.231000 16 178 51.27
2.231000 16 179 63.53
2.231000 16 180 55.88
2.231000 16 181 58.05
2.231000 16 182 58.19
2.231000 16 183 43.43
2.231000 16 184 32.49
2.231000 16 185 32.00
2.231000 16 186 16.01
2.231000 16 187 28.82
2.231000 16 188 48.07
2.231000 16 189 51.69
2.231000 16 190 53.75
2.231000 16 191 49.67
2.231000 16 192 39.46
2.231000 16 193 51.04
2.231000 16 194 52.53
2.231000 16 195 48.42
2.231000 16 196 52.93
2.231000 16 197 32.05
2.231000 16 198 10.34
2.231000 16 199 18.61
