3.652000 32 0 11090.53
3.652000 32 1 8251.67
3.652000 32 2 6247.29
3.652000 32 3 4830.90
3.652000 32 4 3753.56
3.652000 32 5 2956.83
3.652000 32 6 2368.47
3.652000 32 7 1871.58
3.652000 32 8 1517.15
3.652000 32 9 1346.13
3.652000 32 10 1171.63
3.652000 32 11 1068.75
3.652000 32 12 918.59
3.652000 32 13 828.08
3.652000 32 14 658.67
3.652000 32 15 622.49
3.652000 32 16 613.05
3.652000 32 17 522.18
3.652000 32 18 489.95
3.652000 32 19 529.80
3.652000 32 20 445.53
3.652000 32 21 308.62
3.652000 32 22 276.99
3.652000 32 23 191.83
3.652000 32 24 211.69
3.652000 32 25 239.69
3.652000 32 26 312.21
3.652000 32 27 350.82
3.652000 32 28 404.56
3.652000 32 29 361.68
3.652000 32 30 372.47
3.652000 32 31 411.23
3.652000 32 32 427.19
3.652000 32 33 409.67
3.652000 32 34 412.27
3.652000 32 35 407.34
3.652000 32 36 311.89
3.652000 32 37 232.49
3.652000 32 38 129.31
3.652000 32 39 121.11
3.652000 32 40 135.42
3.652000 32 41 251.91
3.652000 32 42 248.66
3.652000 32 43 252.93
3.652000 32 44 245.36
3.652000 32 45 288.19
3.652000 32 46 319.93
3.652000 32 47 362.39
3.652000 32 48 448.65
3.652000 32 49 448.38
3.652000 32 50 413.76
3.652000 32 51 365.40
3.652000 32 52 256.55
3.652000 32 53 170.47
3.652000 32 54 210.45
3.652000 32 55 217.47
3.652000 32 56 143.48
3.652000 32 57 110.90
3.652000 32 58 75.24
3.652000 32 59 76.12
3.652000 32 60 99.28
3.652000 32 61 155.44
3.652000 32 62 162.26
3.652000 32 63 172.74
3.652000 32 64 204.15
3.652000 32 65 184.50
3.652000 32 66 167.18
3.652000 32 67 296.51
3.652000 32 68 279.70
3.652000 32 69 260.36
3.652000 32 70 309.53
3.652000 32 71 243.71
3.652000 32 72 198.04
3.652000 32 73 248.80
3.652000 32 74 285.70
3.652000 32 75 295.37
3.652000 32 76 349.24
3.652000 32 77 387.76
3.652000 32 78 506.28
3.652000 32 79 574.65
3.652000 32 80 659.70
3.652000 32 81 715.64
3.652000 32 82 753.81
3.652000 32 83 812.27
3.652000 32 84 844.20
3.652000 32 85 813.21
3.652000 32 86 803.42
3.652000 32 87 807.98
3.652000 32 88 796.67
3.652000 32 89 829.55
3.652000 32 90 845.91
3.652000 32 91 885.12
3.652000 32 92 932.35
3.652000 32 93 934.20
3.652000 32 94 977.36
3.652000 32 95 1027.77
3.652000 32 96 1043.67
3.652000 32 97 1100.59
3.652000 32 98 1228.56
3.652000 32 99 1288.45
3.652000 32 100 1331.36
3.652000 32 101 1342.90
3.652000 32 102 1366.94
3.652000 32 103 1354.28
3.652000 32 104 1365.50
3.652000 32 105 1243.46
3.652000 32 106 1121.89
3.652000 32 107 1114.66
3.652000 32 108 1135.22
3.652000 32 109 1110.01
3.652000 32 110 1122.22
3.652000 32 111 1149.59
3.652000 32 112 1133.43
3.652000 32 113 1106.39
3.652000 32 114 1041.46
3.652000 32 115 979.55
3.652000 32 116 961.91
3.652000 32 117 960.34
3.652000 32 118 890.57
3.652000 32 119 880.95
3.652000 32 120 882.86
3.652000 32 121 878.61
3.652000 32 122 916.23
3.652000 32 123 1017.80
3.652000 32 124 1046.78
3.652000 32 125 1046.42
3.652000 32 126 1006.12
3.652000 32 127 945.84
3.652000 32 128 1006.44
3.652000 32 129 985.95
3.652000 32 130 985.34
3.652000 32 131 944.22
3.652000 32 132 998.83
3.652000 32 133 1115.21
3.652000 32 134 1122.82
3.652000 32 135 1116.01
3.652000 32 136 1036.13
3.652000 32 137 971.30
3.652000 32 138 830.39
3.652000 32 139 854.27
3.652000 32 140 848.84
3.652000 32 141 917.23
3.652000 32 142 947.22
3.652000 32 143 1048.54
3.652000 32 144 1141.49
3.652000 32 145 1300.49
3.652000 32 146 1349.10
3.652000 32 147 1380.15
3.652000 32 148 1412.98
3.652000 32 149 1455.80
3.652000 32 150 1542.56
3.652000 32 151 1687.77
3.652000 32 152 1697.46
3.652000 32 153 1672.90
3.652000 32 154 1667.98
3.652000 32 155 1645.34
3.652000 32 156 1591.65
3.652000 32 157 1465.47
3.652000 32 158 1352.15
3.652000 32 159 1247.64
3.652000 32 160 1110.35
3.652000 32 161 1048.63
3.652000 32 162 1031.48
3.652000 32 163 1051.58
3.652000 32 164 1043.79
3.652000 32 165 1040.95
3.652000 32 166 1017.04
3.652000 32 167 965.56
3.652000 32 168 878.99
3.652000 32 169 788.49
3.652000 32 170 743.37
3.652000 32 171 822.90
3.652000 32 172 925.59
3.652000 32 173 1052.83
3.652000 32 174 1184.64
3.652000 32 175 1263.32
3.652000 32 176 1405.89
3.652000 32 177 1523.18
3.652000 32 178 1575.64
3.652000 32 179 1607.46
3.652000 32 180 1585.95
3.652000 32 181 1615.06
3.652000 32 182 1609.06
3.652000 32 183 1559.00
3.652000 32 184 1459.65
3.652000 32 185 1380.60
3.652000 32 186 1367.92
3.652000 32 187 1370.94
3.652000 32 188 1330.82
3.652000 32 189 1206.43
3.652000 32 190 1177.73
3.652000 32 191 1176.01
3.652000 32 192 1234.88
3.652000 32 193 1279.33
3.652000 32 194 1274.83
3.652000 32 195 1267.61
3.652000 32 196 1196.33
3.652000 32 197 1117.70
3.652000 32 198 1143.33
3.652000 32 199 1133.78
