3.642000 16 0 2286.27
3.642000 16 1 1484.37
3.642000 16 2 993.42
3.642000 16 3 669.37
3.642000 16 4 439.56
3.642000 16 5 290.92
3.642000 16 6 194.91
3.642000 16 7 119.32
3.642000 16 8 70.44
3.642000 16 9 41.50
3.642000 16 10 35.17
3.642000 16 11 27.75
3.642000 16 12 41.34
3.642000 16 13 20.08
3.642000 16 14 38.45
3.642000 16 15 43.57
3.642000 16 16 51.50
3.642000 16 17 26.20
3.642000 16 18 -6.91
3.642000 16 19 -4.70
3.642000 16 20 -12.13
3.642000 16 21 -7.43
3.642000 16 22 -19.80
3.642000 16 23 -21.07
3.642000 16 24 -34.38
3.642000 16 25 -35.41
3.642000 16 26 -48.86
3.642000 16 27 -25.72
3.642000 16 28 -33.28
3.642000 16 29 -37.71
3.642000 16 30  1.18
3.642000 16 31  7.22
3.642000 16 32 12.69
3.642000 16 33 11.21
3.642000 16 34  6.45
3.642000 16 35 14.80
3.642000 16 36  4.63
3.642000 16 37 -7.67
3.642000 16 38 -61.45
3.642000 16 39 -97.68
3.642000 16 40 -88.02
3.642000 16 41 -58.93
3.642000 16 42 -49.94
3.642000 16 43 -36.94
3.642000 16 44 -36.61
3.642000 16 45 -35.28
3.642000 16 46 -17.68
3.642000 16 47 -10.22
3.642000 16 48 -15.36
3.642000 16 49 -23.66
3.642000 16 50 -33.56
3.642000 16 51 -13.69
3.642000 16 52 -11.89
3.642000 16 53 -15.15
3.642000 16 54 -16.32
3.642000 16 55 20.14
3.642000 16 56 28.57
3.642000 16 57 57.48
3.642000 16 58 57.85
3.642000 16 59 25.50
3.642000 16 60 -2.69
3.642000 16 61 -12.09
3.642000 16 62  9.27
3.642000 16 63 16.57
3.642000 16 64  0.76
3.642000 16 65 -12.63
3.642000 16 66 -20.10
3.642000 16 67  7.86
3.642000 16 68 41.23
3.642000 16 69 20.95
3.642000 16 70 -2.65
3.642000 16 71 -5.99
3.642000 16 72 -8.21
3.642000 16 73 13.75
3.642000 16 74  9.62
3.642000 16 75  9.15
3.642000 16 76 -2.38
3.642000 16 77  4.29
3.642000 16 78 18.78
3.642000 16 79  1.44
3.642000 16 80  2.38
3.642000 16 81 -0.00
3.642000 16 82  5.21
3.642000 16 83  0.29
3.642000 16 84 23.98
3.642000 16 85 15.80
3.642000 16 86 23.72
3.642000 16 87 21.49
3.642000 16 88 37.43
3.642000 16 89 60.07
3.642000 16 90 28.73
3.642000 16 91 29.57
3.642000 16 92 17.26
3.642000 16 93 10.28
3.642000 16 94 24.63
3.642000 16 95 11.47
3.642000 16 96 -1.36
3.642000 16 97 -0.56
3.642000 16 98 17.69
3.642000 16 99 12.24
3.642000 16 100 34.13
3.642000 16 101 26.93
3.642000 16 102 28.27
3.642000 16 103 42.43
3.642000 16 104 54.98
3.642000 16 105 81.64
3.642000 16 106 85.43
3.642000 16 107 69.69
3.642000 16 108 82.80
3.642000 16 109 81.34
3.642000 16 110 77.90
3.642000 16 111 38.95
3.642000 16 112 24.83
3.642000 16 113 11.19
3.642000 16 114  2.47
3.642000 16 115 -6.54
3.642000 16 116 -11.89
3.642000 16 117 -9.64
3.642000 16 118  6.48
3.642000 16 119 -0.88
3.642000 16 120 -6.45
3.642000 16 121 -0.71
3.642000 16 122 -1.94
3.642000 16 123  0.61
3.642000 16 124 -11.62
3.642000 16 125 -31.66
3.642000 16 126 -35.43
3.642000 16 127 -72.16
3.642000 16 128 -94.21
3.642000 16 129 -102.55
3.642000 16 130 -74.16
3.642000 16 131 -49.55
3.642000 16 132 -4.45
3.642000 16 133 17.70
3.642000 16 134 53.98
3.642000 16 135 83.28
3.642000 16 136 72.47
3.642000 16 137 76.22
3.642000 16 138 62.13
3.642000 16 139 42.26
3.642000 16 140 50.81
3.642000 16 141 53.72
3.642000 16 142 42.88
3.642000 16 143 25.11
3.642000 16 144 15.55
3.642000 16 145 21.13
3.642000 16 146 41.75
3.642000 16 147 43.15
3.642000 16 148 -1.38
3.642000 16 149  1.76
3.642000 16 150  0.88
3.642000 16 151 10.63
3.642000 16 152 24.73
3.642000 16 153 28.75
3.642000 16 154 42.97
3.642000 16 155 65.34
3.642000 16 156 88.54
3.642000 16 157 81.36
3.642000 16 158 74.42
3.642000 16 159 65.41
3.642000 16 160 53.63
3.642000 16 161 32.52
3.642000 16 162  9.50
3.642000 16 163  7.78
3.642000 16 164  8.10
3.642000 16 165  6.26
3.642000 16 166 14.15
3.642000 16 167 35.40
3.642000 16 168 60.85
3.642000 16 169 41.78
3.642000 16 170 37.52
3.642000 16 171 25.87
3.642000 16 172  4.36
3.642000 16 173 -5.41
3.642000 16 174 -12.82
3.642000 16 175 -27.70
3.642000 16 176 -28.98
3.642000 16 177 -34.88
3.642000 16 178 -33.43
3.642000 16 179 -51.34
3.642000 16 180 -55.27
3.642000 16 181 -30.96
3.642000 16 182 -11.67
3.642000 16 183 -13.19
3.642000 16 184 11.86
3.642000 16 185 38.18
3.642000 16 186 36.56
3.642000 16 187 46.14
3.642000 16 188 36.66
3.642000 16 189 64.85
3.642000 16 190 106.41
3.642000 16 191 94.39
3.642000 16 192 99.97
3.642000 16 193 90.91
3.642000 16 194 70.79
3.642000 16 195 68.49
3.642000 16 196 85.65
3.642000 16 197 93.68
3.642000 16 198 117.24
3.642000 16 199 116.62
