3.600000 48 0 54319.16
3.600000 48 1 39474.09
3.600000 48 2 29302.53
3.600000 48 3 22131.24
3.600000 48 4 16972.63
3.600000 48 5 13182.33
3.600000 48 6 10312.65
3.600000 48 7 8119.07
3.600000 48 8 6462.36
3.600000 48 9 5199.35
3.600000 48 10 4236.67
3.600000 48 11 3514.47
3.600000 48 12 2951.53
3.600000 48 13 2472.22
3.600000 48 14 1991.77
3.600000 48 15 1541.68
3.600000 48 16 1334.93
3.600000 48 17 1079.90
3.600000 48 18 815.19
3.600000 48 19 704.21
3.600000 48 20 718.36
3.600000 48 21 626.63
3.600000 48 22 666.61
3.600000 48 23 732.40
3.600000 48 24 735.39
3.600000 48 25 695.44
3.600000 48 26 527.32
3.600000 48 27 494.11
3.600000 48 28 485.50
3.600000 48 29 530.72
3.600000 48 30 492.36
3.600000 48 31 668.43
3.600000 48 32 739.46
3.600000 48 33 668.20
3.600000 48 34 767.65
3.600000 48 35 610.70
3.600000 48 36 353.32
3.600000 48 37 207.49
3.600000 48 38 59.20
3.600000 48 39 -21.84
3.600000 48 40 -51.56
3.600000 48 41 -62.62
3.600000 48 42 -123.54
3.600000 48 43 -145.57
3.600000 48 44 -127.89
3.600000 48 45 -199.82
3.600000 48 46 -296.73
3.600000 48 47 -203.16
3.600000 48 48 -250.30
3.600000 48 49 -224.66
3.600000 48 50 -55.79
3.600000 48 51 97.39
3.600000 48 52 189.03
3.600000 48 53 206.04
3.600000 48 54 102.45
3.600000 48 55 39.36
3.600000 48 56 13.46
3.600000 48 57 -158.51
3.600000 48 58 -337.26
3.600000 48 59 -411.08
3.600000 48 60 -325.87
3.600000 48 61 -233.91
3.600000 48 62 -216.99
3.600000 48 63 -255.31
3.600000 48 64 -278.01
3.600000 48 65 -332.27
3.600000 48 66 -279.43
3.600000 48 67 -333.72
3.600000 48 68 -369.19
3.600000 48 69 -330.12
3.600000 48 70 -270.74
3.600000 48 71 -320.05
3.600000 48 72 -354.86
3.600000 48 73 -394.70
3.600000 48 74 -349.29
3.600000 48 75 -352.83
3.600000 48 76 -315.61
3.600000 48 77 -267.80
3.600000 48 78 -275.81
3.600000 48 79 -188.79
3.600000 48 80 -121.12
3.600000 48 81 -57.22
3.600000 48 82 121.31
3.600000 48 83 221.16
3.600000 48 84 227.88
3.600000 48 85 234.55
3.600000 48 86 351.68
3.600000 48 87 443.92
3.600000 48 88 406.56
3.600000 48 89 531.55
3.600000 48 90 467.38
3.600000 48 91 409.00
3.600000 48 92 149.97
3.600000 48 93 -30.57
3.600000 48 94 -69.46
3.600000 48 95 19.35
3.600000 48 96 42.26
3.600000 48 97 21.20
3.600000 48 98 -18.63
3.600000 48 99 -21.04
3.600000 48 100 -6.99
3.600000 48 101 -55.34
3.600000 48 102 52.90
3.600000 48 103 31.20
3.600000 48 104 49.74
3.600000 48 105 21.25
3.600000 48 106 -10.73
3.600000 48 107 43.74
3.600000 48 108 -11.04
3.600000 48 109 36.21
3.600000 48 110 -24.55
3.600000 48 111 16.60
3.600000 48 112 44.87
3.600000 48 113 105.34
3.600000 48 114 106.78
3.600000 48 115 -38.70
3.600000 48 116 -57.05
3.600000 48 117 -62.65
3.600000 48 118 75.24
3.600000 48 119 292.81
3.600000 48 120 396.05
3.600000 48 121 468.79
3.600000 48 122 519.61
3.600000 48 123 506.65
3.600000 48 124 540.45
3.600000 48 125 561.43
3.600000 48 126 580.82
3.600000 48 127 611.35
3.600000 48 128 521.04
3.600000 48 129 556.85
3.600000 48 130 550.91
3.600000 48 131 460.52
3.600000 48 132 311.82
3.600000 48 133 232.55
3.600000 48 134 162.86
3.600000 48 135 201.16
3.600000 48 136 210.88
3.600000 48 137 195.18
3.600000 48 138 336.79
3.600000 48 139 403.78
3.600000 48 140 383.74
3.600000 48 141 305.76
3.600000 48 142 139.16
3.600000 48 143 196.65
3.600000 48 144 143.53
3.600000 48 145 202.26
3.600000 48 146 153.49
3.600000 48 147 138.87
3.600000 48 148 167.13
3.600000 48 149 219.23
3.600000 48 150 290.01
3.600000 48 151 249.94
3.600000 48 152 241.81
3.600000 48 153 141.14
3.600000 48 154 -36.06
3.600000 48 155 -148.77
3.600000 48 156 -90.96
3.600000 48 157 -183.74
3.600000 48 158 -253.74
3.600000 48 159 -220.00
3.600000 48 160 -259.51
3.600000 48 161 -376.71
3.600000 48 162 -409.39
3.600000 48 163 -464.66
3.600000 48 164 -546.18
3.600000 48 165 -653.22
3.600000 48 166 -709.78
3.600000 48 167 -775.50
3.600000 48 168 -962.35
3.600000 48 169 -913.27
3.600000 48 170 -765.37
3.600000 48 171 -710.12
3.600000 48 172 -734.04
3.600000 48 173 -632.38
3.600000 48 174 -633.30
3.600000 48 175 -634.87
3.600000 48 176 -645.37
3.600000 48 177 -702.03
3.600000 48 178 -701.87
3.600000 48 179 -673.02
3.600000 48 180 -819.37
3.600000 48 181 -768.78
3.600000 48 182 -758.61
3.600000 48 183 -791.70
3.600000 48 184 -867.55
3.600000 48 185 -878.87
3.600000 48 186 -959.50
3.600000 48 187 -917.40
3.600000 48 188 -770.29
3.600000 48 189 -690.25
3.600000 48 190 -608.82
3.600000 48 191 -438.51
3.600000 48 192 -389.05
3.600000 48 193 -351.54
3.600000 48 194 -399.13
3.600000 48 195 -383.70
3.600000 48 196 -363.55
3.600000 48 197 -364.48
3.600000 48 198 -211.43
3.600000 48 199 -106.03
