3.639000 24 0 13130.55
3.639000 24 1 9327.23
3.639000 24 2 6837.75
3.639000 24 3 5058.22
3.639000 24 4 3794.28
3.639000 24 5 2856.58
3.639000 24 6 2191.31
3.639000 24 7 1657.11
3.639000 24 8 1237.12
3.639000 24 9 928.05
3.639000 24 10 713.69
3.639000 24 11 555.43
3.639000 24 12 451.93
3.639000 24 13 370.44
3.639000 24 14 310.15
3.639000 24 15 249.33
3.639000 24 16 224.45
3.639000 24 17 181.85
3.639000 24 18 129.10
3.639000 24 19 81.65
3.639000 24 20 37.11
3.639000 24 21  5.34
3.639000 24 22 -6.81
3.639000 24 23 11.15
3.639000 24 24 24.84
3.639000 24 25 67.62
3.639000 24 26 86.84
3.639000 24 27 76.74
3.639000 24 28 40.66
3.639000 24 29 36.31
3.639000 24 30 -16.68
3.639000 24 31 -52.25
3.639000 24 32 -78.93
3.639000 24 33 -51.24
3.639000 24 34 -29.51
3.639000 24 35 -1.25
3.639000 24 36  1.48
3.639000 24 37 37.50
3.639000 24 38 70.20
3.639000 24 39 70.32
3.639000 24 40 63.60
3.639000 24 41 40.52
3.639000 24 42 20.61
3.639000 24 43 32.00
3.639000 24 44 61.81
3.639000 24 45 41.44
3.639000 24 46 31.96
3.639000 24 47 13.57
3.639000 24 48 34.74
3.639000 24 49 30.87
3.639000 24 50  3.71
3.639000 24 51 -14.57
3.639000 24 52 -36.30
3.639000 24 53 -38.38
3.639000 24 54 -43.48
3.639000 24 55 -41.17
3.639000 24 56 -40.43
3.639000 24 57 -25.98
3.639000 24 58 -26.78
3.639000 24 59 -25.37
3.639000 24 60 -41.92
3.639000 24 61 -43.76
3.639000 24 62 -35.52
3.639000 24 63 -42.38
3.639000 24 64 -39.03
3.639000 24 65 -63.78
3.639000 24 66 -98.41
3.639000 24 67 -81.60
3.639000 24 68 -100.69
3.639000 24 69 -115.13
3.639000 24 70 -139.95
3.639000 24 71 -174.97
3.639000 24 72 -154.39
3.639000 24 73 -113.85
3.639000 24 74 -104.24
3.639000 24 75 -83.95
3.639000 24 76 -71.45
3.639000 24 77 -53.59
3.639000 24 78 -10.14
3.639000 24 79 20.60
3.639000 24 80 12.53
3.639000 24 81 -33.61
3.639000 24 82 -66.91
3.639000 24 83 -50.89
3.639000 24 84 -54.83
3.639000 24 85 -39.34
3.639000 24 86 -18.54
3.639000 24 87 -21.36
3.639000 24 88 -30.76
3.639000 24 89 -65.59
3.639000 24 90 -65.78
3.639000 24 91 -76.20
3.639000 24 92 -79.47
3.639000 24 93 -96.46
3.639000 24 94 -120.21
3.639000 24 95 -148.38
3.639000 24 96 -147.29
3.639000 24 97 -133.20
3.639000 24 98 -94.66
3.639000 24 99 -61.24
3.639000 24 100 -46.04
3.639000 24 101 -35.28
3.639000 24 102 -1.66
3.639000 24 103 16.55
3.639000 24 104 41.50
3.639000 24 105 52.89
3.639000 24 106 64.94
3.639000 24 107 58.38
3.639000 24 108 34.11
3.639000 24 109 31.76
3.639000 24 110 24.50
3.639000 24 111 15.78
3.639000 24 112 -13.08
3.639000 24 113 -50.14
3.639000 24 114 -79.00
3.639000 24 115 -118.72
3.639000 24 116 -138.06
3.639000 24 117 -143.47
3.639000 24 118 -178.21
3.639000 24 119 -160.79
3.639000 24 120 -126.46
3.639000 24 121 -86.93
3.639000 24 122 -70.98
3.639000 24 123 -62.87
3.639000 24 124 -54.21
3.639000 24 125 -42.02
3.639000 24 126 -58.02
3.639000 24 127 -41.75
3.639000 24 128 -44.43
3.639000 24 129 -8.72
3.639000 24 130 -26.38
3.639000 24 131 -36.20
3.639000 24 132 -31.15
3.639000 24 133 -84.73
3.639000 24 134 -70.43
3.639000 24 135 -101.24
3.639000 24 136 -95.30
3.639000 24 137 -78.75
3.639000 24 138 -75.58
3.639000 24 139 -101.15
3.639000 24 140 -107.21
3.639000 24 141 -111.24
3.639000 24 142 -93.84
3.639000 24 143 -67.88
3.639000 24 144 -46.62
3.639000 24 145 -59.44
3.639000 24 146 -78.08
3.639000 24 147 -90.21
3.639000 24 148 -120.64
3.639000 24 149 -143.88
3.639000 24 150 -151.59
3.639000 24 151 -190.14
3.639000 24 152 -189.57
3.639000 24 153 -188.38
3.639000 24 154 -165.15
3.639000 24 155 -145.23
3.639000 24 156 -164.59
3.639000 24 157 -189.04
3.639000 24 158 -209.85
3.639000 24 159 -204.38
3.639000 24 160 -184.13
3.639000 24 161 -156.44
3.639000 24 162 -112.66
3.639000 24 163 -43.68
3.639000 24 164 -17.86
3.639000 24 165  2.60
3.639000 24 166 -2.44
3.639000 24 167 16.42
3.639000 24 168 20.74
3.639000 24 169 23.95
3.639000 24 170 26.91
3.639000 24 171 11.48
3.639000 24 172 17.88
3.639000 24 173 -18.81
3.639000 24 174 -26.85
3.639000 24 175 -40.96
3.639000 24 176 -76.08
3.639000 24 177 -100.72
3.639000 24 178 -90.06
3.639000 24 179 -39.66
3.639000 24 180 -29.18
3.639000 24 181 -17.21
3.639000 24 182 -14.75
3.639000 24 183 -23.06
3.639000 24 184 -27.48
3.639000 24 185 -35.80
3.639000 24 186 -33.91
3.639000 24 187 -32.63
3.639000 24 188 -36.57
3.639000 24 189 -33.54
3.639000 24 190 -33.78
3.639000 24 191 -36.06
3.639000 24 192 -51.71
3.639000 24 193 -46.92
3.639000 24 194 -66.22
3.639000 24 195 -101.46
3.639000 24 196 -141.08
3.639000 24 197 -159.85
3.639000 24 198 -169.00
3.639000 24 199 -137.62
