2.320000 256 0 597961.70
2.320000 256 1 600345.70
2.320000 256 2 601618.05
2.320000 256 3 603199.12
2.320000 256 4 604164.61
2.320000 256 5 605625.50
2.320000 256 6 606327.63
2.320000 256 7 606609.95
2.320000 256 8 605488.53
2.320000 256 9 604788.13
2.320000 256 10 604050.92
2.320000 256 11 605260.24
2.320000 256 12 606439.59
2.320000 256 13 607191.43
2.320000 256 14 607969.61
2.320000 256 15 610228.21
2.320000 256 16 612813.94
2.320000 256 17 615591.63
2.320000 256 18 618373.48
2.320000 256 19 619178.60
2.320000 256 20 620289.17
2.320000 256 21 621028.91
2.320000 256 22 621805.00
2.320000 256 23 623009.82
2.320000 256 24 624330.22
2.320000 256 25 624025.80
2.320000 256 26 624571.18
2.320000 256 27 625374.00
2.320000 256 28 625732.07
2.320000 256 29 626370.14
2.320000 256 30 627323.54
2.320000 256 31 629001.46
2.320000 256 32 630783.14
2.320000 256 33 632523.29
2.320000 256 34 634223.06
2.320000 256 35 636991.60
2.320000 256 36 639891.17
2.320000 256 37 642595.69
2.320000 256 38 644663.14
2.320000 256 39 647561.14
2.320000 256 40 650722.34
2.320000 256 41 652809.51
2.320000 256 42 654845.30
2.320000 256 43 654617.97
2.320000 256 44 653978.57
2.320000 256 45 653378.79
2.320000 256 46 652454.88
2.320000 256 47 648814.55
2.320000 256 48 644975.68
2.320000 256 49 641951.58
2.320000 256 50 639360.15
2.320000 256 51 636809.50
2.320000 256 52 635781.82
2.320000 256 53 634989.17
2.320000 256 54 633258.17
2.320000 256 55 634148.23
2.320000 256 56 636269.27
2.320000 256 57 638808.60
2.320000 256 58 641901.68
2.320000 256 59 644137.57
2.320000 256 60 645926.71
2.320000 256 61 646377.52
2.320000 256 62 648612.38
2.320000 256 63 648101.31
2.320000 256 64 647628.84
2.320000 256 65 647174.89
2.320000 256 66 646722.37
2.320000 256 67 646250.03
2.320000 256 68 645944.29
2.320000 256 69 650212.35
2.320000 256 70 654136.52
2.320000 256 71 656973.48
2.320000 256 72 660242.15
2.320000 256 73 666969.57
2.320000 256 74 673813.31
2.320000 256 75 680090.12
2.320000 256 76 687420.19
2.320000 256 77 695729.19
2.320000 256 78 703205.95
2.320000 256 79 710396.44
2.320000 256 80 716361.23
2.320000 256 81 722389.58
2.320000 256 82 726772.41
2.320000 256 83 730130.01
2.320000 256 84 733308.06
2.320000 256 85 735244.82
2.320000 256 86 737454.65
2.320000 256 87 739459.84
2.320000 256 88 741484.69
2.320000 256 89 743310.68
2.320000 256 90 745346.35
2.320000 256 91 747415.69
2.320000 256 92 749211.12
2.320000 256 93 749986.99
2.320000 256 94 750216.70
2.320000 256 95 749427.09
2.320000 256 96 749648.49
2.320000 256 97 751628.11
2.320000 256 98 753223.04
2.320000 256 99 754191.45
2.320000 256 100 754947.25
2.320000 256 101 755842.07
2.320000 256 102 756986.72
2.320000 256 103 758238.77
2.320000 256 104 758631.87
2.320000 256 105 758998.64
2.320000 256 106 760106.42
2.320000 256 107 760660.09
2.320000 256 108 761733.23
2.320000 256 109 762373.14
2.320000 256 110 762572.85
2.320000 256 111 762709.73
2.320000 256 112 762434.58
2.320000 256 113 758205.52
2.320000 256 114 754525.20
2.320000 256 115 751645.78
2.320000 256 116 748981.17
2.320000 256 117 746227.61
2.320000 256 118 744583.93
2.320000 256 119 743387.11
2.320000 256 120 743073.24
2.320000 256 121 741329.26
2.320000 256 122 740857.81
2.320000 256 123 740281.10
2.320000 256 124 739330.43
2.320000 256 125 738514.99
2.320000 256 126 737833.43
2.320000 256 127 736989.43
2.320000 256 128 735888.32
2.320000 256 129 732759.25
2.320000 256 130 729856.33
2.320000 256 131 725224.85
2.320000 256 132 723144.48
2.320000 256 133 725683.41
2.320000 256 134 729537.68
2.320000 256 135 733944.27
2.320000 256 136 738404.44
2.320000 256 137 743973.76
2.320000 256 138 749376.04
2.320000 256 139 756320.81
2.320000 256 140 763952.50
2.320000 256 141 773182.56
2.320000 256 142 782304.61
2.320000 256 143 790353.99
2.320000 256 144 798224.83
2.320000 256 145 803797.85
2.320000 256 146 809649.66
2.320000 256 147 815177.85
2.320000 256 148 819428.74
2.320000 256 149 824247.77
2.320000 256 150 828730.14
2.320000 256 151 833517.06
2.320000 256 152 837203.23
2.320000 256 153 840885.78
2.320000 256 154 842604.26
2.320000 256 155 844490.94
2.320000 256 156 846263.86
2.320000 256 157 849402.60
2.320000 256 158 850146.11
2.320000 256 159 850714.12
2.320000 256 160 851001.73
2.320000 256 161 852527.82
2.320000 256 162 854042.12
2.320000 256 163 855435.10
2.320000 256 164 856752.37
2.320000 256 165 857438.43
2.320000 256 166 856833.79
2.320000 256 167 854872.44
2.320000 256 168 851414.69
2.320000 256 169 847628.07
2.320000 256 170 844146.48
2.320000 256 171 840230.19
2.320000 256 172 836242.72
2.320000 256 173 832218.36
2.320000 256 174 829997.78
2.320000 256 175 828247.01
2.320000 256 176 826400.76
2.320000 256 177 825123.68
2.320000 256 178 824999.60
2.320000 256 179 824464.36
2.320000 256 180 824234.75
2.320000 256 181 822574.66
2.320000 256 182 820949.56
2.320000 256 183 819246.04
2.320000 256 184 811118.91
2.320000 256 185 803277.29
2.320000 256 186 796816.95
2.320000 256 187 790411.94
2.320000 256 188 783943.94
2.320000 256 189 777276.59
2.320000 256 190 771746.83
2.320000 256 191 765786.97
2.320000 256 192 760528.50
2.320000 256 193 755682.71
2.320000 256 194 750268.65
2.320000 256 195 741908.81
2.320000 256 196 733590.57
2.320000 256 197 725011.97
2.320000 256 198 718821.11
2.320000 256 199 709836.19
