3.640000 96 0 295576.55
3.640000 96 1 248645.82
3.640000 96 2 211368.91
3.640000 96 3 181602.83
3.640000 96 4 156989.35
3.640000 96 5 136612.75
3.640000 96 6 119277.51
3.640000 96 7 103791.41
3.640000 96 8 91012.90
3.640000 96 9 79770.01
3.640000 96 10 70057.96
3.640000 96 11 61366.81
3.640000 96 12 53773.55
3.640000 96 13 46924.99
3.640000 96 14 40683.85
3.640000 96 15 35143.56
3.640000 96 16 30593.02
3.640000 96 17 26302.21
3.640000 96 18 22161.58
3.640000 96 19 18756.55
3.640000 96 20 15342.42
3.640000 96 21 12267.71
3.640000 96 22 9435.04
3.640000 96 23 7445.32
3.640000 96 24 6452.35
3.640000 96 25 5795.24
3.640000 96 26 4806.46
3.640000 96 27 3834.26
3.640000 96 28 3079.79
3.640000 96 29 2330.28
3.640000 96 30 2081.43
3.640000 96 31 1842.23
3.640000 96 32 1443.28
3.640000 96 33 1134.75
3.640000 96 34 589.12
3.640000 96 35 71.25
3.640000 96 36 -441.16
3.640000 96 37 -1171.00
3.640000 96 38 -1649.61
3.640000 96 39 -1643.58
3.640000 96 40 -1355.97
3.640000 96 41 -1337.98
3.640000 96 42 -827.03
3.640000 96 43 -580.40
3.640000 96 44 -638.72
3.640000 96 45 -753.30
3.640000 96 46 -836.02
3.640000 96 47 -984.23
3.640000 96 48 -1491.39
3.640000 96 49 -1451.27
3.640000 96 50 -1358.37
3.640000 96 51 -1126.01
3.640000 96 52 -1090.41
3.640000 96 53 -941.73
3.640000 96 54 -894.23
3.640000 96 55 -1035.71
3.640000 96 56 -1465.74
3.640000 96 57 -2057.00
3.640000 96 58 -2698.48
3.640000 96 59 -3259.54
3.640000 96 60 -3787.47
3.640000 96 61 -4317.55
3.640000 96 62 -4704.85
3.640000 96 63 -4563.61
3.640000 96 64 -4524.24
3.640000 96 65 -4674.79
3.640000 96 66 -5118.79
3.640000 96 67 -5547.77
3.640000 96 68 -6394.19
3.640000 96 69 -6348.71
3.640000 96 70 -6653.24
3.640000 96 71 -7298.31
3.640000 96 72 -7874.51
3.640000 96 73 -8115.76
3.640000 96 74 -8470.27
3.640000 96 75 -8826.93
3.640000 96 76 -9242.59
3.640000 96 77 -9498.65
3.640000 96 78 -9186.96
3.640000 96 79 -8884.10
3.640000 96 80 -8614.24
3.640000 96 81 -8268.70
3.640000 96 82 -7988.86
3.640000 96 83 -7381.76
3.640000 96 84 -6983.58
3.640000 96 85 -6324.21
3.640000 96 86 -5811.15
3.640000 96 87 -5285.21
3.640000 96 88 -5144.44
3.640000 96 89 -5006.32
3.640000 96 90 -4702.76
3.640000 96 91 -4459.70
3.640000 96 92 -3943.05
3.640000 96 93 -3422.81
3.640000 96 94 -3562.66
3.640000 96 95 -3797.75
3.640000 96 96 -4124.10
3.640000 96 97 -4481.90
3.640000 96 98 -4190.08
3.640000 96 99 -3930.61
3.640000 96 100 -3771.75
3.640000 96 101 -3384.63
3.640000 96 102 -3590.61
3.640000 96 103 -4223.21
3.640000 96 104 -4497.21
3.640000 96 105 -4875.77
3.640000 96 106 -5235.14
3.640000 96 107 -5521.39
3.640000 96 108 -5681.15
3.640000 96 109 -5962.48
3.640000 96 110 -6500.14
3.640000 96 111 -6588.45
3.640000 96 112 -6608.34
3.640000 96 113 -6549.17
3.640000 96 114 -6799.74
3.640000 96 115 -6647.06
3.640000 96 116 -6561.07
3.640000 96 117 -6560.27
3.640000 96 118 -6328.84
3.640000 96 119 -6072.00
3.640000 96 120 -5959.05
3.640000 96 121 -6105.69
3.640000 96 122 -6309.44
3.640000 96 123 -6546.73
3.640000 96 124 -6411.77
3.640000 96 125 -6463.57
3.640000 96 126 -6053.48
3.640000 96 127 -6204.84
3.640000 96 128 -6096.55
3.640000 96 129 -6717.75
3.640000 96 130 -6968.61
3.640000 96 131 -6938.51
3.640000 96 132 -6823.87
3.640000 96 133 -6372.55
3.640000 96 134 -5886.44
3.640000 96 135 -5313.95
3.640000 96 136 -5173.27
3.640000 96 137 -5162.41
3.640000 96 138 -4798.81
3.640000 96 139 -4471.90
3.640000 96 140 -4422.29
3.640000 96 141 -4322.80
3.640000 96 142 -3938.80
3.640000 96 143 -3406.17
3.640000 96 144 -3541.78
3.640000 96 145 -3707.95
3.640000 96 146 -4054.55
3.640000 96 147 -4187.66
3.640000 96 148 -4698.11
3.640000 96 149 -4609.26
3.640000 96 150 -4925.09
3.640000 96 151 -4880.76
3.640000 96 152 -4918.31
3.640000 96 153 -5093.87
3.640000 96 154 -4822.99
3.640000 96 155 -4817.90
3.640000 96 156 -4636.19
3.640000 96 157 -4805.66
3.640000 96 158 -4812.99
3.640000 96 159 -5304.69
3.640000 96 160 -5730.79
3.640000 96 161 -6215.55
3.640000 96 162 -6835.38
3.640000 96 163 -7505.34
3.640000 96 164 -8366.72
3.640000 96 165 -9345.81
3.640000 96 166 -9603.75
3.640000 96 167 -9510.96
3.640000 96 168 -9527.22
3.640000 96 169 -9551.13
3.640000 96 170 -9795.69
3.640000 96 171 -9644.58
3.640000 96 172 -9395.67
3.640000 96 173 -9146.90
3.640000 96 174 -8781.36
3.640000 96 175 -7828.87
3.640000 96 176 -7609.55
3.640000 96 177 -7228.47
3.640000 96 178 -6932.39
3.640000 96 179 -6145.91
3.640000 96 180 -5672.33
3.640000 96 181 -5026.71
3.640000 96 182 -3842.72
3.640000 96 183 -2642.43
3.640000 96 184 -2015.56
3.640000 96 185 -1577.49
3.640000 96 186 -1083.74
3.640000 96 187 -739.59
3.640000 96 188 -784.05
3.640000 96 189 -547.66
3.640000 96 190 -55.12
3.640000 96 191 546.29
3.640000 96 192 946.27
3.640000 96 193 1035.57
3.640000 96 194 634.83
3.640000 96 195 761.57
3.640000 96 196 643.50
3.640000 96 197 376.82
3.640000 96 198 646.66
3.640000 96 199 699.60
