2.262000 64 0 43715.20
2.262000 64 1 34923.93
2.262000 64 2 28254.41
2.262000 64 3 23349.45
2.262000 64 4 19420.37
2.262000 64 5 15995.94
2.262000 64 6 13042.75
2.262000 64 7 10928.08
2.262000 64 8 8844.71
2.262000 64 9 7180.82
2.262000 64 10 6031.59
2.262000 64 11 5320.31
2.262000 64 12 4530.55
2.262000 64 13 3775.41
2.262000 64 14 3184.86
2.262000 64 15 2512.73
2.262000 64 16 1974.17
2.262000 64 17 1569.90
2.262000 64 18 1339.76
2.262000 64 19 994.49
2.262000 64 20 392.26
2.262000 64 21 126.83
2.262000 64 22 224.70
2.262000 64 23 367.35
2.262000 64 24 164.73
2.262000 64 25 -311.58
2.262000 64 26 -684.19
2.262000 64 27 -901.03
2.262000 64 28 -1105.91
2.262000 64 29 -1074.06
2.262000 64 30 -1128.66
2.262000 64 31 -1441.49
2.262000 64 32 -1407.99
2.262000 64 33 -1715.16
2.262000 64 34 -2124.49
2.262000 64 35 -2390.17
2.262000 64 36 -2523.12
2.262000 64 37 -2870.15
2.262000 64 38 -3125.18
2.262000 64 39 -3472.42
2.262000 64 40 -3655.25
2.262000 64 41 -3535.44
2.262000 64 42 -3535.79
2.262000 64 43 -3430.67
2.262000 64 44 -3844.85
2.262000 64 45 -4341.15
2.262000 64 46 -4675.07
2.262000 64 47 -4967.43
2.262000 64 48 -5284.52
2.262000 64 49 -5851.22
2.262000 64 50 -6334.61
2.262000 64 51 -7011.43
2.262000 64 52 -7633.49
2.262000 64 53 -7900.52
2.262000 64 54 -7920.53
2.262000 64 55 -7472.88
2.262000 64 56 -7175.50
2.262000 64 57 -7045.59
2.262000 64 58 -7044.04
2.262000 64 59 -7232.14
2.262000 64 60 -7142.54
2.262000 64 61 -7104.35
2.262000 64 62 -6818.67
2.262000 64 63 -6425.11
2.262000 64 64 -6320.08
2.262000 64 65 -6476.04
2.262000 64 66 -6697.42
2.262000 64 67 -6864.22
2.262000 64 68 -7036.17
2.262000 64 69 -7248.61
2.262000 64 70 -7280.35
2.262000 64 71 -7439.31
2.262000 64 72 -7558.11
2.262000 64 73 -7811.96
2.262000 64 74 -8161.63
2.262000 64 75 -8502.75
2.262000 64 76 -8503.07
2.262000 64 77 -8654.47
2.262000 64 78 -8612.28
2.262000 64 79 -8485.65
2.262000 64 80 -8498.11
2.262000 64 81 -8690.93
2.262000 64 82 -8607.30
2.262000 64 83 -8692.30
2.262000 64 84 -8746.41
2.262000 64 85 -8790.64
2.262000 64 86 -8884.35
2.262000 64 87 -8861.51
2.262000 64 88 -8622.66
2.262000 64 89 -8196.53
2.262000 64 90 -7916.44
2.262000 64 91 -7631.01
2.262000 64 92 -7154.82
2.262000 64 93 -6892.84
2.262000 64 94 -6786.05
2.262000 64 95 -7107.20
2.262000 64 96 -7236.74
2.262000 64 97 -7541.18
2.262000 64 98 -7881.73
2.262000 64 99 -7772.06
2.262000 64 100 -7336.89
2.262000 64 101 -7236.77
2.262000 64 102 -6965.55
2.262000 64 103 -6678.13
2.262000 64 104 -6710.90
2.262000 64 105 -6623.44
2.262000 64 106 -6518.18
2.262000 64 107 -6592.96
2.262000 64 108 -6872.99
2.262000 64 109 -7262.64
2.262000 64 110 -7650.83
2.262000 64 111 -7858.48
2.262000 64 112 -7991.37
2.262000 64 113 -7986.95
2.262000 64 114 -7613.86
2.262000 64 115 -7448.94
2.262000 64 116 -7338.20
2.262000 64 117 -6908.26
2.262000 64 118 -6759.99
2.262000 64 119 -6738.06
2.262000 64 120 -6714.37
2.262000 64 121 -6605.26
2.262000 64 122 -6564.42
2.262000 64 123 -6410.05
2.262000 64 124 -6111.44
2.262000 64 125 -5654.85
2.262000 64 126 -5531.31
2.262000 64 127 -5508.21
2.262000 64 128 -5246.82
2.262000 64 129 -5005.21
2.262000 64 130 -4474.37
2.262000 64 131 -3976.81
2.262000 64 132 -3539.91
2.262000 64 133 -3452.97
2.262000 64 134 -3659.01
2.262000 64 135 -3948.26
2.262000 64 136 -3824.94
2.262000 64 137 -4038.45
2.262000 64 138 -3959.50
2.262000 64 139 -3904.85
2.262000 64 140 -3907.01
2.262000 64 141 -3778.11
2.262000 64 142 -3675.40
2.262000 64 143 -3353.21
2.262000 64 144 -3170.67
2.262000 64 145 -2938.37
2.262000 64 146 -2335.35
2.262000 64 147 -1421.93
2.262000 64 148 -939.34
2.262000 64 149 -250.26
2.262000 64 150 269.08
2.262000 64 151 886.99
2.262000 64 152 1290.30
2.262000 64 153 1701.92
2.262000 64 154 1850.23
2.262000 64 155 2105.20
2.262000 64 156 2451.65
2.262000 64 157 3015.39
2.262000 64 158 3155.03
2.262000 64 159 3362.90
2.262000 64 160 3452.66
2.262000 64 161 3727.70
2.262000 64 162 3873.81
2.262000 64 163 3871.24
2.262000 64 164 4088.05
2.262000 64 165 4230.15
2.262000 64 166 4636.32
2.262000 64 167 5025.94
2.262000 64 168 4941.42
2.262000 64 169 4847.33
2.262000 64 170 4839.06
2.262000 64 171 4755.61
2.262000 64 172 4839.89
2.262000 64 173 4578.39
2.262000 64 174 4172.98
2.262000 64 175 3821.25
2.262000 64 176 3359.09
2.262000 64 177 3015.90
2.262000 64 178 2560.55
2.262000 64 179 2273.88
2.262000 64 180 1850.30
2.262000 64 181 1838.96
2.262000 64 182 2277.01
2.262000 64 183 2401.41
2.262000 64 184 2244.07
2.262000 64 185 2168.25
2.262000 64 186 1954.00
2.262000 64 187 2125.08
2.262000 64 188 2131.83
2.262000 64 189 2079.09
2.262000 64 190 1820.97
2.262000 64 191 1430.32
2.262000 64 192 791.17
2.262000 64 193 554.40
2.262000 64 194 527.33
2.262000 64 195 854.00
2.262000 64 196 1444.38
2.262000 64 197 1774.87
2.262000 64 198 1788.21
2.262000 64 199 2088.02
