3.641000 24 0 5820.49
3.641000 24 1 4156.97
3.641000 24 2 3033.68
3.641000 24 3 2261.75
3.641000 24 4 1678.22
3.641000 24 5 1255.68
3.641000 24 6 938.50
3.641000 24 7 734.98
3.641000 24 8 566.30
3.641000 24 9 384.37
3.641000 24 10 284.39
3.641000 24 11 222.52
3.641000 24 12 149.42
3.641000 24 13 153.23
3.641000 24 14 212.93
3.641000 24 15 185.51
3.641000 24 16 80.93
3.641000 24 17 -20.81
3.641000 24 18 -73.06
3.641000 24 19 -75.83
3.641000 24 20 -78.28
3.641000 24 21 -72.98
3.641000 24 22 -43.01
3.641000 24 23 -27.19
3.641000 24 24 -0.65
3.641000 24 25 37.33
3.641000 24 26 74.27
3.641000 24 27 66.60
3.641000 24 28 107.95
3.641000 24 29 164.35
3.641000 24 30 228.15
3.641000 24 31 206.65
3.641000 24 32 191.91
3.641000 24 33 186.11
3.641000 24 34 135.48
3.641000 24 35 117.20
3.641000 24 36 92.52
3.641000 24 37 39.89
3.641000 24 38 27.90
3.641000 24 39 72.15
3.641000 24 40 108.03
3.641000 24 41 155.72
3.641000 24 42 177.93
3.641000 24 43 250.14
3.641000 24 44 281.35
3.641000 24 45 300.87
3.641000 24 46 338.25
3.641000 24 47 358.25
3.641000 24 48 373.49
3.641000 24 49 380.07
3.641000 24 50 399.73
3.641000 24 51 414.13
3.641000 24 52 360.66
3.641000 24 53 342.95
3.641000 24 54 316.85
3.641000 24 55 307.30
3.641000 24 56 287.85
3.641000 24 57 279.46
3.641000 24 58 293.10
3.641000 24 59 277.02
3.641000 24 60 300.97
3.641000 24 61 313.22
3.641000 24 62 301.63
3.641000 24 63 308.26
3.641000 24 64 310.55
3.641000 24 65 322.74
3.641000 24 66 283.53
3.641000 24 67 186.75
3.641000 24 68 163.13
3.641000 24 69 175.36
3.641000 24 70 191.01
3.641000 24 71 256.89
3.641000 24 72 239.78
3.641000 24 73 253.63
3.641000 24 74 266.36
3.641000 24 75 261.22
3.641000 24 76 259.56
3.641000 24 77 246.45
3.641000 24 78 224.53
3.641000 24 79 193.67
3.641000 24 80 201.20
3.641000 24 81 225.27
3.641000 24 82 213.48
3.641000 24 83 173.87
3.641000 24 84 203.26
3.641000 24 85 236.45
3.641000 24 86 261.45
3.641000 24 87 321.53
3.641000 24 88 300.17
3.641000 24 89 327.53
3.641000 24 90 352.46
3.641000 24 91 399.82
3.641000 24 92 401.69
3.641000 24 93 377.14
3.641000 24 94 366.68
3.641000 24 95 391.76
3.641000 24 96 340.74
3.641000 24 97 391.69
3.641000 24 98 426.30
3.641000 24 99 413.37
3.641000 24 100 359.84
3.641000 24 101 324.18
3.641000 24 102 312.25
3.641000 24 103 318.66
3.641000 24 104 317.22
3.641000 24 105 292.19
3.641000 24 106 318.57
3.641000 24 107 350.08
3.641000 24 108 348.30
3.641000 24 109 345.70
3.641000 24 110 366.06
3.641000 24 111 376.03
3.641000 24 112 368.57
3.641000 24 113 375.35
3.641000 24 114 413.04
3.641000 24 115 397.10
3.641000 24 116 396.45
3.641000 24 117 354.39
3.641000 24 118 307.97
3.641000 24 119 263.59
3.641000 24 120 250.68
3.641000 24 121 292.01
3.641000 24 122 307.50
3.641000 24 123 267.06
3.641000 24 124 277.01
3.641000 24 125 279.21
3.641000 24 126 278.77
3.641000 24 127 211.40
3.641000 24 128 199.98
3.641000 24 129 195.58
3.641000 24 130 153.03
3.641000 24 131 159.61
3.641000 24 132 132.02
3.641000 24 133 182.41
3.641000 24 134 239.54
3.641000 24 135 263.39
3.641000 24 136 294.09
3.641000 24 137 298.17
3.641000 24 138 285.09
3.641000 24 139 266.51
3.641000 24 140 269.17
3.641000 24 141 316.36
3.641000 24 142 288.69
3.641000 24 143 271.08
3.641000 24 144 244.07
3.641000 24 145 258.94
3.641000 24 146 279.38
3.641000 24 147 262.90
3.641000 24 148 215.06
3.641000 24 149 198.63
3.641000 24 150 218.86
3.641000 24 151 234.74
3.641000 24 152 266.87
3.641000 24 153 259.13
3.641000 24 154 206.84
3.641000 24 155 180.19
3.641000 24 156 128.24
3.641000 24 157 74.38
3.641000 24 158 45.62
3.641000 24 159 54.62
3.641000 24 160 71.20
3.641000 24 161 83.31
3.641000 24 162 90.66
3.641000 24 163 65.39
3.641000 24 164 17.58
3.641000 24 165 -40.33
3.641000 24 166 -71.59
3.641000 24 167 -42.47
3.641000 24 168 -52.87
3.641000 24 169 -17.46
3.641000 24 170 -11.73
3.641000 24 171 -24.68
3.641000 24 172 -23.90
3.641000 24 173 -27.75
3.641000 24 174 -61.85
3.641000 24 175 -73.24
3.641000 24 176 -37.34
3.641000 24 177  1.94
3.641000 24 178 -15.81
3.641000 24 179  8.56
3.641000 24 180 46.08
3.641000 24 181 65.58
3.641000 24 182 85.80
3.641000 24 183 45.48
3.641000 24 184 17.88
3.641000 24 185  5.77
3.641000 24 186 -9.18
3.641000 24 187 -19.76
3.641000 24 188 -51.00
3.641000 24 189 -61.57
3.641000 24 190 -50.22
3.641000 24 191 -51.50
3.641000 24 192 -16.77
3.641000 24 193 27.89
3.641000 24 194 22.23
3.641000 24 195 -13.69
3.641000 24 196 -30.11
3.641000 24 197 -27.80
3.641000 24 198 -25.81
3.641000 24 199 28.49
