2.269200 1024 0 18172349.27
2.269200 1024 1 17308020.94
2.269200 1024 2 16302020.99
2.269200 1024 3 16053791.05
2.269200 1024 4 15863459.85
2.269200 1024 5 15769291.82
2.269200 1024 6 16245114.23
2.269200 1024 7 16757140.78
2.269200 1024 8 17453867.65
2.269200 1024 9 18230288.68
2.269200 1024 10 18952000.25
2.269200 1024 11 19444911.98
2.269200 1024 12 19361208.99
2.269200 1024 13 19806754.77
2.269200 1024 14 19596285.24
2.269200 1024 15 18972256.96
2.269200 1024 16 18902890.61
2.269200 1024 17 18952805.35
2.269200 1024 18 19001482.75
2.269200 1024 19 19101568.88
2.269200 1024 20 18763471.18
2.269200 1024 21 18192656.83
2.269200 1024 22 17325628.97
2.269200 1024 23 16116924.37
2.269200 1024 24 14604198.65
2.269200 1024 25 12997794.97
2.269200 1024 26 11494961.80
2.269200 1024 27 10025497.38
2.269200 1024 28 8600162.83
2.269200 1024 29 7487973.97
2.269200 1024 30 6063054.47
2.269200 1024 31 4924682.99
2.269200 1024 32 4143439.53
2.269200 1024 33 3208257.97
2.269200 1024 34 2268565.45
2.269200 1024 35 1812708.94
2.269200 1024 36 987804.24
2.269200 1024 37 -265804.41
2.269200 1024 38 -1530609.76
2.269200 1024 39 -3138546.85
2.269200 1024 40 -4377522.84
2.269200 1024 41 -5775899.79
2.269200 1024 42 -6833808.60
2.269200 1024 43 -7169155.91
2.269200 1024 44 -7953492.84
2.269200 1024 45 -8617635.24
2.269200 1024 46 -8994595.24
2.269200 1024 47 -9341564.31
2.269200 1024 48 -9646464.39
2.269200 1024 49 -9799902.20
2.269200 1024 50 -10183626.99
2.269200 1024 51 -10585169.67
2.269200 1024 52 -11203226.03
2.269200 1024 53 -11757868.28
2.269200 1024 54 -12497428.07
2.269200 1024 55 -13784168.06
2.269200 1024 56 -14686280.08
2.269200 1024 57 -15018257.51
2.269200 1024 58 -15112196.69
2.269200 1024 59 -15229376.57
2.269200 1024 60 -15519704.92
2.269200 1024 61 -15974804.68
2.269200 1024 62 -15727658.13
2.269200 1024 63 -15487260.54
2.269200 1024 64 -14580902.98
2.269200 1024 65 -14096868.01
2.269200 1024 66 -13609330.61
2.269200 1024 67 -13114921.04
2.269200 1024 68 -12566801.73
2.269200 1024 69 -11544149.34
2.269200 1024 70 -10914943.76
2.269200 1024 71 -10473839.92
2.269200 1024 72 -10013584.46
2.269200 1024 73 -9594529.71
2.269200 1024 74 -10047804.63
2.269200 1024 75 -10344445.89
2.269200 1024 76 -10421637.76
2.269200 1024 77 -10215916.90
2.269200 1024 78 -10022615.06
2.269200 1024 79 -9871986.13
2.269200 1024 80 -9163013.15
2.269200 1024 81 -8547300.80
2.269200 1024 82 -8319127.61
2.269200 1024 83 -7706113.21
2.269200 1024 84 -6976516.24
2.269200 1024 85 -6377461.65
2.269200 1024 86 -6081321.40
2.269200 1024 87 -5927857.69
2.269200 1024 88 -6156639.16
2.269200 1024 89 -6327283.63
2.269200 1024 90 -6711506.82
2.269200 1024 91 -6390580.51
2.269200 1024 92 -6074523.03
2.269200 1024 93 -5502962.99
2.269200 1024 94 -4810431.34
2.269200 1024 95 -4609185.04
2.269200 1024 96 -4393359.75
2.269200 1024 97 -4172805.70
2.269200 1024 98 -3974816.38
2.269200 1024 99 -4005027.66
2.269200 1024 100 -4043327.78
2.269200 1024 101 -4059260.01
2.269200 1024 102 -4507421.92
2.269200 1024 103 -5025492.98
2.269200 1024 104 -5394462.13
2.269200 1024 105 -5724856.09
2.269200 1024 106 -6075320.53
2.269200 1024 107 -6762410.53
2.269200 1024 108 -7179092.50
2.269200 1024 109 -7441522.01
2.269200 1024 110 -8133283.61
2.269200 1024 111 -8752657.28
2.269200 1024 112 -10122472.83
2.269200 1024 113 -11526805.67
2.269200 1024 114 -12675527.26
2.269200 1024 115 -13724053.56
2.269200 1024 116 -14956561.52
2.269200 1024 117 -16329749.07
2.269200 1024 118 -18023690.61
2.269200 1024 119 -19799098.75
2.269200 1024 120 -21775212.69
2.269200 1024 121 -23735644.34
2.269200 1024 122 -25446351.65
2.269200 1024 123 -26560114.06
2.269200 1024 124 -27848648.46
2.269200 1024 125 -29034308.38
2.269200 1024 126 -30160167.22
2.269200 1024 127 -31266830.69
2.269200 1024 128 -32389115.61
2.269200 1024 129 -33897660.74
2.269200 1024 130 -34917714.64
2.269200 1024 131 -35617999.48
2.269200 1024 132 -36008149.06
2.269200 1024 133 -37057984.69
2.269200 1024 134 -37926634.45
2.269200 1024 135 -38313416.39
2.269200 1024 136 -38870441.12
2.269200 1024 137 -39355306.59
2.269200 1024 138 -39751649.78
2.269200 1024 139 -40222158.03
2.269200 1024 140 -40661676.91
2.269200 1024 141 -40793521.56
2.269200 1024 142 -41005060.13
2.269200 1024 143 -41313163.04
2.269200 1024 144 -41617128.96
2.269200 1024 145 -41856989.13
2.269200 1024 146 -42113025.17
2.269200 1024 147 -42189745.47
2.269200 1024 148 -41723075.89
2.269200 1024 149 -41049485.54
2.269200 1024 150 -40340905.05
2.269200 1024 151 -38989175.40
2.269200 1024 152 -37885466.12
2.269200 1024 153 -36785654.09
2.269200 1024 154 -35690837.87
2.269200 1024 155 -34591131.74
2.269200 1024 156 -33102931.06
2.269200 1024 157 -31610717.35
2.269200 1024 158 -30129202.05
2.269200 1024 159 -28843129.27
2.269200 1024 160 -27692121.39
2.269200 1024 161 -26867381.48
2.269200 1024 162 -26148037.84
2.269200 1024 163 -25513245.84
2.269200 1024 164 -24892865.79
2.269200 1024 165 -24234411.91
2.269200 1024 166 -23465781.13
2.269200 1024 167 -22364851.80
2.269200 1024 168 -21343769.99
2.269200 1024 169 -20681878.98
2.269200 1024 170 -19534600.04
2.269200 1024 171 -18710435.99
2.269200 1024 172 -17844234.07
2.269200 1024 173 -16954650.98
2.269200 1024 174 -15722519.85
2.269200 1024 175 -14276541.20
2.269200 1024 176 -13060448.48
2.269200 1024 177 -11915875.13
2.269200 1024 178 -10989768.27
2.269200 1024 179 -10335085.52
2.269200 1024 180 -9759891.63
2.269200 1024 181 -9170987.09
2.269200 1024 182 -9397134.12
2.269200 1024 183 -10471511.75
2.269200 1024 184 -11522758.21
2.269200 1024 185 -12917297.42
2.269200 1024 186 -13531234.76
2.269200 1024 187 -14125895.23
2.269200 1024 188 -14846871.79
2.269200 1024 189 -15407576.06
2.269200 1024 190 -15848898.91
2.269200 1024 191 -15749622.97
2.269200 1024 192 -16199253.48
2.269200 1024 193 -16639792.42
2.269200 1024 194 -17117654.95
2.269200 1024 195 -17417631.92
2.269200 1024 196 -17667885.71
2.269200 1024 197 -18131096.43
2.269200 1024 198 -19265127.95
2.269200 1024 199 -19831102.51
