3.636000 96 0 285480.95
3.636000 96 1 236691.72
3.636000 96 2 199005.37
3.636000 96 3 168954.25
3.636000 96 4 144142.26
3.636000 96 5 123480.32
3.636000 96 6 106394.46
3.636000 96 7 91635.52
3.636000 96 8 79203.09
3.636000 96 9 68521.13
3.636000 96 10 59642.86
3.636000 96 11 52588.30
3.636000 96 12 46511.74
3.636000 96 13 41404.31
3.636000 96 14 36228.44
3.636000 96 15 31515.49
3.636000 96 16 27222.39
3.636000 96 17 23821.43
3.636000 96 18 20586.56
3.636000 96 19 17719.91
3.636000 96 20 15804.13
3.636000 96 21 14370.88
3.636000 96 22 13482.56
3.636000 96 23 12020.48
3.636000 96 24 10688.29
3.636000 96 25 9454.45
3.636000 96 26 8136.42
3.636000 96 27 6904.96
3.636000 96 28 5812.96
3.636000 96 29 5458.76
3.636000 96 30 4731.07
3.636000 96 31 4363.02
3.636000 96 32 4463.84
3.636000 96 33 4800.04
3.636000 96 34 4757.85
3.636000 96 35 4388.06
3.636000 96 36 4351.13
3.636000 96 37 3737.29
3.636000 96 38 3298.23
3.636000 96 39 3229.68
3.636000 96 40 3119.87
3.636000 96 41 3025.41
3.636000 96 42 3393.08
3.636000 96 43 3814.82
3.636000 96 44 3893.84
3.636000 96 45 3635.35
3.636000 96 46 3282.59
3.636000 96 47 3158.65
3.636000 96 48 2760.22
3.636000 96 49 2220.26
3.636000 96 50 1856.97
3.636000 96 51 1488.97
3.636000 96 52 923.07
3.636000 96 53 1122.55
3.636000 96 54 1245.38
3.636000 96 55 1889.55
3.636000 96 56 1989.36
3.636000 96 57 2314.31
3.636000 96 58 2582.91
3.636000 96 59 2188.77
3.636000 96 60 2089.08
3.636000 96 61 2178.11
3.636000 96 62 2427.50
3.636000 96 63 2496.08
3.636000 96 64 2268.97
3.636000 96 65 1921.63
3.636000 96 66 1762.63
3.636000 96 67 1433.31
3.636000 96 68 623.52
3.636000 96 69 540.42
3.636000 96 70 328.48
3.636000 96 71 -236.00
3.636000 96 72 -694.21
3.636000 96 73 -528.33
3.636000 96 74 -109.25
3.636000 96 75 289.19
3.636000 96 76 774.63
3.636000 96 77 1389.72
3.636000 96 78 2192.49
3.636000 96 79 2692.85
3.636000 96 80 3281.94
3.636000 96 81 3485.03
3.636000 96 82 3720.68
3.636000 96 83 3621.35
3.636000 96 84 3303.11
3.636000 96 85 2847.25
3.636000 96 86 2302.96
3.636000 96 87 2297.31
3.636000 96 88 2609.07
3.636000 96 89 2279.28
3.636000 96 90 1761.76
3.636000 96 91 955.64
3.636000 96 92 497.55
3.636000 96 93 71.51
3.636000 96 94 -349.89
3.636000 96 95 -699.41
3.636000 96 96 -595.73
3.636000 96 97 -727.87
3.636000 96 98 -806.16
3.636000 96 99 -1053.45
3.636000 96 100 -1214.45
3.636000 96 101 -1606.76
3.636000 96 102 -2312.15
3.636000 96 103 -2167.78
3.636000 96 104 -2525.95
3.636000 96 105 -2831.70
3.636000 96 106 -2963.23
3.636000 96 107 -3202.21
3.636000 96 108 -3395.61
3.636000 96 109 -3043.00
3.636000 96 110 -2345.62
3.636000 96 111 -1765.22
3.636000 96 112 -995.79
3.636000 96 113 -726.14
3.636000 96 114 -696.71
3.636000 96 115 -717.67
3.636000 96 116 -1133.85
3.636000 96 117 -1035.45
3.636000 96 118 -1394.11
3.636000 96 119 -1883.05
3.636000 96 120 -1983.31
3.636000 96 121 -2207.16
3.636000 96 122 -2731.08
3.636000 96 123 -2683.64
3.636000 96 124 -2428.59
3.636000 96 125 -2430.59
3.636000 96 126 -2375.40
3.636000 96 127 -1830.57
3.636000 96 128 -1446.25
3.636000 96 129 -1583.73
3.636000 96 130 -1574.69
3.636000 96 131 -1660.70
3.636000 96 132 -1448.54
3.636000 96 133 -752.90
3.636000 96 134 -13.12
3.636000 96 135 664.56
3.636000 96 136 1261.38
3.636000 96 137 1686.37
3.636000 96 138 1633.54
3.636000 96 139 1228.75
3.636000 96 140 1137.49
3.636000 96 141 1079.61
3.636000 96 142 609.48
3.636000 96 143 512.36
3.636000 96 144 92.76
3.636000 96 145 -154.01
3.636000 96 146 137.70
3.636000 96 147 106.67
3.636000 96 148 397.61
3.636000 96 149 1186.90
3.636000 96 150 1687.06
3.636000 96 151 1386.39
3.636000 96 152 991.41
3.636000 96 153 741.44
3.636000 96 154 661.57
3.636000 96 155 798.72
3.636000 96 156 953.89
3.636000 96 157 1279.49
3.636000 96 158 1139.32
3.636000 96 159 924.40
3.636000 96 160 1415.64
3.636000 96 161 1284.52
3.636000 96 162 1431.20
3.636000 96 163 975.55
3.636000 96 164 394.92
3.636000 96 165 -455.83
3.636000 96 166 -973.68
3.636000 96 167 -1350.33
3.636000 96 168 -2006.15
3.636000 96 169 -2342.57
3.636000 96 170 -2250.80
3.636000 96 171 -2488.67
3.636000 96 172 -2664.97
3.636000 96 173 -2888.08
3.636000 96 174 -2578.88
3.636000 96 175 -3025.83
3.636000 96 176 -3440.29
3.636000 96 177 -4032.44
3.636000 96 178 -4100.78
3.636000 96 179 -4099.83
3.636000 96 180 -4126.58
3.636000 96 181 -3916.11
3.636000 96 182 -3742.53
3.636000 96 183 -3687.15
3.636000 96 184 -3290.98
3.636000 96 185 -3332.41
3.636000 96 186 -3566.07
3.636000 96 187 -3716.63
3.636000 96 188 -3874.73
3.636000 96 189 -3622.15
3.636000 96 190 -4081.49
3.636000 96 191 -4624.11
3.636000 96 192 -4931.85
3.636000 96 193 -4873.00
3.636000 96 194 -4630.15
3.636000 96 195 -4142.46
3.636000 96 196 -3353.55
3.636000 96 197 -2465.46
3.636000 96 198 -2067.40
3.636000 96 199 -2065.51
