2.276000 128 0 209371.62
2.276000 128 1 185773.91
2.276000 128 2 166545.96
2.276000 128 3 149058.16
2.276000 128 4 133940.15
2.276000 128 5 119715.31
2.276000 128 6 107407.78
2.276000 128 7 96813.67
2.276000 128 8 88554.27
2.276000 128 9 80650.31
2.276000 128 10 73812.95
2.276000 128 11 67247.78
2.276000 128 12 61090.49
2.276000 128 13 55631.62
2.276000 128 14 50547.67
2.276000 128 15 47360.53
2.276000 128 16 42573.56
2.276000 128 17 37916.77
2.276000 128 18 34836.95
2.276000 128 19 32822.70
2.276000 128 20 30708.92
2.276000 128 21 28224.26
2.276000 128 22 24469.31
2.276000 128 23 20758.77
2.276000 128 24 16834.54
2.276000 128 25 12474.99
2.276000 128 26 7743.22
2.276000 128 27 3436.68
2.276000 128 28 -439.14
2.276000 128 29 -3300.81
2.276000 128 30 -6710.37
2.276000 128 31 -9745.56
2.276000 128 32 -10925.77
2.276000 128 33 -12851.20
2.276000 128 34 -14161.80
2.276000 128 35 -15420.14
2.276000 128 36 -16746.34
2.276000 128 37 -17315.53
2.276000 128 38 -18329.35
2.276000 128 39 -18233.46
2.276000 128 40 -17389.81
2.276000 128 41 -17810.55
2.276000 128 42 -20662.95
2.276000 128 43 -23043.10
2.276000 128 44 -25626.03
2.276000 128 45 -28104.00
2.276000 128 46 -31222.31
2.276000 128 47 -35679.42
2.276000 128 48 -39403.52
2.276000 128 49 -42017.42
2.276000 128 50 -46309.80
2.276000 128 51 -49387.79
2.276000 128 52 -51167.88
2.276000 128 53 -51933.10
2.276000 128 54 -51787.57
2.276000 128 55 -53719.86
2.276000 128 56 -55977.67
2.276000 128 57 -56726.66
2.276000 128 58 -57398.13
2.276000 128 59 -57360.03
2.276000 128 60 -57337.74
2.276000 128 61 -56337.05
2.276000 128 62 -55867.60
2.276000 128 63 -56898.87
2.276000 128 64 -58151.51
2.276000 128 65 -58740.95
2.276000 128 66 -60488.38
2.276000 128 67 -62627.61
2.276000 128 68 -64209.49
2.276000 128 69 -64551.22
2.276000 128 70 -64433.09
2.276000 128 71 -64614.55
2.276000 128 72 -64697.82
2.276000 128 73 -65123.68
2.276000 128 74 -65847.20
2.276000 128 75 -65558.85
2.276000 128 76 -66138.16
2.276000 128 77 -65965.68
2.276000 128 78 -65593.32
2.276000 128 79 -65492.92
2.276000 128 80 -63894.29
2.276000 128 81 -61960.80
2.276000 128 82 -60640.02
2.276000 128 83 -60316.34
2.276000 128 84 -59972.78
2.276000 128 85 -59852.15
2.276000 128 86 -59062.99
2.276000 128 87 -58906.12
2.276000 128 88 -59149.67
2.276000 128 89 -59415.86
2.276000 128 90 -59598.13
2.276000 128 91 -60094.50
2.276000 128 92 -59491.28
2.276000 128 93 -58982.31
2.276000 128 94 -59346.73
2.276000 128 95 -60351.96
2.276000 128 96 -61172.09
2.276000 128 97 -63990.67
2.276000 128 98 -65422.16
2.276000 128 99 -66407.90
2.276000 128 100 -66916.40
2.276000 128 101 -67561.93
2.276000 128 102 -68461.61
2.276000 128 103 -68817.70
2.276000 128 104 -69585.76
2.276000 128 105 -70543.87
2.276000 128 106 -70593.48
2.276000 128 107 -71207.61
2.276000 128 108 -71252.52
2.276000 128 109 -70382.71
2.276000 128 110 -69792.07
2.276000 128 111 -69784.03
2.276000 128 112 -70322.74
2.276000 128 113 -71220.02
2.276000 128 114 -72250.17
2.276000 128 115 -72580.03
2.276000 128 116 -73874.10
2.276000 128 117 -74440.89
2.276000 128 118 -75084.88
2.276000 128 119 -76429.07
2.276000 128 120 -76755.64
2.276000 128 121 -78064.68
2.276000 128 122 -79875.63
2.276000 128 123 -81061.62
2.276000 128 124 -82313.97
2.276000 128 125 -83500.76
2.276000 128 126 -84678.15
2.276000 128 127 -85504.71
2.276000 128 128 -86426.78
2.276000 128 129 -86200.08
2.276000 128 130 -86027.66
2.276000 128 131 -86701.07
2.276000 128 132 -87136.48
2.276000 128 133 -86829.80
2.276000 128 134 -87270.54
2.276000 128 135 -88332.72
2.276000 128 136 -88359.63
2.276000 128 137 -87383.60
2.276000 128 138 -86832.15
2.276000 128 139 -85356.38
2.276000 128 140 -84381.71
2.276000 128 141 -84278.94
2.276000 128 142 -85201.96
2.276000 128 143 -85035.76
2.276000 128 144 -85383.50
2.276000 128 145 -85969.25
2.276000 128 146 -86805.79
2.276000 128 147 -87057.69
2.276000 128 148 -87361.73
2.276000 128 149 -88229.50
2.276000 128 150 -88651.76
2.276000 128 151 -90707.74
2.276000 128 152 -93094.46
2.276000 128 153 -94516.78
2.276000 128 154 -96391.77
2.276000 128 155 -97824.75
2.276000 128 156 -99520.83
2.276000 128 157 -101488.87
2.276000 128 158 -102833.11
2.276000 128 159 -104618.52
2.276000 128 160 -105886.46
2.276000 128 161 -105440.51
2.276000 128 162 -103668.19
2.276000 128 163 -102794.08
2.276000 128 164 -102712.27
2.276000 128 165 -104114.61
2.276000 128 166 -105380.00
2.276000 128 167 -106534.22
2.276000 128 168 -107570.80
2.276000 128 169 -109019.44
2.276000 128 170 -108509.73
2.276000 128 171 -108155.95
2.276000 128 172 -107559.09
2.276000 128 173 -105348.89
2.276000 128 174 -103344.17
2.276000 128 175 -101864.46
2.276000 128 176 -100554.47
2.276000 128 177 -99494.48
2.276000 128 178 -97632.91
2.276000 128 179 -96321.21
2.276000 128 180 -94704.51
2.276000 128 181 -93877.39
2.276000 128 182 -92988.79
2.276000 128 183 -91540.62
2.276000 128 184 -90026.36
2.276000 128 185 -87774.57
2.276000 128 186 -86003.46
2.276000 128 187 -84311.09
2.276000 128 188 -83463.06
2.276000 128 189 -82466.97
2.276000 128 190 -82305.62
2.276000 128 191 -81997.61
2.276000 128 192 -81929.78
2.276000 128 193 -81876.85
2.276000 128 194 -80375.13
2.276000 128 195 -78309.51
2.276000 128 196 -77135.17
2.276000 128 197 -75812.12
2.276000 128 198 -74202.03
2.276000 128 199 -73037.83
