3.770000 24 0 6270.40
3.770000 24 1 5017.68
3.770000 24 2 4042.35
3.770000 24 3 3257.04
3.770000 24 4 2624.03
3.770000 24 5 2082.65
3.770000 24 6 1633.10
3.770000 24 7 1271.38
3.770000 24 8 1013.51
3.770000 24 9 828.84
3.770000 24 10 703.27
3.770000 24 11 587.91
3.770000 24 12 494.09
3.770000 24 13 400.14
3.770000 24 14 319.85
3.770000 24 15 245.62
3.770000 24 16 166.32
3.770000 24 17 89.90
3.770000 24 18 50.91
3.770000 24 19 24.97
3.770000 24 20 52.36
3.770000 24 21 13.17
3.770000 24 22 11.83
3.770000 24 23 37.06
3.770000 24 24 36.67
3.770000 24 25 49.34
3.770000 24 26 24.83
3.770000 24 27 -36.33
3.770000 24 28 -85.57
3.770000 24 29 -131.69
3.770000 24 30 -162.62
3.770000 24 31 -177.94
3.770000 24 32 -192.74
3.770000 24 33 -186.99
3.770000 24 34 -160.94
3.770000 24 35 -162.83
3.770000 24 36 -183.67
3.770000 24 37 -180.76
3.770000 24 38 -205.62
3.770000 24 39 -185.96
3.770000 24 40 -182.68
3.770000 24 41 -144.27
3.770000 24 42 -115.75
3.770000 24 43 -102.13
3.770000 24 44 -130.23
3.770000 24 45 -180.84
3.770000 24 46 -232.39
3.770000 24 47 -217.28
3.770000 24 48 -196.94
3.770000 24 49 -175.38
3.770000 24 50 -182.59
3.770000 24 51 -158.60
3.770000 24 52 -177.48
3.770000 24 53 -176.45
3.770000 24 54 -129.21
3.770000 24 55 -102.08
3.770000 24 56 -127.58
3.770000 24 57 -159.13
3.770000 24 58 -227.88
3.770000 24 59 -266.23
3.770000 24 60 -292.33
3.770000 24 61 -343.17
3.770000 24 62 -393.14
3.770000 24 63 -429.30
3.770000 24 64 -448.71
3.770000 24 65 -477.91
3.770000 24 66 -492.14
3.770000 24 67 -497.18
3.770000 24 68 -472.79
3.770000 24 69 -448.32
3.770000 24 70 -449.87
3.770000 24 71 -421.76
3.770000 24 72 -384.28
3.770000 24 73 -341.09
3.770000 24 74 -327.53
3.770000 24 75 -336.37
3.770000 24 76 -325.15
3.770000 24 77 -343.96
3.770000 24 78 -353.03
3.770000 24 79 -377.05
3.770000 24 80 -397.14
3.770000 24 81 -374.78
3.770000 24 82 -335.50
3.770000 24 83 -332.70
3.770000 24 84 -344.13
3.770000 24 85 -369.13
3.770000 24 86 -334.93
3.770000 24 87 -353.67
3.770000 24 88 -324.13
3.770000 24 89 -298.29
3.770000 24 90 -280.92
3.770000 24 91 -269.14
3.770000 24 92 -283.42
3.770000 24 93 -303.07
3.770000 24 94 -306.25
3.770000 24 95 -293.16
3.770000 24 96 -258.45
3.770000 24 97 -248.72
3.770000 24 98 -266.06
3.770000 24 99 -289.53
3.770000 24 100 -271.94
3.770000 24 101 -269.24
3.770000 24 102 -329.50
3.770000 24 103 -363.34
3.770000 24 104 -388.80
3.770000 24 105 -414.26
3.770000 24 106 -440.02
3.770000 24 107 -445.69
3.770000 24 108 -434.44
3.770000 24 109 -459.34
3.770000 24 110 -430.10
3.770000 24 111 -392.55
3.770000 24 112 -334.03
3.770000 24 113 -285.70
3.770000 24 114 -264.04
3.770000 24 115 -241.22
3.770000 24 116 -207.42
3.770000 24 117 -199.25
3.770000 24 118 -199.89
3.770000 24 119 -202.97
3.770000 24 120 -219.78
3.770000 24 121 -231.25
3.770000 24 122 -273.73
3.770000 24 123 -290.82
3.770000 24 124 -328.94
3.770000 24 125 -375.54
3.770000 24 126 -392.64
3.770000 24 127 -386.17
3.770000 24 128 -393.90
3.770000 24 129 -404.75
3.770000 24 130 -394.63
3.770000 24 131 -358.71
3.770000 24 132 -370.78
3.770000 24 133 -383.40
3.770000 24 134 -410.16
3.770000 24 135 -423.27
3.770000 24 136 -428.12
3.770000 24 137 -429.50
3.770000 24 138 -427.25
3.770000 24 139 -391.66
3.770000 24 140 -376.59
3.770000 24 141 -409.21
3.770000 24 142 -439.01
3.770000 24 143 -463.68
3.770000 24 144 -457.17
3.770000 24 145 -491.87
3.770000 24 146 -548.83
3.770000 24 147 -548.71
3.770000 24 148 -578.71
3.770000 24 149 -637.40
3.770000 24 150 -689.96
3.770000 24 151 -721.37
3.770000 24 152 -715.03
3.770000 24 153 -694.36
3.770000 24 154 -628.85
3.770000 24 155 -567.46
3.770000 24 156 -542.84
3.770000 24 157 -534.18
3.770000 24 158 -550.09
3.770000 24 159 -531.39
3.770000 24 160 -538.28
3.770000 24 161 -548.74
3.770000 24 162 -583.38
3.770000 24 163 -626.72
3.770000 24 164 -645.55
3.770000 24 165 -633.95
3.770000 24 166 -615.05
3.770000 24 167 -575.65
3.770000 24 168 -563.41
3.770000 24 169 -581.93
3.770000 24 170 -582.27
3.770000 24 171 -570.83
3.770000 24 172 -545.73
3.770000 24 173 -527.86
3.770000 24 174 -480.27
3.770000 24 175 -455.35
3.770000 24 176 -418.90
3.770000 24 177 -363.20
3.770000 24 178 -312.80
3.770000 24 179 -270.42
3.770000 24 180 -257.48
3.770000 24 181 -213.86
3.770000 24 182 -161.84
3.770000 24 183 -198.01
3.770000 24 184 -248.09
3.770000 24 185 -266.29
3.770000 24 186 -236.31
3.770000 24 187 -270.81
3.770000 24 188 -319.37
3.770000 24 189 -346.85
3.770000 24 190 -364.39
3.770000 24 191 -400.02
3.770000 24 192 -440.88
3.770000 24 193 -456.33
3.770000 24 194 -409.92
3.770000 24 195 -409.81
3.770000 24 196 -395.91
3.770000 24 197 -388.01
3.770000 24 198 -368.84
3.770000 24 199 -350.73
