3.647000 32 0 11071.40
3.647000 32 1 8214.39
3.647000 32 2 6126.61
3.647000 32 3 4601.06
3.647000 32 4 3482.74
3.647000 32 5 2625.94
3.647000 32 6 2054.30
3.647000 32 7 1597.90
3.647000 32 8 1135.72
3.647000 32 9 740.58
3.647000 32 10 509.66
3.647000 32 11 355.80
3.647000 32 12 313.36
3.647000 32 13 322.97
3.647000 32 14 250.66
3.647000 32 15 152.31
3.647000 32 16 84.70
3.647000 32 17 76.46
3.647000 32 18 27.04
3.647000 32 19 -17.25
3.647000 32 20 -94.23
3.647000 32 21 -158.67
3.647000 32 22 -124.32
3.647000 32 23 -155.58
3.647000 32 24 -128.35
3.647000 32 25 -167.18
3.647000 32 26 -177.08
3.647000 32 27 -265.98
3.647000 32 28 -265.57
3.647000 32 29 -191.94
3.647000 32 30 -86.28
3.647000 32 31 48.80
3.647000 32 32 259.74
3.647000 32 33 326.75
3.647000 32 34 397.17
3.647000 32 35 439.59
3.647000 32 36 509.26
3.647000 32 37 501.83
3.647000 32 38 460.53
3.647000 32 39 362.57
3.647000 32 40 270.59
3.647000 32 41 153.35
3.647000 32 42 67.31
3.647000 32 43 17.37
3.647000 32 44 27.20
3.647000 32 45 22.82
3.647000 32 46 -70.27
3.647000 32 47 -107.14
3.647000 32 48 -210.63
3.647000 32 49 -233.74
3.647000 32 50 -230.16
3.647000 32 51 -248.83
3.647000 32 52 -218.15
3.647000 32 53 -177.81
3.647000 32 54 -172.67
3.647000 32 55 -158.73
3.647000 32 56 -136.31
3.647000 32 57 -108.41
3.647000 32 58  0.38
3.647000 32 59 63.80
3.647000 32 60 135.79
3.647000 32 61 283.65
3.647000 32 62 283.74
3.647000 32 63 162.59
3.647000 32 64 26.79
3.647000 32 65 -93.20
3.647000 32 66 -178.51
3.647000 32 67 -184.55
3.647000 32 68 -150.67
3.647000 32 69 -100.35
3.647000 32 70 -61.51
3.647000 32 71 -8.86
3.647000 32 72 15.91
3.647000 32 73 60.51
3.647000 32 74 37.77
3.647000 32 75 -17.62
3.647000 32 76 -82.79
3.647000 32 77 -166.42
3.647000 32 78 -189.09
3.647000 32 79 -165.39
3.647000 32 80 -132.51
3.647000 32 81 -100.89
3.647000 32 82 -10.73
3.647000 32 83 -82.73
3.647000 32 84 -75.74
3.647000 32 85 -65.84
3.647000 32 86 -35.77
3.647000 32 87 -95.47
3.647000 32 88 -95.41
3.647000 32 89 -144.26
3.647000 32 90 -150.02
3.647000 32 91 -81.94
3.647000 32 92 -40.12
3.647000 32 93 -32.32
3.647000 32 94 56.63
3.647000 32 95 131.12
3.647000 32 96 166.04
3.647000 32 97 228.47
3.647000 32 98 257.85
3.647000 32 99 306.69
3.647000 32 100 347.54
3.647000 32 101 306.51
3.647000 32 102 244.95
3.647000 32 103 273.12
3.647000 32 104 254.08
3.647000 32 105 160.97
3.647000 32 106 136.87
3.647000 32 107 182.15
3.647000 32 108 210.19
3.647000 32 109 332.31
3.647000 32 110 379.71
3.647000 32 111 362.64
3.647000 32 112 287.09
3.647000 32 113 163.54
3.647000 32 114 45.05
3.647000 32 115 -12.84
3.647000 32 116 40.02
3.647000 32 117 16.97
3.647000 32 118 -29.71
3.647000 32 119 -25.89
3.647000 32 120 11.02
3.647000 32 121 150.14
3.647000 32 122 204.15
3.647000 32 123 156.03
3.647000 32 124 75.16
3.647000 32 125 57.50
3.647000 32 126 56.23
3.647000 32 127 50.77
3.647000 32 128 103.86
3.647000 32 129 78.91
3.647000 32 130 -45.92
3.647000 32 131 -142.64
3.647000 32 132 -180.98
3.647000 32 133 -140.47
3.647000 32 134 -137.82
3.647000 32 135 -112.70
3.647000 32 136 -122.56
3.647000 32 137 -125.37
3.647000 32 138 -168.06
3.647000 32 139 -140.20
3.647000 32 140 -1.41
3.647000 32 141 92.72
3.647000 32 142 164.09
3.647000 32 143 206.95
3.647000 32 144 194.86
3.647000 32 145 197.91
3.647000 32 146 163.69
3.647000 32 147 89.95
3.647000 32 148 -6.74
3.647000 32 149 -157.99
3.647000 32 150 -191.55
3.647000 32 151 -156.35
3.647000 32 152 -135.59
3.647000 32 153 -132.39
3.647000 32 154 -75.89
3.647000 32 155 -99.74
3.647000 32 156 -36.60
3.647000 32 157 54.27
3.647000 32 158 158.78
3.647000 32 159 155.00
3.647000 32 160 82.77
3.647000 32 161 46.58
3.647000 32 162 42.32
3.647000 32 163 13.00
3.647000 32 164 65.06
3.647000 32 165 76.16
3.647000 32 166 33.44
3.647000 32 167 58.88
3.647000 32 168 179.08
3.647000 32 169 179.20
3.647000 32 170 129.97
3.647000 32 171 64.60
3.647000 32 172 -31.40
3.647000 32 173 -124.07
3.647000 32 174 -147.37
3.647000 32 175 -48.35
3.647000 32 176 -1.63
3.647000 32 177 30.33
3.647000 32 178 47.97
3.647000 32 179 130.38
3.647000 32 180 253.47
3.647000 32 181 276.82
3.647000 32 182 239.95
3.647000 32 183 192.17
3.647000 32 184 91.49
3.647000 32 185 17.11
3.647000 32 186 11.61
3.647000 32 187 -4.64
3.647000 32 188 -44.66
3.647000 32 189 -108.61
3.647000 32 190 -286.34
3.647000 32 191 -406.23
3.647000 32 192 -405.87
3.647000 32 193 -386.08
3.647000 32 194 -311.76
3.647000 32 195 -299.54
3.647000 32 196 -346.91
3.647000 32 197 -486.29
3.647000 32 198 -536.27
3.647000 32 199 -678.67
