3.641000 32 0 25437.37
3.641000 32 1 18999.21
3.641000 32 2 14521.20
3.641000 32 3 11294.26
3.641000 32 4 8872.75
3.641000 32 5 7053.61
3.641000 32 6 5701.55
3.641000 32 7 4672.70
3.641000 32 8 3810.86
3.641000 32 9 3117.91
3.641000 32 10 2597.91
3.641000 32 11 2086.51
3.641000 32 12 1707.55
3.641000 32 13 1373.34
3.641000 32 14 1079.50
3.641000 32 15 815.02
3.641000 32 16 602.71
3.641000 32 17 427.07
3.641000 32 18 315.18
3.641000 32 19 234.57
3.641000 32 20 164.25
3.641000 32 21 123.38
3.641000 32 22 95.30
3.641000 32 23 118.44
3.641000 32 24 105.58
3.641000 32 25 88.96
3.641000 32 26 58.05
3.641000 32 27 -19.89
3.641000 32 28 -104.73
3.641000 32 29 -159.75
3.641000 32 30 -214.29
3.641000 32 31 -241.57
3.641000 32 32 -298.31
3.641000 32 33 -240.62
3.641000 32 34 -196.24
3.641000 32 35 -166.86
3.641000 32 36 -178.13
3.641000 32 37 -162.47
3.641000 32 38 -98.60
3.641000 32 39 -21.44
3.641000 32 40 58.43
3.641000 32 41 107.62
3.641000 32 42 156.14
3.641000 32 43 139.84
3.641000 32 44 116.25
3.641000 32 45 175.82
3.641000 32 46 209.23
3.641000 32 47 233.65
3.641000 32 48 299.60
3.641000 32 49 309.75
3.641000 32 50 231.29
3.641000 32 51 174.05
3.641000 32 52 117.02
3.641000 32 53 67.96
3.641000 32 54 12.35
3.641000 32 55 -12.69
3.641000 32 56 -57.69
3.641000 32 57 -97.68
3.641000 32 58 -136.34
3.641000 32 59 -140.75
3.641000 32 60 -119.77
3.641000 32 61 -85.51
3.641000 32 62 -46.61
3.641000 32 63 -57.86
3.641000 32 64 -21.72
3.641000 32 65 16.05
3.641000 32 66 64.94
3.641000 32 67 147.93
3.641000 32 68 215.85
3.641000 32 69 193.53
3.641000 32 70 239.94
3.641000 32 71 226.25
3.641000 32 72 263.43
3.641000 32 73 296.12
3.641000 32 74 359.35
3.641000 32 75 360.62
3.641000 32 76 352.98
3.641000 32 77 329.13
3.641000 32 78 294.31
3.641000 32 79 222.51
3.641000 32 80 203.92
3.641000 32 81 200.35
3.641000 32 82 190.58
3.641000 32 83 200.77
3.641000 32 84 186.53
3.641000 32 85 232.50
3.641000 32 86 240.66
3.641000 32 87 198.47
3.641000 32 88 153.16
3.641000 32 89 125.97
3.641000 32 90 109.36
3.641000 32 91 96.90
3.641000 32 92 64.64
3.641000 32 93  1.39
3.641000 32 94 -30.21
3.641000 32 95 -0.15
3.641000 32 96 37.66
3.641000 32 97 111.46
3.641000 32 98 170.60
3.641000 32 99 272.61
3.641000 32 100 399.06
3.641000 32 101 482.78
3.641000 32 102 499.05
3.641000 32 103 465.78
3.641000 32 104 388.40
3.641000 32 105 320.10
3.641000 32 106 265.45
3.641000 32 107 270.24
3.641000 32 108 217.59
3.641000 32 109 243.51
3.641000 32 110 260.94
3.641000 32 111 242.11
3.641000 32 112 227.64
3.641000 32 113 216.85
3.641000 32 114 200.86
3.641000 32 115 188.90
3.641000 32 116 160.31
3.641000 32 117 162.00
3.641000 32 118 207.39
3.641000 32 119 265.54
3.641000 32 120 274.53
3.641000 32 121 251.52
3.641000 32 122 234.64
3.641000 32 123 176.49
3.641000 32 124 134.16
3.641000 32 125 96.29
3.641000 32 126 130.29
3.641000 32 127 134.10
3.641000 32 128 139.31
3.641000 32 129 67.12
3.641000 32 130 28.32
3.641000 32 131  7.47
3.641000 32 132 55.49
3.641000 32 133 62.47
3.641000 32 134 166.59
3.641000 32 135 224.96
3.641000 32 136 251.62
3.641000 32 137 237.65
3.641000 32 138 174.89
3.641000 32 139 127.90
3.641000 32 140 113.20
3.641000 32 141 60.35
3.641000 32 142 18.23
3.641000 32 143 49.88
3.641000 32 144 98.41
3.641000 32 145 205.72
3.641000 32 146 272.18
3.641000 32 147 352.59
3.641000 32 148 388.30
3.641000 32 149 369.98
3.641000 32 150 382.12
3.641000 32 151 355.58
3.641000 32 152 317.80
3.641000 32 153 249.61
3.641000 32 154 186.18
3.641000 32 155 189.78
3.641000 32 156 155.02
3.641000 32 157 133.89
3.641000 32 158 99.61
3.641000 32 159 130.07
3.641000 32 160 204.84
3.641000 32 161 204.85
3.641000 32 162 154.56
3.641000 32 163 130.73
3.641000 32 164 107.30
3.641000 32 165 77.93
3.641000 32 166 113.24
3.641000 32 167 40.03
3.641000 32 168 -20.17
3.641000 32 169 -16.04
3.641000 32 170  6.15
3.641000 32 171 -43.56
3.641000 32 172 -59.28
3.641000 32 173 -8.80
3.641000 32 174 58.99
3.641000 32 175 119.94
3.641000 32 176 168.94
3.641000 32 177 180.82
3.641000 32 178 155.12
3.641000 32 179 184.24
3.641000 32 180 217.65
3.641000 32 181 272.93
3.641000 32 182 303.71
3.641000 32 183 348.03
3.641000 32 184 395.79
3.641000 32 185 440.77
3.641000 32 186 445.59
3.641000 32 187 458.17
3.641000 32 188 453.30
3.641000 32 189 411.78
3.641000 32 190 360.59
3.641000 32 191 248.05
3.641000 32 192 163.42
3.641000 32 193 103.25
3.641000 32 194 84.06
3.641000 32 195 55.00
3.641000 32 196 37.81
3.641000 32 197 47.40
3.641000 32 198 71.83
3.641000 32 199 111.06
