3.638000 64 0 120185.26
3.638000 64 1 97446.11
3.638000 64 2 80039.27
3.638000 64 3 66621.53
3.638000 64 4 55958.92
3.638000 64 5 47297.77
3.638000 64 6 40327.57
3.638000 64 7 34579.48
3.638000 64 8 29571.76
3.638000 64 9 25451.09
3.638000 64 10 21736.12
3.638000 64 11 18886.36
3.638000 64 12 16369.44
3.638000 64 13 14199.04
3.638000 64 14 12500.15
3.638000 64 15 10870.57
3.638000 64 16 9359.86
3.638000 64 17 8021.21
3.638000 64 18 6984.21
3.638000 64 19 5910.10
3.638000 64 20 5154.91
3.638000 64 21 4664.65
3.638000 64 22 4207.09
3.638000 64 23 3919.81
3.638000 64 24 3998.44
3.638000 64 25 4100.01
3.638000 64 26 4225.35
3.638000 64 27 4222.81
3.638000 64 28 4129.81
3.638000 64 29 3699.01
3.638000 64 30 3190.04
3.638000 64 31 2969.87
3.638000 64 32 2755.70
3.638000 64 33 2625.03
3.638000 64 34 2597.85
3.638000 64 35 2531.61
3.638000 64 36 2302.52
3.638000 64 37 2177.21
3.638000 64 38 1971.50
3.638000 64 39 1743.01
3.638000 64 40 1426.82
3.638000 64 41 1189.99
3.638000 64 42 794.07
3.638000 64 43 648.06
3.638000 64 44 747.66
3.638000 64 45 774.77
3.638000 64 46 562.98
3.638000 64 47 375.52
3.638000 64 48 258.91
3.638000 64 49 275.69
3.638000 64 50 343.59
3.638000 64 51 426.66
3.638000 64 52 141.48
3.638000 64 53 173.63
3.638000 64 54 93.23
3.638000 64 55 136.98
3.638000 64 56 177.06
3.638000 64 57 164.58
3.638000 64 58 277.74
3.638000 64 59 411.58
3.638000 64 60 575.43
3.638000 64 61 671.83
3.638000 64 62 811.87
3.638000 64 63 953.61
3.638000 64 64 1135.21
3.638000 64 65 1157.19
3.638000 64 66 1103.11
3.638000 64 67 1128.77
3.638000 64 68 1034.92
3.638000 64 69 758.86
3.638000 64 70 625.17
3.638000 64 71 444.97
3.638000 64 72 517.14
3.638000 64 73 668.02
3.638000 64 74 979.22
3.638000 64 75 1107.34
3.638000 64 76 1219.55
3.638000 64 77 1312.08
3.638000 64 78 1408.25
3.638000 64 79 1350.24
3.638000 64 80 1532.73
3.638000 64 81 1780.62
3.638000 64 82 2100.83
3.638000 64 83 1961.01
3.638000 64 84 2209.19
3.638000 64 85 2236.09
3.638000 64 86 1941.98
3.638000 64 87 1764.58
3.638000 64 88 1557.48
3.638000 64 89 1552.52
3.638000 64 90 1810.56
3.638000 64 91 2123.56
3.638000 64 92 2211.48
3.638000 64 93 2301.47
3.638000 64 94 2487.31
3.638000 64 95 2623.79
3.638000 64 96 2561.56
3.638000 64 97 2573.11
3.638000 64 98 2617.52
3.638000 64 99 2703.44
3.638000 64 100 2790.67
3.638000 64 101 2914.79
3.638000 64 102 3135.84
3.638000 64 103 3525.27
3.638000 64 104 3781.36
3.638000 64 105 4033.34
3.638000 64 106 4250.22
3.638000 64 107 4348.55
3.638000 64 108 4280.32
3.638000 64 109 3784.58
3.638000 64 110 3360.63
3.638000 64 111 2986.25
3.638000 64 112 2564.81
3.638000 64 113 2200.47
3.638000 64 114 2008.54
3.638000 64 115 1959.53
3.638000 64 116 1795.24
3.638000 64 117 1670.10
3.638000 64 118 1574.60
3.638000 64 119 1461.45
3.638000 64 120 1327.02
3.638000 64 121 1086.96
3.638000 64 122 856.76
3.638000 64 123 609.27
3.638000 64 124 260.63
3.638000 64 125 161.20
3.638000 64 126 130.33
3.638000 64 127 -66.10
3.638000 64 128 34.93
3.638000 64 129 126.40
3.638000 64 130 428.49
3.638000 64 131 624.10
3.638000 64 132 638.86
3.638000 64 133 768.53
3.638000 64 134 892.28
3.638000 64 135 1030.85
3.638000 64 136 1283.24
3.638000 64 137 1138.36
3.638000 64 138 1046.66
3.638000 64 139 1120.11
3.638000 64 140 1251.57
3.638000 64 141 1353.25
3.638000 64 142 1375.19
3.638000 64 143 1546.03
3.638000 64 144 1715.18
3.638000 64 145 1658.75
3.638000 64 146 1513.70
3.638000 64 147 1495.39
3.638000 64 148 1305.35
3.638000 64 149 1219.42
3.638000 64 150 1026.96
3.638000 64 151 884.27
3.638000 64 152 769.30
3.638000 64 153 807.32
3.638000 64 154 945.18
3.638000 64 155 1169.21
3.638000 64 156 1051.98
3.638000 64 157 909.49
3.638000 64 158 1016.48
3.638000 64 159 872.92
3.638000 64 160 872.14
3.638000 64 161 854.72
3.638000 64 162 836.84
3.638000 64 163 854.52
3.638000 64 164 751.17
3.638000 64 165 905.07
3.638000 64 166 798.43
3.638000 64 167 691.76
3.638000 64 168 645.64
3.638000 64 169 815.92
3.638000 64 170 905.74
3.638000 64 171 925.34
3.638000 64 172 1219.96
3.638000 64 173 1234.82
3.638000 64 174 1163.89
3.638000 64 175 983.55
3.638000 64 176 911.68
3.638000 64 177 1070.24
3.638000 64 178 1340.86
3.638000 64 179 1643.27
3.638000 64 180 1834.58
3.638000 64 181 1883.82
3.638000 64 182 1826.18
3.638000 64 183 1791.10
3.638000 64 184 1473.88
3.638000 64 185 1263.09
3.638000 64 186 1398.79
3.638000 64 187 1472.20
3.638000 64 188 1607.40
3.638000 64 189 1498.66
3.638000 64 190 1150.27
3.638000 64 191 892.92
3.638000 64 192 744.44
3.638000 64 193 490.11
3.638000 64 194 248.17
3.638000 64 195 77.86
3.638000 64 196 -108.90
3.638000 64 197 -288.82
3.638000 64 198 -438.45
3.638000 64 199 -454.96
