3.460000 64 0 25755.26
3.460000 64 1 13541.78
3.460000 64 2 6922.44
3.460000 64 3 3532.61
3.460000 64 4 1701.71
3.460000 64 5 946.02
3.460000 64 6 566.89
3.460000 64 7 467.92
3.460000 64 8 485.16
3.460000 64 9 543.87
3.460000 64 10 692.03
3.460000 64 11 1142.87
3.460000 64 12 1232.14
3.460000 64 13 1106.27
3.460000 64 14 1399.90
3.460000 64 15 1673.04
3.460000 64 16 1987.96
3.460000 64 17 2399.61
3.460000 64 18 2357.50
3.460000 64 19 2093.89
3.460000 64 20 2096.28
3.460000 64 21 1873.98
3.460000 64 22 1750.28
3.460000 64 23 1932.53
3.460000 64 24 2099.26
3.460000 64 25 1807.41
3.460000 64 26 1682.64
3.460000 64 27 1795.85
3.460000 64 28 1657.24
3.460000 64 29 1990.37
3.460000 64 30 2360.05
3.460000 64 31 2460.48
3.460000 64 32 2176.87
3.460000 64 33 1763.88
3.460000 64 34 1575.77
3.460000 64 35 1340.74
3.460000 64 36 925.94
3.460000 64 37 995.06
3.460000 64 38 802.86
3.460000 64 39 287.46
3.460000 64 40 482.31
3.460000 64 41 430.87
3.460000 64 42 678.46
3.460000 64 43 232.51
3.460000 64 44 21.39
3.460000 64 45 507.84
3.460000 64 46 813.26
3.460000 64 47 1651.72
3.460000 64 48 1980.81
3.460000 64 49 2165.31
3.460000 64 50 1929.78
3.460000 64 51 1919.42
3.460000 64 52 1864.29
3.460000 64 53 1763.02
3.460000 64 54 2021.85
3.460000 64 55 2011.77
3.460000 64 56 2052.05
3.460000 64 57 2112.18
3.460000 64 58 2125.60
3.460000 64 59 1799.15
3.460000 64 60 1783.37
3.460000 64 61 1458.03
3.460000 64 62 1587.66
3.460000 64 63 1541.16
3.460000 64 64 983.01
3.460000 64 65 935.85
3.460000 64 66 1215.64
3.460000 64 67 1619.34
3.460000 64 68 1575.23
3.460000 64 69 1770.14
3.460000 64 70 1642.78
3.460000 64 71 1792.80
3.460000 64 72 1958.16
3.460000 64 73 2128.06
3.460000 64 74 2266.97
3.460000 64 75 1810.26
3.460000 64 76 1646.08
3.460000 64 77 1664.65
3.460000 64 78 1750.34
3.460000 64 79 1598.43
3.460000 64 80 1458.04
3.460000 64 81 1410.30
3.460000 64 82 1646.54
3.460000 64 83 1476.20
3.460000 64 84 1415.25
3.460000 64 85 1287.75
3.460000 64 86 1081.88
3.460000 64 87 723.62
3.460000 64 88 510.68
3.460000 64 89 714.32
3.460000 64 90 545.07
3.460000 64 91 719.30
3.460000 64 92 929.24
3.460000 64 93 1379.98
3.460000 64 94 1449.28
3.460000 64 95 1245.58
3.460000 64 96 1358.47
3.460000 64 97 1223.95
3.460000 64 98 908.80
3.460000 64 99 212.58
3.460000 64 100 30.86
3.460000 64 101 103.70
3.460000 64 102 362.65
3.460000 64 103 59.72
3.460000 64 104 64.29
3.460000 64 105 254.90
3.460000 64 106 261.89
3.460000 64 107 268.96
3.460000 64 108 258.08
3.460000 64 109 18.43
3.460000 64 110 -107.41
3.460000 64 111 -82.80
3.460000 64 112 172.22
3.460000 64 113 -6.16
3.460000 64 114 -271.34
3.460000 64 115 -283.73
3.460000 64 116 -226.73
3.460000 64 117 -90.06
3.460000 64 118 -81.12
3.460000 64 119 -240.95
3.460000 64 120 -176.21
3.460000 64 121 -534.46
3.460000 64 122 -739.09
3.460000 64 123 -661.55
3.460000 64 124 -397.03
3.460000 64 125 -232.31
3.460000 64 126 -369.44
3.460000 64 127 -674.06
3.460000 64 128 -753.47
3.460000 64 129 -521.42
3.460000 64 130 -605.12
3.460000 64 131 -616.84
3.460000 64 132 -326.02
3.460000 64 133 -8.56
3.460000 64 134 231.09
3.460000 64 135 115.43
3.460000 64 136 -124.41
3.460000 64 137 -220.39
3.460000 64 138 -119.18
3.460000 64 139 -35.56
3.460000 64 140 138.80
3.460000 64 141 84.48
3.460000 64 142 197.25
3.460000 64 143 -83.51
3.460000 64 144 168.38
3.460000 64 145 830.33
3.460000 64 146 909.20
3.460000 64 147 895.19
3.460000 64 148 448.36
3.460000 64 149 241.01
3.460000 64 150 75.55
3.460000 64 151 122.80
3.460000 64 152 255.57
3.460000 64 153 271.43
3.460000 64 154 284.56
3.460000 64 155 586.13
3.460000 64 156 747.88
3.460000 64 157 832.59
3.460000 64 158 947.51
3.460000 64 159 1114.48
3.460000 64 160 770.25
3.460000 64 161 742.82
3.460000 64 162 790.83
3.460000 64 163 629.53
3.460000 64 164 424.49
3.460000 64 165 -85.79
3.460000 64 166 -731.42
3.460000 64 167 -964.91
3.460000 64 168 -1165.44
3.460000 64 169 -1263.77
3.460000 64 170 -1138.82
3.460000 64 171 -1072.43
3.460000 64 172 -936.89
3.460000 64 173 -1091.70
3.460000 64 174 -1142.92
3.460000 64 175 -1157.04
3.460000 64 176 -989.87
3.460000 64 177 -1013.60
3.460000 64 178 -892.95
3.460000 64 179 -391.57
3.460000 64 180 -299.65
3.460000 64 181 -564.63
3.460000 64 182 -802.60
3.460000 64 183 -1430.20
3.460000 64 184 -2107.66
3.460000 64 185 -2624.02
3.460000 64 186 -2746.37
3.460000 64 187 -3024.54
3.460000 64 188 -2907.71
3.460000 64 189 -2802.89
3.460000 64 190 -2537.28
3.460000 64 191 -2536.88
3.460000 64 192 -2377.07
3.460000 64 193 -2065.72
3.460000 64 194 -2157.44
3.460000 64 195 -2535.85
3.460000 64 196 -2666.99
3.460000 64 197 -2619.53
3.460000 64 198 -3048.43
3.460000 64 199 -3336.45
