2.620000 64 0 25669.87
2.620000 64 1 25399.71
2.620000 64 2 25130.34
2.620000 64 3 24860.34
2.620000 64 4 24611.83
2.620000 64 5 24371.14
2.620000 64 6 24135.56
2.620000 64 7 23903.62
2.620000 64 8 23671.62
2.620000 64 9 23414.49
2.620000 64 10 23158.62
2.620000 64 11 22904.47
2.620000 64 12 22656.96
2.620000 64 13 22421.21
2.620000 64 14 22179.96
2.620000 64 15 21936.72
2.620000 64 16 21689.86
2.620000 64 17 21445.40
2.620000 64 18 21216.25
2.620000 64 19 20989.90
2.620000 64 20 20770.90
2.620000 64 21 20564.14
2.620000 64 22 20353.22
2.620000 64 23 20155.89
2.620000 64 24 19962.84
2.620000 64 25 19756.87
2.620000 64 26 19557.58
2.620000 64 27 19370.85
2.620000 64 28 19182.13
2.620000 64 29 18973.00
2.620000 64 30 18767.26
2.620000 64 31 18572.20
2.620000 64 32 18377.76
2.620000 64 33 18191.94
2.620000 64 34 18038.55
2.620000 64 35 17889.99
2.620000 64 36 17721.88
2.620000 64 37 17553.47
2.620000 64 38 17403.13
2.620000 64 39 17260.00
2.620000 64 40 17106.91
2.620000 64 41 16957.01
2.620000 64 42 16808.26
2.620000 64 43 16649.17
2.620000 64 44 16498.67
2.620000 64 45 16338.85
2.620000 64 46 16184.45
2.620000 64 47 16024.25
2.620000 64 48 15857.30
2.620000 64 49 15693.33
2.620000 64 50 15538.87
2.620000 64 51 15367.65
2.620000 64 52 15154.86
2.620000 64 53 14949.46
2.620000 64 54 14781.85
2.620000 64 55 14620.97
2.620000 64 56 14484.47
2.620000 64 57 14329.77
2.620000 64 58 14164.88
2.620000 64 59 13981.72
2.620000 64 60 13795.41
2.620000 64 61 13613.54
2.620000 64 62 13437.77
2.620000 64 63 13262.24
2.620000 64 64 13093.35
2.620000 64 65 12935.58
2.620000 64 66 12775.95
2.620000 64 67 12616.19
2.620000 64 68 12433.23
2.620000 64 69 12266.91
2.620000 64 70 12096.38
2.620000 64 71 11931.74
2.620000 64 72 11762.19
2.620000 64 73 11613.52
2.620000 64 74 11487.33
2.620000 64 75 11367.31
2.620000 64 76 11264.19
2.620000 64 77 11161.11
2.620000 64 78 11063.01
2.620000 64 79 10943.59
2.620000 64 80 10821.12
2.620000 64 81 10675.12
2.620000 64 82 10524.17
2.620000 64 83 10379.79
2.620000 64 84 10227.49
2.620000 64 85 10104.22
2.620000 64 86 9984.28
2.620000 64 87 9872.58
2.620000 64 88 9758.82
2.620000 64 89 9649.24
2.620000 64 90 9551.28
2.620000 64 91 9461.50
2.620000 64 92 9365.62
2.620000 64 93 9269.13
2.620000 64 94 9171.66
2.620000 64 95 9076.18
2.620000 64 96 8957.69
2.620000 64 97 8870.30
2.620000 64 98 8802.32
2.620000 64 99 8737.62
2.620000 64 100 8663.89
2.620000 64 101 8573.89
2.620000 64 102 8480.50
2.620000 64 103 8372.18
2.620000 64 104 8266.71
2.620000 64 105 8161.81
2.620000 64 106 8057.26
2.620000 64 107 7955.46
2.620000 64 108 7840.69
2.620000 64 109 7706.92
2.620000 64 110 7577.97
2.620000 64 111 7467.33
2.620000 64 112 7365.98
2.620000 64 113 7262.49
2.620000 64 114 7160.26
2.620000 64 115 7066.90
2.620000 64 116 6969.54
2.620000 64 117 6878.48
2.620000 64 118 6778.27
2.620000 64 119 6683.81
2.620000 64 120 6577.77
2.620000 64 121 6469.74
2.620000 64 122 6362.24
2.620000 64 123 6240.18
2.620000 64 124 6087.66
2.620000 64 125 5924.84
2.620000 64 126 5767.82
2.620000 64 127 5599.24
2.620000 64 128 5442.96
2.620000 64 129 5264.53
2.620000 64 130 5093.17
2.620000 64 131 4909.20
2.620000 64 132 4723.94
2.620000 64 133 4539.35
2.620000 64 134 4328.73
2.620000 64 135 4119.06
2.620000 64 136 3919.87
2.620000 64 137 3727.58
2.620000 64 138 3537.66
2.620000 64 139 3354.78
2.620000 64 140 3197.95
2.620000 64 141 3050.14
2.620000 64 142 2844.71
2.620000 64 143 2637.86
2.620000 64 144 2422.82
2.620000 64 145 2194.23
2.620000 64 146 1972.34
2.620000 64 147 1761.58
2.620000 64 148 1560.11
2.620000 64 149 1345.16
2.620000 64 150 1156.76
2.620000 64 151 966.06
2.620000 64 152 758.41
2.620000 64 153 547.40
2.620000 64 154 339.67
2.620000 64 155 119.18
2.620000 64 156 -108.27
2.620000 64 157 -339.53
2.620000 64 158 -571.85
2.620000 64 159 -847.83
2.620000 64 160 -1124.87
2.620000 64 161 -1399.47
2.620000 64 162 -1677.57
2.620000 64 163 -1961.96
2.620000 64 164 -2223.13
2.620000 64 165 -2487.77
2.620000 64 166 -2735.47
2.620000 64 167 -2994.20
2.620000 64 168 -3254.07
2.620000 64 169 -3511.31
2.620000 64 170 -3780.04
2.620000 64 171 -4016.18
2.620000 64 172 -4238.01
2.620000 64 173 -4447.75
2.620000 64 174 -4646.93
2.620000 64 175 -4849.56
2.620000 64 176 -5037.18
2.620000 64 177 -5204.80
2.620000 64 178 -5406.82
2.620000 64 179 -5614.71
2.620000 64 180 -5814.72
2.620000 64 181 -6010.07
2.620000 64 182 -6196.56
2.620000 64 183 -6400.98
2.620000 64 184 -6609.59
2.620000 64 185 -6831.91
2.620000 64 186 -7045.49
2.620000 64 187 -7243.02
2.620000 64 188 -7450.29
2.620000 64 189 -7661.28
2.620000 64 190 -7854.61
2.620000 64 191 -8032.57
2.620000 64 192 -8206.23
2.620000 64 193 -8399.33
2.620000 64 194 -8589.22
2.620000 64 195 -8762.10
2.620000 64 196 -8934.93
2.620000 64 197 -9116.18
2.620000 64 198 -9285.10
2.620000 64 199 -9456.52
