3.500000 128 0 117166.43
3.500000 128 1 70288.80
3.500000 128 2 43821.07
3.500000 128 3 28066.95
3.500000 128 4 19212.86
3.500000 128 5 13168.70
3.500000 128 6 11376.12
3.500000 128 7 10889.04
3.500000 128 8 10455.01
3.500000 128 9 9616.53
3.500000 128 10 8754.00
3.500000 128 11 7026.91
3.500000 128 12 7923.69
3.500000 128 13 7879.97
3.500000 128 14 9086.20
3.500000 128 15 12574.61
3.500000 128 16 16159.14
3.500000 128 17 18708.37
3.500000 128 18 21145.62
3.500000 128 19 23489.79
3.500000 128 20 24533.49
3.500000 128 21 25816.72
3.500000 128 22 26868.05
3.500000 128 23 29472.93
3.500000 128 24 29868.62
3.500000 128 25 27622.52
3.500000 128 26 27590.73
3.500000 128 27 27464.13
3.500000 128 28 29310.26
3.500000 128 29 28214.03
3.500000 128 30 27406.61
3.500000 128 31 25629.90
3.500000 128 32 24494.42
3.500000 128 33 26032.25
3.500000 128 34 25821.74
3.500000 128 35 24878.95
3.500000 128 36 24954.54
3.500000 128 37 24303.92
3.500000 128 38 23128.82
3.500000 128 39 22892.89
3.500000 128 40 19943.87
3.500000 128 41 19799.84
3.500000 128 42 20621.89
3.500000 128 43 21789.75
3.500000 128 44 20651.64
3.500000 128 45 18011.25
3.500000 128 46 17688.18
3.500000 128 47 15429.45
3.500000 128 48 14806.23
3.500000 128 49 15719.46
3.500000 128 50 14648.60
3.500000 128 51 12755.16
3.500000 128 52 13366.49
3.500000 128 53 13509.38
3.500000 128 54 13018.59
3.500000 128 55 13562.03
3.500000 128 56 12913.52
3.500000 128 57 11523.08
3.500000 128 58 10888.07
3.500000 128 59 10545.30
3.500000 128 60 11589.12
3.500000 128 61 13017.38
3.500000 128 62 14829.18
3.500000 128 63 15777.11
3.500000 128 64 14210.14
3.500000 128 65 13887.64
3.500000 128 66 12118.54
3.500000 128 67 9528.36
3.500000 128 68 8513.95
3.500000 128 69 8890.75
3.500000 128 70 8169.00
3.500000 128 71 5970.35
3.500000 128 72 5281.24
3.500000 128 73 3436.48
3.500000 128 74 3600.62
3.500000 128 75 3097.15
3.500000 128 76 1801.83
3.500000 128 77 1007.61
3.500000 128 78 -479.72
3.500000 128 79 1242.34
3.500000 128 80 1831.32
3.500000 128 81 2920.89
3.500000 128 82 3793.37
3.500000 128 83 4253.43
3.500000 128 84 4235.56
3.500000 128 85 2766.60
3.500000 128 86 3662.41
3.500000 128 87 4307.42
3.500000 128 88 5224.94
3.500000 128 89 4423.00
3.500000 128 90 4309.66
3.500000 128 91 5215.35
3.500000 128 92 7813.31
3.500000 128 93 9392.54
3.500000 128 94 10418.92
3.500000 128 95 9886.44
3.500000 128 96 11152.11
3.500000 128 97 10276.29
3.500000 128 98 10449.76
3.500000 128 99 14111.74
3.500000 128 100 16638.82
3.500000 128 101 17518.89
3.500000 128 102 17579.33
3.500000 128 103 18435.87
3.500000 128 104 17348.28
3.500000 128 105 15398.00
3.500000 128 106 14253.59
3.500000 128 107 15672.53
3.500000 128 108 16098.93
3.500000 128 109 16063.43
3.500000 128 110 15415.55
3.500000 128 111 14225.08
3.500000 128 112 12426.59
3.500000 128 113 10366.78
3.500000 128 114 8548.80
3.500000 128 115 7779.38
3.500000 128 116 9633.35
3.500000 128 117 9372.79
3.500000 128 118 6999.09
3.500000 128 119 5638.33
3.500000 128 120 6159.03
3.500000 128 121 6333.75
3.500000 128 122 5620.69
3.500000 128 123 8043.67
3.500000 128 124 10222.07
3.500000 128 125 11677.96
3.500000 128 126 12872.00
3.500000 128 127 14375.12
3.500000 128 128 13720.19
3.500000 128 129 15097.14
3.500000 128 130 13978.15
3.500000 128 131 14980.26
3.500000 128 132 16156.61
3.500000 128 133 16989.50
3.500000 128 134 16454.46
3.500000 128 135 14827.76
3.500000 128 136 11981.93
3.500000 128 137 11135.81
3.500000 128 138 8862.02
3.500000 128 139 5925.11
3.500000 128 140 4176.17
3.500000 128 141 2987.82
3.500000 128 142 3003.13
3.500000 128 143 2091.58
3.500000 128 144 1046.94
3.500000 128 145 1037.14
3.500000 128 146 -386.49
3.500000 128 147 -1221.32
3.500000 128 148 -4081.38
3.500000 128 149 -4421.81
3.500000 128 150 -4445.09
3.500000 128 151 -2024.30
3.500000 128 152 -2362.68
3.500000 128 153 -3032.50
3.500000 128 154 -3062.79
3.500000 128 155 -2344.73
3.500000 128 156 -1593.78
3.500000 128 157 -55.94
3.500000 128 158 1140.16
3.500000 128 159 3352.11
3.500000 128 160 5014.79
3.500000 128 161 5395.05
3.500000 128 162 4964.29
3.500000 128 163 2182.95
3.500000 128 164 1857.11
3.500000 128 165 3110.02
3.500000 128 166 5332.09
3.500000 128 167 4304.49
3.500000 128 168 3257.61
3.500000 128 169 3292.63
3.500000 128 170 2230.30
3.500000 128 171 2381.13
3.500000 128 172 2808.69
3.500000 128 173 3410.43
3.500000 128 174 1787.61
3.500000 128 175 -640.95
3.500000 128 176 -238.27
3.500000 128 177 -2674.77
3.500000 128 178 -4776.13
3.500000 128 179 -7468.13
3.500000 128 180 -7843.92
3.500000 128 181 -6487.94
3.500000 128 182 -5130.68
3.500000 128 183 -4704.97
3.500000 128 184 -4368.72
3.500000 128 185 -4304.32
3.500000 128 186 -3389.92
3.500000 128 187 -4454.84
3.500000 128 188 -4862.25
3.500000 128 189 -6658.79
3.500000 128 190 -5675.02
3.500000 128 191 -6575.31
3.500000 128 192 -8079.78
3.500000 128 193 -8907.88
3.500000 128 194 -5909.17
3.500000 128 195 -3680.91
3.500000 128 196 -970.12
3.500000 128 197 -428.37
3.500000 128 198 417.65
3.500000 128 199 1530.85
