3.637000 24 0 5910.19
3.637000 24 1 4150.93
3.637000 24 2 2990.97
3.637000 24 3 2195.73
3.637000 24 4 1663.31
3.637000 24 5 1224.32
3.637000 24 6 871.00
3.637000 24 7 602.20
3.637000 24 8 425.71
3.637000 24 9 306.28
3.637000 24 10 256.62
3.637000 24 11 194.32
3.637000 24 12 61.78
3.637000 24 13 49.31
3.637000 24 14 -22.95
3.637000 24 15 -60.03
3.637000 24 16 -86.42
3.637000 24 17 -47.83
3.637000 24 18 -72.25
3.637000 24 19 -24.87
3.637000 24 20 -25.33
3.637000 24 21  4.44
3.637000 24 22 -4.25
3.637000 24 23 -26.80
3.637000 24 24  9.59
3.637000 24 25 -23.37
3.637000 24 26 -60.90
3.637000 24 27 -104.30
3.637000 24 28 -131.31
3.637000 24 29 -113.44
3.637000 24 30 -122.21
3.637000 24 31 -84.46
3.637000 24 32 -30.71
3.637000 24 33  1.86
3.637000 24 34 -26.92
3.637000 24 35 -83.36
3.637000 24 36 -117.15
3.637000 24 37 -153.04
3.637000 24 38 -225.64
3.637000 24 39 -202.37
3.637000 24 40 -134.03
3.637000 24 41 -109.69
3.637000 24 42 -63.57
3.637000 24 43 -40.11
3.637000 24 44 -6.16
3.637000 24 45 23.61
3.637000 24 46 33.49
3.637000 24 47 -24.09
3.637000 24 48 -43.29
3.637000 24 49 -88.87
3.637000 24 50 -93.89
3.637000 24 51 -104.45
3.637000 24 52 -67.64
3.637000 24 53 -26.58
3.637000 24 54 -26.42
3.637000 24 55 -74.87
3.637000 24 56 -73.50
3.637000 24 57 -88.70
3.637000 24 58 -82.42
3.637000 24 59 -69.91
3.637000 24 60 -13.91
3.637000 24 61 28.83
3.637000 24 62 70.08
3.637000 24 63 69.58
3.637000 24 64 46.35
3.637000 24 65 59.98
3.637000 24 66 80.90
3.637000 24 67 30.85
3.637000 24 68 -23.91
3.637000 24 69 -94.01
3.637000 24 70 -96.17
3.637000 24 71 -89.28
3.637000 24 72 -92.75
3.637000 24 73 -72.45
3.637000 24 74 -63.80
3.637000 24 75 -30.88
3.637000 24 76 -37.67
3.637000 24 77 -26.29
3.637000 24 78 -28.28
3.637000 24 79 -21.63
3.637000 24 80 -40.34
3.637000 24 81 -48.89
3.637000 24 82 -29.41
3.637000 24 83 -38.63
3.637000 24 84 -50.11
3.637000 24 85 -20.81
3.637000 24 86 -24.65
3.637000 24 87 -52.55
3.637000 24 88 -89.89
3.637000 24 89 -111.19
3.637000 24 90 -157.93
3.637000 24 91 -193.55
3.637000 24 92 -152.95
3.637000 24 93 -196.19
3.637000 24 94 -179.67
3.637000 24 95 -183.61
3.637000 24 96 -141.73
3.637000 24 97 -134.95
3.637000 24 98 -122.60
3.637000 24 99 -107.77
3.637000 24 100 -82.15
3.637000 24 101 -45.80
3.637000 24 102 -14.61
3.637000 24 103 78.02
3.637000 24 104 160.84
3.637000 24 105 199.96
3.637000 24 106 233.73
3.637000 24 107 229.09
3.637000 24 108 227.69
3.637000 24 109 242.75
3.637000 24 110 191.70
3.637000 24 111 139.26
3.637000 24 112 131.54
3.637000 24 113 106.51
3.637000 24 114 140.40
3.637000 24 115 71.38
3.637000 24 116 -2.08
3.637000 24 117 -71.51
3.637000 24 118 -116.08
3.637000 24 119 -181.36
3.637000 24 120 -217.26
3.637000 24 121 -253.42
3.637000 24 122 -234.17
3.637000 24 123 -194.63
3.637000 24 124 -176.77
3.637000 24 125 -140.20
3.637000 24 126 -136.75
3.637000 24 127 -155.61
3.637000 24 128 -204.84
3.637000 24 129 -235.65
3.637000 24 130 -202.61
3.637000 24 131 -221.97
3.637000 24 132 -218.85
3.637000 24 133 -189.38
3.637000 24 134 -177.31
3.637000 24 135 -196.37
3.637000 24 136 -270.47
3.637000 24 137 -292.69
3.637000 24 138 -266.96
3.637000 24 139 -259.27
3.637000 24 140 -258.46
3.637000 24 141 -301.11
3.637000 24 142 -269.06
3.637000 24 143 -264.02
3.637000 24 144 -185.90
3.637000 24 145 -199.33
3.637000 24 146 -218.84
3.637000 24 147 -193.97
3.637000 24 148 -176.98
3.637000 24 149 -176.33
3.637000 24 150 -224.97
3.637000 24 151 -278.06
3.637000 24 152 -272.14
3.637000 24 153 -277.94
3.637000 24 154 -277.59
3.637000 24 155 -246.49
3.637000 24 156 -227.62
3.637000 24 157 -262.64
3.637000 24 158 -244.21
3.637000 24 159 -244.46
3.637000 24 160 -256.07
3.637000 24 161 -309.99
3.637000 24 162 -347.17
3.637000 24 163 -401.02
3.637000 24 164 -387.82
3.637000 24 165 -334.38
3.637000 24 166 -316.67
3.637000 24 167 -306.81
3.637000 24 168 -325.61
3.637000 24 169 -340.86
3.637000 24 170 -334.34
3.637000 24 171 -331.49
3.637000 24 172 -340.32
3.637000 24 173 -324.27
3.637000 24 174 -329.27
3.637000 24 175 -329.15
3.637000 24 176 -375.13
3.637000 24 177 -435.71
3.637000 24 178 -445.17
3.637000 24 179 -429.74
3.637000 24 180 -418.39
3.637000 24 181 -451.36
3.637000 24 182 -441.05
3.637000 24 183 -411.66
3.637000 24 184 -391.19
3.637000 24 185 -431.33
3.637000 24 186 -392.08
3.637000 24 187 -337.26
3.637000 24 188 -339.46
3.637000 24 189 -389.52
3.637000 24 190 -390.88
3.637000 24 191 -355.14
3.637000 24 192 -319.83
3.637000 24 193 -287.05
3.637000 24 194 -317.69
3.637000 24 195 -340.17
3.637000 24 196 -340.57
3.637000 24 197 -366.17
3.637000 24 198 -407.88
3.637000 24 199 -360.81
