2.270000 64 0 44396.58
2.270000 64 1 35559.37
2.270000 64 2 28894.64
2.270000 64 3 23623.93
2.270000 64 4 19756.24
2.270000 64 5 16715.81
2.270000 64 6 13887.64
2.270000 64 7 11437.50
2.270000 64 8 9746.20
2.270000 64 9 8171.88
2.270000 64 10 7022.39
2.270000 64 11 6002.88
2.270000 64 12 5381.95
2.270000 64 13 4671.54
2.270000 64 14 3955.02
2.270000 64 15 3376.33
2.270000 64 16 2717.13
2.270000 64 17 2007.74
2.270000 64 18 1355.68
2.270000 64 19 867.58
2.270000 64 20 323.91
2.270000 64 21 -100.43
2.270000 64 22 -124.23
2.270000 64 23 -116.09
2.270000 64 24 -161.59
2.270000 64 25 114.89
2.270000 64 26 481.57
2.270000 64 27 900.65
2.270000 64 28 809.26
2.270000 64 29 735.11
2.270000 64 30 867.97
2.270000 64 31 792.81
2.270000 64 32 503.44
2.270000 64 33 534.77
2.270000 64 34 947.21
2.270000 64 35 1441.84
2.270000 64 36 2089.12
2.270000 64 37 2404.68
2.270000 64 38 2511.47
2.270000 64 39 2859.97
2.270000 64 40 3231.99
2.270000 64 41 3609.12
2.270000 64 42 3940.07
2.270000 64 43 4376.55
2.270000 64 44 4700.63
2.270000 64 45 5202.24
2.270000 64 46 5543.41
2.270000 64 47 5873.65
2.270000 64 48 6114.67
2.270000 64 49 6315.96
2.270000 64 50 6262.27
2.270000 64 51 6627.29
2.270000 64 52 6943.80
2.270000 64 53 7079.64
2.270000 64 54 7071.47
2.270000 64 55 7011.72
2.270000 64 56 7024.60
2.270000 64 57 7171.93
2.270000 64 58 7272.74
2.270000 64 59 7357.59
2.270000 64 60 7407.21
2.270000 64 61 7611.90
2.270000 64 62 7856.33
2.270000 64 63 7852.33
2.270000 64 64 8094.18
2.270000 64 65 8443.91
2.270000 64 66 8776.06
2.270000 64 67 8902.34
2.270000 64 68 9136.54
2.270000 64 69 8901.04
2.270000 64 70 8534.53
2.270000 64 71 8542.11
2.270000 64 72 8343.23
2.270000 64 73 8484.61
2.270000 64 74 8470.76
2.270000 64 75 8609.91
2.270000 64 76 8875.85
2.270000 64 77 9034.94
2.270000 64 78 9038.53
2.270000 64 79 8929.83
2.270000 64 80 8768.46
2.270000 64 81 8803.28
2.270000 64 82 8995.00
2.270000 64 83 8838.89
2.270000 64 84 8621.44
2.270000 64 85 8638.29
2.270000 64 86 8729.51
2.270000 64 87 8446.08
2.270000 64 88 8461.95
2.270000 64 89 8581.07
2.270000 64 90 8742.42
2.270000 64 91 8881.79
2.270000 64 92 9104.07
2.270000 64 93 9426.36
2.270000 64 94 9895.49
2.270000 64 95 10190.19
2.270000 64 96 10195.04
2.270000 64 97 10026.98
2.270000 64 98 10105.49
2.270000 64 99 10070.90
2.270000 64 100 9591.41
2.270000 64 101 9473.13
2.270000 64 102 9647.11
2.270000 64 103 9833.35
2.270000 64 104 9925.79
2.270000 64 105 10127.65
2.270000 64 106 10199.58
2.270000 64 107 10115.00
2.270000 64 108 9801.75
2.270000 64 109 9618.47
2.270000 64 110 9443.71
2.270000 64 111 9305.08
2.270000 64 112 9324.52
2.270000 64 113 9592.06
2.270000 64 114 9788.69
2.270000 64 115 10203.04
2.270000 64 116 10420.36
2.270000 64 117 10520.46
2.270000 64 118 10476.83
2.270000 64 119 10431.11
2.270000 64 120 10144.72
2.270000 64 121 9945.64
2.270000 64 122 9700.57
2.270000 64 123 9419.16
2.270000 64 124 9130.12
2.270000 64 125 9455.79
2.270000 64 126 9434.40
2.270000 64 127 9324.47
2.270000 64 128 9411.03
2.270000 64 129 9543.28
2.270000 64 130 9880.61
2.270000 64 131 10213.56
2.270000 64 132 10802.67
2.270000 64 133 11279.00
2.270000 64 134 11632.56
2.270000 64 135 11801.33
2.270000 64 136 12059.88
2.270000 64 137 12348.81
2.270000 64 138 12416.01
2.270000 64 139 12618.58
2.270000 64 140 12877.51
2.270000 64 141 13290.18
2.270000 64 142 13722.02
2.270000 64 143 14237.45
2.270000 64 144 14721.60
2.270000 64 145 15152.35
2.270000 64 146 15145.31
2.270000 64 147 15066.92
2.270000 64 148 14830.48
2.270000 64 149 14719.38
2.270000 64 150 14580.47
2.270000 64 151 14311.45
2.270000 64 152 14227.08
2.270000 64 153 14229.94
2.270000 64 154 13946.59
2.270000 64 155 13886.21
2.270000 64 156 13570.22
2.270000 64 157 13179.31
2.270000 64 158 12949.46
2.270000 64 159 12494.87
2.270000 64 160 12022.31
2.270000 64 161 11716.18
2.270000 64 162 11406.06
2.270000 64 163 11160.74
2.270000 64 164 10818.11
2.270000 64 165 10206.02
2.270000 64 166 9644.34
2.270000 64 167 9591.56
2.270000 64 168 9572.95
2.270000 64 169 9717.16
2.270000 64 170 10020.42
2.270000 64 171 10134.13
2.270000 64 172 10263.80
2.270000 64 173 10068.13
2.270000 64 174 10067.90
2.270000 64 175 9878.85
2.270000 64 176 9718.57
2.270000 64 177 9747.66
2.270000 64 178 9984.96
2.270000 64 179 10111.66
2.270000 64 180 10416.55
2.270000 64 181 10820.04
2.270000 64 182 11032.41
2.270000 64 183 11361.43
2.270000 64 184 11906.70
2.270000 64 185 12210.52
2.270000 64 186 12277.03
2.270000 64 187 12853.38
2.270000 64 188 13278.11
2.270000 64 189 13485.69
2.270000 64 190 13462.61
2.270000 64 191 13181.11
2.270000 64 192 12910.22
2.270000 64 193 12838.47
2.270000 64 194 12737.68
2.270000 64 195 12561.67
2.270000 64 196 12269.65
2.270000 64 197 11985.38
2.270000 64 198 11912.48
2.270000 64 199 11932.36
