2.250000 16 0 1850.27
2.250000 16 1 1147.95
2.250000 16 2 740.70
2.250000 16 3 497.42
2.250000 16 4 338.72
2.250000 16 5 253.18
2.250000 16 6 175.71
2.250000 16 7 106.47
2.250000 16 8 72.01
2.250000 16 9 59.72
2.250000 16 10 53.65
2.250000 16 11 49.17
2.250000 16 12 40.20
2.250000 16 13 14.53
2.250000 16 14 13.39
2.250000 16 15  1.60
2.250000 16 16  9.86
2.250000 16 17 14.94
2.250000 16 18  7.65
2.250000 16 19 30.61
2.250000 16 20 18.35
2.250000 16 21 25.61
2.250000 16 22 45.09
2.250000 16 23 32.25
2.250000 16 24 32.18
2.250000 16 25 41.62
2.250000 16 26 38.30
2.250000 16 27 31.54
2.250000 16 28 26.34
2.250000 16 29 18.12
2.250000 16 30 -6.46
2.250000 16 31 -4.01
2.250000 16 32  3.87
2.250000 16 33 10.05
2.250000 16 34 16.80
2.250000 16 35 22.85
2.250000 16 36 25.29
2.250000 16 37 31.35
2.250000 16 38 30.66
2.250000 16 39 39.45
2.250000 16 40 29.94
2.250000 16 41 38.42
2.250000 16 42 34.23
2.250000 16 43 29.19
2.250000 16 44 23.49
2.250000 16 45 10.79
2.250000 16 46  9.04
2.250000 16 47 10.32
2.250000 16 48 -1.76
2.250000 16 49 -8.25
2.250000 16 50 11.48
2.250000 16 51 -4.13
2.250000 16 52 -8.45
2.250000 16 53  7.32
2.250000 16 54  9.16
2.250000 16 55 14.48
2.250000 16 56 18.94
2.250000 16 57  5.14
2.250000 16 58 -3.53
2.250000 16 59 -16.12
2.250000 16 60  7.35
2.250000 16 61 39.77
2.250000 16 62 47.27
2.250000 16 63 41.23
2.250000 16 64 45.05
2.250000 16 65 57.73
2.250000 16 66 52.32
2.250000 16 67 43.82
2.250000 16 68  2.47
2.250000 16 69  2.94
2.250000 16 70  7.29
2.250000 16 71 16.04
2.250000 16 72 15.55
2.250000 16 73 -2.49
2.250000 16 74  0.78
2.250000 16 75 25.61
2.250000 16 76 31.77
2.250000 16 77 33.59
2.250000 16 78 31.64
2.250000 16 79 23.25
2.250000 16 80 40.18
2.250000 16 81 27.09
2.250000 16 82 24.80
2.250000 16 83 39.39
2.250000 16 84 33.95
2.250000 16 85 42.19
2.250000 16 86 34.49
2.250000 16 87 25.26
2.250000 16 88 20.34
2.250000 16 89 14.77
2.250000 16 90 -1.47
2.250000 16 91 -7.51
2.250000 16 92 -14.57
2.250000 16 93 -19.47
2.250000 16 94 -0.12
2.250000 16 95 -9.09
2.250000 16 96 -17.38
2.250000 16 97 -31.28
2.250000 16 98 -24.85
2.250000 16 99 -9.22
2.250000 16 100  5.85
2.250000 16 101  7.99
2.250000 16 102 19.96
2.250000 16 103 22.45
2.250000 16 104 30.11
2.250000 16 105 26.36
2.250000 16 106 43.92
2.250000 16 107 49.52
2.250000 16 108 54.50
2.250000 16 109 41.25
2.250000 16 110 39.00
2.250000 16 111 32.39
2.250000 16 112 19.52
2.250000 16 113  1.07
2.250000 16 114 -10.39
2.250000 16 115 -5.05
2.250000 16 116 -9.70
2.250000 16 117 -15.48
2.250000 16 118 -11.95
2.250000 16 119 -5.44
2.250000 16 120 -7.10
2.250000 16 121 -6.83
2.250000 16 122  5.43
2.250000 16 123  0.15
2.250000 16 124  5.94
2.250000 16 125  8.39
2.250000 16 126  3.57
2.250000 16 127  3.80
2.250000 16 128 -8.34
2.250000 16 129  2.41
2.250000 16 130  8.39
2.250000 16 131 11.86
2.250000 16 132 12.01
2.250000 16 133 10.02
2.250000 16 134 -0.54
2.250000 16 135 -1.09
2.250000 16 136  2.24
2.250000 16 137 25.61
2.250000 16 138 21.86
2.250000 16 139 33.92
2.250000 16 140 38.87
2.250000 16 141 39.58
2.250000 16 142 26.86
2.250000 16 143 14.39
2.250000 16 144  3.08
2.250000 16 145  2.25
2.250000 16 146 -6.11
2.250000 16 147 -6.42
2.250000 16 148 11.00
2.250000 16 149 29.88
2.250000 16 150 43.09
2.250000 16 151 47.63
2.250000 16 152 34.64
2.250000 16 153 23.66
2.250000 16 154 20.01
2.250000 16 155 22.04
2.250000 16 156 41.03
2.250000 16 157 35.96
2.250000 16 158 38.51
2.250000 16 159 37.80
2.250000 16 160 19.99
2.250000 16 161  6.35
2.250000 16 162 -2.54
2.250000 16 163 -5.56
2.250000 16 164 -0.59
2.250000 16 165 21.69
2.250000 16 166 46.22
2.250000 16 167 33.85
2.250000 16 168 15.04
2.250000 16 169 18.12
2.250000 16 170 24.66
2.250000 16 171 17.56
2.250000 16 172 12.93
2.250000 16 173 10.73
2.250000 16 174 10.02
2.250000 16 175  9.06
2.250000 16 176 11.52
2.250000 16 177 21.83
2.250000 16 178 24.02
2.250000 16 179 51.64
2.250000 16 180 66.23
2.250000 16 181 75.22
2.250000 16 182 68.97
2.250000 16 183 58.99
2.250000 16 184 47.40
2.250000 16 185 17.98
2.250000 16 186 -0.92
2.250000 16 187 -5.02
2.250000 16 188 -10.20
2.250000 16 189 -2.57
2.250000 16 190 -23.52
2.250000 16 191 -45.65
2.250000 16 192 -67.54
2.250000 16 193 -68.91
2.250000 16 194 -70.01
2.250000 16 195 -51.68
2.250000 16 196 -41.79
2.250000 16 197 -35.20
2.250000 16 198 -29.28
2.250000 16 199 -5.45
