2.274000 128 0 237782.46
2.274000 128 1 212522.88
2.274000 128 2 191510.93
2.274000 128 3 174021.31
2.274000 128 4 159041.13
2.274000 128 5 144836.08
2.274000 128 6 131470.69
2.274000 128 7 120140.47
2.274000 128 8 109891.02
2.274000 128 9 100137.48
2.274000 128 10 89875.89
2.274000 128 11 80011.00
2.274000 128 12 71943.72
2.274000 128 13 65098.18
2.274000 128 14 58845.91
2.274000 128 15 52492.40
2.274000 128 16 45974.75
2.274000 128 17 40079.52
2.274000 128 18 34263.73
2.274000 128 19 30615.84
2.274000 128 20 27438.98
2.274000 128 21 25572.19
2.274000 128 22 23592.06
2.274000 128 23 21255.75
2.274000 128 24 19401.80
2.274000 128 25 17716.04
2.274000 128 26 16081.67
2.274000 128 27 14108.18
2.274000 128 28 11264.60
2.274000 128 29 8992.43
2.274000 128 30 7990.66
2.274000 128 31 6664.86
2.274000 128 32 5777.49
2.274000 128 33 4819.96
2.274000 128 34 3772.19
2.274000 128 35 2723.49
2.274000 128 36 1344.20
2.274000 128 37 -1127.39
2.274000 128 38 -3803.92
2.274000 128 39 -5732.63
2.274000 128 40 -8248.62
2.274000 128 41 -10869.12
2.274000 128 42 -14081.42
2.274000 128 43 -17245.08
2.274000 128 44 -20260.46
2.274000 128 45 -23025.34
2.274000 128 46 -25418.58
2.274000 128 47 -30046.95
2.274000 128 48 -33310.88
2.274000 128 49 -37048.66
2.274000 128 50 -40964.92
2.274000 128 51 -43309.59
2.274000 128 52 -46057.97
2.274000 128 53 -48658.56
2.274000 128 54 -51463.99
2.274000 128 55 -54321.44
2.274000 128 56 -55793.90
2.274000 128 57 -57404.97
2.274000 128 58 -59774.61
2.274000 128 59 -62334.55
2.274000 128 60 -64575.88
2.274000 128 61 -66633.77
2.274000 128 62 -66639.90
2.274000 128 63 -66857.15
2.274000 128 64 -67619.45
2.274000 128 65 -68825.11
2.274000 128 66 -70158.32
2.274000 128 67 -69922.79
2.274000 128 68 -70028.82
2.274000 128 69 -70711.46
2.274000 128 70 -68912.02
2.274000 128 71 -67569.53
2.274000 128 72 -65343.86
2.274000 128 73 -63824.06
2.274000 128 74 -64294.23
2.274000 128 75 -64632.61
2.274000 128 76 -64187.11
2.274000 128 77 -63455.22
2.274000 128 78 -61103.45
2.274000 128 79 -61391.47
2.274000 128 80 -62039.61
2.274000 128 81 -62987.71
2.274000 128 82 -64267.36
2.274000 128 83 -64988.80
2.274000 128 84 -64482.01
2.274000 128 85 -63390.36
2.274000 128 86 -61625.30
2.274000 128 87 -59671.20
2.274000 128 88 -57629.82
2.274000 128 89 -53900.17
2.274000 128 90 -50116.93
2.274000 128 91 -48209.89
2.274000 128 92 -45716.51
2.274000 128 93 -43723.60
2.274000 128 94 -41597.95
2.274000 128 95 -39414.01
2.274000 128 96 -38125.80
2.274000 128 97 -38877.12
2.274000 128 98 -38389.76
2.274000 128 99 -38607.00
2.274000 128 100 -38457.52
2.274000 128 101 -39385.06
2.274000 128 102 -39321.25
2.274000 128 103 -38046.10
2.274000 128 104 -37385.48
2.274000 128 105 -36579.84
2.274000 128 106 -35609.16
2.274000 128 107 -34678.71
2.274000 128 108 -33982.97
2.274000 128 109 -35121.52
2.274000 128 110 -35767.93
2.274000 128 111 -37459.86
2.274000 128 112 -38980.97
2.274000 128 113 -40328.52
2.274000 128 114 -41932.77
2.274000 128 115 -43377.05
2.274000 128 116 -45859.91
2.274000 128 117 -49884.55
2.274000 128 118 -53686.74
2.274000 128 119 -56418.43
2.274000 128 120 -59047.70
2.274000 128 121 -60337.14
2.274000 128 122 -62033.81
2.274000 128 123 -63024.67
2.274000 128 124 -65225.13
2.274000 128 125 -66233.47
2.274000 128 126 -67023.11
2.274000 128 127 -68374.81
2.274000 128 128 -68285.55
2.274000 128 129 -67941.73
2.274000 128 130 -67039.05
2.274000 128 131 -66579.68
2.274000 128 132 -66798.90
2.274000 128 133 -67074.69
2.274000 128 134 -66844.48
2.274000 128 135 -67910.69
2.274000 128 136 -70316.86
2.274000 128 137 -71601.46
2.274000 128 138 -73629.53
2.274000 128 139 -75827.83
2.274000 128 140 -76005.53
2.274000 128 141 -76614.07
2.274000 128 142 -77240.32
2.274000 128 143 -77078.34
2.274000 128 144 -76973.05
2.274000 128 145 -76648.27
2.274000 128 146 -75746.43
2.274000 128 147 -75145.89
2.274000 128 148 -74136.50
2.274000 128 149 -74571.37
2.274000 128 150 -74793.51
2.274000 128 151 -74343.85
2.274000 128 152 -74768.69
2.274000 128 153 -75512.84
2.274000 128 154 -75669.34
2.274000 128 155 -75806.69
2.274000 128 156 -75221.14
2.274000 128 157 -74715.94
2.274000 128 158 -74782.76
2.274000 128 159 -74543.93
2.274000 128 160 -74724.15
2.274000 128 161 -74736.23
2.274000 128 162 -75316.29
2.274000 128 163 -75547.18
2.274000 128 164 -76795.19
2.274000 128 165 -76495.16
2.274000 128 166 -75932.93
2.274000 128 167 -75833.18
2.274000 128 168 -76112.92
2.274000 128 169 -76066.27
2.274000 128 170 -74731.58
2.274000 128 171 -72404.24
2.274000 128 172 -70296.40
2.274000 128 173 -69543.39
2.274000 128 174 -68484.16
2.274000 128 175 -68882.88
2.274000 128 176 -67905.17
2.274000 128 177 -66692.56
2.274000 128 178 -65584.02
2.274000 128 179 -64105.83
2.274000 128 180 -61928.63
2.274000 128 181 -59723.33
2.274000 128 182 -59466.32
2.274000 128 183 -58911.52
2.274000 128 184 -58443.64
2.274000 128 185 -57087.99
2.274000 128 186 -55879.64
2.274000 128 187 -55371.42
2.274000 128 188 -55493.87
2.274000 128 189 -54992.54
2.274000 128 190 -53600.10
2.274000 128 191 -52738.91
2.274000 128 192 -51922.72
2.274000 128 193 -52475.01
2.274000 128 194 -53845.88
2.274000 128 195 -55003.16
2.274000 128 196 -57320.61
2.274000 128 197 -58476.55
2.274000 128 198 -60803.42
2.274000 128 199 -64153.87
