3.700000 16 0 5352.59
3.700000 16 1 3670.46
3.700000 16 2 2590.33
3.700000 16 3 1870.47
3.700000 16 4 1368.12
3.700000 16 5 1021.86
3.700000 16 6 764.65
3.700000 16 7 567.66
3.700000 16 8 442.44
3.700000 16 9 334.26
3.700000 16 10 243.67
3.700000 16 11 189.02
3.700000 16 12 138.95
3.700000 16 13 108.56
3.700000 16 14 82.59
3.700000 16 15 59.09
3.700000 16 16 48.56
3.700000 16 17 36.79
3.700000 16 18 33.52
3.700000 16 19 16.47
3.700000 16 20 10.14
3.700000 16 21 -8.26
3.700000 16 22 -17.97
3.700000 16 23 -31.94
3.700000 16 24 -44.84
3.700000 16 25 -65.50
3.700000 16 26 -72.16
3.700000 16 27 -55.44
3.700000 16 28 -43.74
3.700000 16 29 -32.21
3.700000 16 30 -24.55
3.700000 16 31 -26.51
3.700000 16 32 -40.86
3.700000 16 33 -45.22
3.700000 16 34 -35.30
3.700000 16 35 -33.93
3.700000 16 36 -32.88
3.700000 16 37 -29.17
3.700000 16 38 -33.26
3.700000 16 39 -19.44
3.700000 16 40  0.92
3.700000 16 41 -6.60
3.700000 16 42  0.45
3.700000 16 43 -5.83
3.700000 16 44 -7.00
3.700000 16 45 -13.03
3.700000 16 46 -23.08
3.700000 16 47 -24.73
3.700000 16 48 -24.03
3.700000 16 49 -11.10
3.700000 16 50 -8.77
3.700000 16 51 -3.02
3.700000 16 52 -15.75
3.700000 16 53 -31.06
3.700000 16 54 -47.95
3.700000 16 55 -53.01
3.700000 16 56 -49.47
3.700000 16 57 -51.38
3.700000 16 58 -52.51
3.700000 16 59 -32.62
3.700000 16 60 -28.82
3.700000 16 61 -39.48
3.700000 16 62 -40.81
3.700000 16 63 -31.06
3.700000 16 64 -36.03
3.700000 16 65 -30.21
3.700000 16 66 -22.67
3.700000 16 67 -28.00
3.700000 16 68 -30.13
3.700000 16 69 -28.83
3.700000 16 70 -21.99
3.700000 16 71 -27.89
3.700000 16 72 -17.78
3.700000 16 73 -20.01
3.700000 16 74 -16.25
3.700000 16 75 -5.77
3.700000 16 76 -15.59
3.700000 16 77 -35.73
3.700000 16 78 -47.41
3.700000 16 79 -46.16
3.700000 16 80 -34.70
3.700000 16 81 -35.61
3.700000 16 82 -30.66
3.700000 16 83 -28.32
3.700000 16 84 -17.92
3.700000 16 85 -17.35
3.700000 16 86 -34.99
3.700000 16 87 -35.89
3.700000 16 88 -33.69
3.700000 16 89 -29.75
3.700000 16 90 -13.48
3.700000 16 91 -16.81
3.700000 16 92 -19.70
3.700000 16 93 -9.39
3.700000 16 94 -13.76
3.700000 16 95 -25.48
3.700000 16 96 -34.54
3.700000 16 97 -41.77
3.700000 16 98 -32.19
3.700000 16 99 -23.76
3.700000 16 100 -10.47
3.700000 16 101  1.33
3.700000 16 102  9.81
3.700000 16 103 21.75
3.700000 16 104 19.06
3.700000 16 105 16.53
3.700000 16 106  8.43
3.700000 16 107  0.05
3.700000 16 108 -10.01
3.700000 16 109 -20.44
3.700000 16 110 -41.03
3.700000 16 111 -50.93
3.700000 16 112 -55.76
3.700000 16 113 -66.19
3.700000 16 114 -57.17
3.700000 16 115 -55.21
3.700000 16 116 -53.78
3.700000 16 117 -43.56
3.700000 16 118 -33.97
3.700000 16 119 -32.13
3.700000 16 120 -29.96
3.700000 16 121 -32.10
3.700000 16 122 -23.24
3.700000 16 123 -12.31
3.700000 16 124 -12.54
3.700000 16 125 -2.82
3.700000 16 126 -19.79
3.700000 16 127 -25.37
3.700000 16 128 -41.45
3.700000 16 129 -44.67
3.700000 16 130 -46.86
3.700000 16 131 -38.22
3.700000 16 132 -28.71
3.700000 16 133 -32.83
3.700000 16 134 -42.21
3.700000 16 135 -48.93
3.700000 16 136 -54.23
3.700000 16 137 -66.76
3.700000 16 138 -70.40
3.700000 16 139 -77.16
3.700000 16 140 -64.76
3.700000 16 141 -62.87
3.700000 16 142 -69.97
3.700000 16 143 -55.80
3.700000 16 144 -43.98
3.700000 16 145 -36.31
3.700000 16 146 -52.90
3.700000 16 147 -46.68
3.700000 16 148 -35.42
3.700000 16 149 -29.77
3.700000 16 150 -20.76
3.700000 16 151 -19.34
3.700000 16 152 -15.85
3.700000 16 153 -11.83
3.700000 16 154 -21.36
3.700000 16 155 -38.11
3.700000 16 156 -50.53
3.700000 16 157 -54.50
3.700000 16 158 -51.53
3.700000 16 159 -44.77
3.700000 16 160 -26.85
3.700000 16 161 -13.35
3.700000 16 162 -17.43
3.700000 16 163 -17.83
3.700000 16 164 -19.28
3.700000 16 165 -16.81
3.700000 16 166 -28.68
3.700000 16 167 -20.86
3.700000 16 168 -20.24
3.700000 16 169 -18.43
3.700000 16 170 -15.06
3.700000 16 171 -9.48
3.700000 16 172 10.14
3.700000 16 173 13.96
3.700000 16 174 -2.74
3.700000 16 175 -36.12
3.700000 16 176 -52.59
3.700000 16 177 -67.02
3.700000 16 178 -77.80
3.700000 16 179 -71.07
3.700000 16 180 -72.92
3.700000 16 181 -68.49
3.700000 16 182 -48.59
3.700000 16 183 -17.68
3.700000 16 184  2.22
3.700000 16 185  9.51
3.700000 16 186  9.53
3.700000 16 187 15.27
3.700000 16 188  5.60
3.700000 16 189  2.65
3.700000 16 190 -2.47
3.700000 16 191 -1.00
3.700000 16 192 -10.57
3.700000 16 193 -10.70
3.700000 16 194 -11.20
3.700000 16 195 -20.04
3.700000 16 196 -23.37
3.700000 16 197 -35.19
3.700000 16 198 -39.77
3.700000 16 199 -57.92
