2.230000 32 0 8401.01
2.230000 32 1 5753.35
2.230000 32 2 4093.84
2.230000 32 3 2982.63
2.230000 32 4 2271.09
2.230000 32 5 1685.35
2.230000 32 6 1256.85
2.230000 32 7 949.00
2.230000 32 8 678.94
2.230000 32 9 456.34
2.230000 32 10 416.02
2.230000 32 11 370.78
2.230000 32 12 344.48
2.230000 32 13 291.54
2.230000 32 14 155.67
2.230000 32 15 104.39
2.230000 32 16 87.02
2.230000 32 17 77.51
2.230000 32 18 62.13
2.230000 32 19 15.56
2.230000 32 20 14.30
2.230000 32 21 60.99
2.230000 32 22 88.93
2.230000 32 23 86.90
2.230000 32 24 28.31
2.230000 32 25 14.19
2.230000 32 26 -6.67
2.230000 32 27 22.51
2.230000 32 28 -1.21
2.230000 32 29 -98.11
2.230000 32 30 -195.28
2.230000 32 31 -146.03
2.230000 32 32 -96.50
2.230000 32 33 -2.11
2.230000 32 34 71.76
2.230000 32 35 81.99
2.230000 32 36 81.94
2.230000 32 37 45.41
2.230000 32 38 64.06
2.230000 32 39 128.75
2.230000 32 40 152.60
2.230000 32 41 145.06
2.230000 32 42 118.39
2.230000 32 43  7.56
2.230000 32 44 -136.40
2.230000 32 45 -204.66
2.230000 32 46 -192.00
2.230000 32 47 -158.42
2.230000 32 48 -181.64
2.230000 32 49 -207.97
2.230000 32 50 -237.96
2.230000 32 51 -226.84
2.230000 32 52 -132.32
2.230000 32 53 19.05
2.230000 32 54 -17.88
2.230000 32 55 -44.19
2.230000 32 56 -101.76
2.230000 32 57 -42.16
2.230000 32 58 83.08
2.230000 32 59 150.20
2.230000 32 60 203.07
2.230000 32 61 197.44
2.230000 32 62 132.74
2.230000 32 63 54.94
2.230000 32 64 65.39
2.230000 32 65 74.83
2.230000 32 66 28.27
2.230000 32 67 -39.35
2.230000 32 68 -67.87
2.230000 32 69 -132.44
2.230000 32 70 -141.40
2.230000 32 71 -103.66
2.230000 32 72 -94.94
2.230000 32 73 -111.68
2.230000 32 74 -163.30
2.230000 32 75 -111.02
2.230000 32 76 -102.27
2.230000 32 77 -163.91
2.230000 32 78 -159.22
2.230000 32 79 -192.54
2.230000 32 80 -198.83
2.230000 32 81 -158.26
2.230000 32 82 -146.19
2.230000 32 83 -216.64
2.230000 32 84 -277.91
2.230000 32 85 -245.08
2.230000 32 86 -149.34
2.230000 32 87 -145.49
2.230000 32 88 -138.81
2.230000 32 89 -145.31
2.230000 32 90 -153.66
2.230000 32 91 -180.25
2.230000 32 92 -156.03
2.230000 32 93 -221.18
2.230000 32 94 -161.09
2.230000 32 95 -187.11
2.230000 32 96 -215.06
2.230000 32 97 -187.07
2.230000 32 98 -93.52
2.230000 32 99 -137.38
2.230000 32 100 -206.57
2.230000 32 101 -205.13
2.230000 32 102 -114.70
2.230000 32 103 -101.06
2.230000 32 104 -205.77
2.230000 32 105 -353.35
2.230000 32 106 -376.74
2.230000 32 107 -432.98
2.230000 32 108 -368.25
2.230000 32 109 -342.75
2.230000 32 110 -272.47
2.230000 32 111 -196.84
2.230000 32 112 -251.82
2.230000 32 113 -290.37
2.230000 32 114 -341.77
2.230000 32 115 -186.14
2.230000 32 116 -129.82
2.230000 32 117 -152.29
2.230000 32 118 -175.46
2.230000 32 119 -105.00
2.230000 32 120 -110.18
2.230000 32 121 -110.20
2.230000 32 122 -110.10
2.230000 32 123 -154.76
2.230000 32 124 -184.27
2.230000 32 125 -206.36
2.230000 32 126 -264.77
2.230000 32 127 -337.56
2.230000 32 128 -358.03
2.230000 32 129 -336.44
2.230000 32 130 -298.73
2.230000 32 131 -324.64
2.230000 32 132 -331.71
2.230000 32 133 -335.50
2.230000 32 134 -292.78
2.230000 32 135 -345.38
2.230000 32 136 -339.00
2.230000 32 137 -334.38
2.230000 32 138 -403.37
2.230000 32 139 -514.47
2.230000 32 140 -513.55
2.230000 32 141 -454.73
2.230000 32 142 -439.15
2.230000 32 143 -451.96
2.230000 32 144 -390.02
2.230000 32 145 -444.96
2.230000 32 146 -434.13
2.230000 32 147 -316.71
2.230000 32 148 -377.12
2.230000 32 149 -411.87
2.230000 32 150 -518.88
2.230000 32 151 -483.83
2.230000 32 152 -563.02
2.230000 32 153 -571.94
2.230000 32 154 -440.68
2.230000 32 155 -479.49
2.230000 32 156 -610.72
2.230000 32 157 -596.36
2.230000 32 158 -563.63
2.230000 32 159 -498.84
2.230000 32 160 -440.97
2.230000 32 161 -385.71
2.230000 32 162 -462.62
2.230000 32 163 -473.00
2.230000 32 164 -482.56
2.230000 32 165 -577.57
2.230000 32 166 -658.14
2.230000 32 167 -642.05
2.230000 32 168 -491.73
2.230000 32 169 -425.84
2.230000 32 170 -302.98
2.230000 32 171 -279.50
2.230000 32 172 -221.59
2.230000 32 173 -337.47
2.230000 32 174 -379.77
2.230000 32 175 -448.52
2.230000 32 176 -544.68
2.230000 32 177 -620.01
2.230000 32 178 -709.08
2.230000 32 179 -744.92
2.230000 32 180 -664.71
2.230000 32 181 -621.43
2.230000 32 182 -581.46
2.230000 32 183 -620.54
2.230000 32 184 -736.57
2.230000 32 185 -720.86
2.230000 32 186 -725.57
2.230000 32 187 -692.10
2.230000 32 188 -663.32
2.230000 32 189 -680.51
2.230000 32 190 -700.72
2.230000 32 191 -743.92
2.230000 32 192 -719.40
2.230000 32 193 -656.96
2.230000 32 194 -685.48
2.230000 32 195 -684.63
2.230000 32 196 -641.60
2.230000 32 197 -602.53
2.230000 32 198 -632.49
2.230000 32 199 -760.47
