3.400000 24 0 7019.12
3.400000 24 1 3370.21
3.400000 24 2 1699.95
3.400000 24 3 875.06
3.400000 24 4 461.64
3.400000 24 5 271.73
3.400000 24 6 139.41
3.400000 24 7 45.49
3.400000 24 8 18.28
3.400000 24 9 22.62
3.400000 24 10  5.22
3.400000 24 11 12.71
3.400000 24 12 13.19
3.400000 24 13 -23.58
3.400000 24 14 -37.26
3.400000 24 15 -25.32
3.400000 24 16 -42.01
3.400000 24 17 -52.53
3.400000 24 18 -39.64
3.400000 24 19 -48.64
3.400000 24 20 -29.76
3.400000 24 21 -3.67
3.400000 24 22 -11.22
3.400000 24 23 -40.42
3.400000 24 24 -53.85
3.400000 24 25 -23.75
3.400000 24 26  1.63
3.400000 24 27 28.17
3.400000 24 28 49.22
3.400000 24 29 35.77
3.400000 24 30 -7.53
3.400000 24 31 -4.50
3.400000 24 32  1.89
3.400000 24 33 -3.54
3.400000 24 34 -9.62
3.400000 24 35 -1.98
3.400000 24 36 25.51
3.400000 24 37 45.68
3.400000 24 38 29.10
3.400000 24 39 14.20
3.400000 24 40  0.37
3.400000 24 41 -2.40
3.400000 24 42 -10.19
3.400000 24 43  6.24
3.400000 24 44 11.81
3.400000 24 45 15.13
3.400000 24 46 29.78
3.400000 24 47 20.93
3.400000 24 48  1.68
3.400000 24 49 -7.80
3.400000 24 50 -47.89
3.400000 24 51 -23.13
3.400000 24 52 -22.00
3.400000 24 53 -17.37
3.400000 24 54 -30.84
3.400000 24 55 -11.98
3.400000 24 56 -2.62
3.400000 24 57 -24.35
3.400000 24 58 -6.94
3.400000 24 59 45.36
3.400000 24 60 27.94
3.400000 24 61  5.55
3.400000 24 62 -1.84
3.400000 24 63 -25.59
3.400000 24 64 -3.31
3.400000 24 65 10.35
3.400000 24 66 36.43
3.400000 24 67 47.14
3.400000 24 68 41.36
3.400000 24 69 11.81
3.400000 24 70  3.00
3.400000 24 71 18.36
3.400000 24 72 -5.85
3.400000 24 73 -13.44
3.400000 24 74 -25.01
3.400000 24 75 -6.70
3.400000 24 76 -8.82
3.400000 24 77 18.51
3.400000 24 78  2.30
3.400000 24 79  4.83
3.400000 24 80 21.35
3.400000 24 81 23.77
3.400000 24 82 23.64
3.400000 24 83 55.39
3.400000 24 84 47.94
3.400000 24 85 36.33
3.400000 24 86 29.36
3.400000 24 87 45.39
3.400000 24 88 39.12
3.400000 24 89 35.09
3.400000 24 90 27.86
3.400000 24 91 25.10
3.400000 24 92 31.06
3.400000 24 93 25.21
3.400000 24 94 12.50
3.400000 24 95  4.60
3.400000 24 96 -19.39
3.400000 24 97 12.28
3.400000 24 98  9.37
3.400000 24 99  5.10
3.400000 24 100  1.64
3.400000 24 101 13.87
3.400000 24 102 44.62
3.400000 24 103 27.40
3.400000 24 104 39.74
3.400000 24 105 50.65
3.400000 24 106 53.88
3.400000 24 107 63.53
3.400000 24 108 44.84
3.400000 24 109 20.51
3.400000 24 110 14.55
3.400000 24 111 18.17
3.400000 24 112  6.30
3.400000 24 113  6.36
3.400000 24 114 12.89
3.400000 24 115 20.16
3.400000 24 116 36.59
3.400000 24 117 31.26
3.400000 24 118  2.66
3.400000 24 119 -0.84
3.400000 24 120 14.39
3.400000 24 121 28.27
3.400000 24 122 22.51
3.400000 24 123 -7.33
3.400000 24 124 -12.51
3.400000 24 125 19.60
3.400000 24 126 26.55
3.400000 24 127 17.95
3.400000 24 128 28.88
3.400000 24 129 -15.64
3.400000 24 130  1.07
3.400000 24 131 34.42
3.400000 24 132 25.55
3.400000 24 133 28.50
3.400000 24 134 21.37
3.400000 24 135  6.77
3.400000 24 136 37.42
3.400000 24 137 22.42
3.400000 24 138 21.11
3.400000 24 139 14.32
3.400000 24 140 -0.52
3.400000 24 141 -13.02
3.400000 24 142 -3.62
3.400000 24 143 17.93
3.400000 24 144 20.72
3.400000 24 145 19.31
3.400000 24 146 -6.44
3.400000 24 147 -51.42
3.400000 24 148 -34.97
3.400000 24 149 -39.70
3.400000 24 150 -35.21
3.400000 24 151 -33.67
3.400000 24 152 -43.39
3.400000 24 153 -48.70
3.400000 24 154 -39.58
3.400000 24 155 -28.82
3.400000 24 156 -2.06
3.400000 24 157 -10.05
3.400000 24 158  9.45
3.400000 24 159 11.81
3.400000 24 160  7.86
3.400000 24 161 -19.14
3.400000 24 162 -8.34
3.400000 24 163 -17.50
3.400000 24 164 -31.95
3.400000 24 165 -30.80
3.400000 24 166 -41.71
3.400000 24 167 -44.38
3.400000 24 168 -58.40
3.400000 24 169 -44.20
3.400000 24 170 -58.65
3.400000 24 171 -40.28
3.400000 24 172 -16.01
3.400000 24 173  5.67
3.400000 24 174  8.40
3.400000 24 175 11.38
3.400000 24 176 -17.83
3.400000 24 177 -61.75
3.400000 24 178 -43.35
3.400000 24 179 -51.95
3.400000 24 180 -26.97
3.400000 24 181 -40.90
3.400000 24 182 -67.80
3.400000 24 183 -34.51
3.400000 24 184 -15.59
3.400000 24 185  2.56
3.400000 24 186 -21.40
3.400000 24 187 -13.30
3.400000 24 188  7.00
3.400000 24 189 -7.29
3.400000 24 190 -42.19
3.400000 24 191 -63.30
3.400000 24 192 -57.78
3.400000 24 193 -51.05
3.400000 24 194 -51.51
3.400000 24 195 -20.52
3.400000 24 196 -19.04
3.400000 24 197  4.06
3.400000 24 198 -14.60
3.400000 24 199 -11.32
