3.400000 128 0 198023.78
3.400000 128 1 94422.30
3.400000 128 2 46233.20
3.400000 128 3 23801.43
3.400000 128 4 12078.96
3.400000 128 5 6711.86
3.400000 128 6 4759.39
3.400000 128 7 3350.14
3.400000 128 8 2384.51
3.400000 128 9 721.67
3.400000 128 10 -28.99
3.400000 128 11 162.71
3.400000 128 12 916.01
3.400000 128 13 788.47
3.400000 128 14 677.64
3.400000 128 15 1188.52
3.400000 128 16 502.35
3.400000 128 17 919.17
3.400000 128 18 1502.57
3.400000 128 19 743.57
3.400000 128 20 1110.39
3.400000 128 21 1629.25
3.400000 128 22 825.15
3.400000 128 23 708.05
3.400000 128 24 681.09
3.400000 128 25 206.47
3.400000 128 26 807.19
3.400000 128 27 457.90
3.400000 128 28 -84.32
3.400000 128 29 -432.56
3.400000 128 30 -99.27
3.400000 128 31 86.62
3.400000 128 32 1729.56
3.400000 128 33 2105.80
3.400000 128 34 1392.90
3.400000 128 35 1311.81
3.400000 128 36 659.97
3.400000 128 37 1369.17
3.400000 128 38 1022.47
3.400000 128 39 858.99
3.400000 128 40 1001.61
3.400000 128 41 969.60
3.400000 128 42 -430.87
3.400000 128 43 -1395.69
3.400000 128 44 -1801.29
3.400000 128 45 -1166.53
3.400000 128 46 -686.05
3.400000 128 47 -208.15
3.400000 128 48 520.70
3.400000 128 49 319.99
3.400000 128 50 85.51
3.400000 128 51 -252.26
3.400000 128 52 662.27
3.400000 128 53 -295.23
3.400000 128 54 -402.29
3.400000 128 55 718.05
3.400000 128 56 339.30
3.400000 128 57 407.95
3.400000 128 58 625.01
3.400000 128 59 1309.89
3.400000 128 60 1658.45
3.400000 128 61 708.90
3.400000 128 62 568.14
3.400000 128 63 -107.46
3.400000 128 64 587.85
3.400000 128 65 1152.15
3.400000 128 66 652.69
3.400000 128 67 -386.99
3.400000 128 68 -893.57
3.400000 128 69 -1311.30
3.400000 128 70 -905.60
3.400000 128 71 -783.73
3.400000 128 72 -237.80
3.400000 128 73 -40.01
3.400000 128 74 -112.98
3.400000 128 75 -1405.50
3.400000 128 76 -1733.31
3.400000 128 77 -2151.34
3.400000 128 78 -2212.76
3.400000 128 79 -3043.49
3.400000 128 80 -3040.16
3.400000 128 81 -2738.22
3.400000 128 82 -2913.18
3.400000 128 83 -3294.97
3.400000 128 84 -3824.41
3.400000 128 85 -3190.00
3.400000 128 86 -2406.94
3.400000 128 87 -1657.91
3.400000 128 88 -1339.31
3.400000 128 89 -1831.23
3.400000 128 90 -2127.93
3.400000 128 91 -2154.63
3.400000 128 92 -1911.05
3.400000 128 93 -2531.36
3.400000 128 94 -2747.99
3.400000 128 95 -3036.51
3.400000 128 96 -2763.06
3.400000 128 97 -1483.76
3.400000 128 98 -919.71
3.400000 128 99 -1225.52
3.400000 128 100 -1612.53
3.400000 128 101 -1952.52
3.400000 128 102 -1480.00
3.400000 128 103 -1139.36
3.400000 128 104 -1090.72
3.400000 128 105 -150.41
3.400000 128 106 724.77
3.400000 128 107 687.84
3.400000 128 108 -73.20
3.400000 128 109 319.33
3.400000 128 110 -241.94
3.400000 128 111 247.38
3.400000 128 112 103.85
3.400000 128 113 96.63
3.400000 128 114 1339.76
3.400000 128 115 666.01
3.400000 128 116 281.64
3.400000 128 117 -453.54
3.400000 128 118 -50.81
3.400000 128 119 538.41
3.400000 128 120 1582.81
3.400000 128 121 863.74
3.400000 128 122 -17.29
3.400000 128 123 124.93
3.400000 128 124 716.98
3.400000 128 125 621.43
3.400000 128 126 1369.77
3.400000 128 127 866.32
3.400000 128 128 -364.19
3.400000 128 129 -610.38
3.400000 128 130 -484.11
3.400000 128 131 -178.69
3.400000 128 132 -485.07
3.400000 128 133 45.95
3.400000 128 134 489.30
3.400000 128 135 827.05
3.400000 128 136 892.85
3.400000 128 137 1029.75
3.400000 128 138 1565.90
3.400000 128 139 1717.44
3.400000 128 140 1490.04
3.400000 128 141 1917.71
3.400000 128 142 1556.42
3.400000 128 143 867.69
3.400000 128 144 27.20
3.400000 128 145 142.14
3.400000 128 146 408.23
3.400000 128 147 844.56
3.400000 128 148 1230.50
3.400000 128 149 1734.58
3.400000 128 150 1920.25
3.400000 128 151 2650.02
3.400000 128 152 3162.95
3.400000 128 153 3439.91
3.400000 128 154 2206.36
3.400000 128 155 2577.57
3.400000 128 156 1168.56
3.400000 128 157 1072.99
3.400000 128 158 1356.79
3.400000 128 159 1563.65
3.400000 128 160 1490.37
3.400000 128 161 2244.12
3.400000 128 162 2154.48
3.400000 128 163 1821.53
3.400000 128 164 -12.94
3.400000 128 165 -70.86
3.400000 128 166 -537.43
3.400000 128 167 291.36
3.400000 128 168 -439.83
3.400000 128 169 -257.17
3.400000 128 170 -14.44
3.400000 128 171 510.95
3.400000 128 172 461.76
3.400000 128 173 545.92
3.400000 128 174 1415.00
3.400000 128 175 1314.51
3.400000 128 176 1789.22
3.400000 128 177 1484.25
3.400000 128 178 1070.26
3.400000 128 179 449.88
3.400000 128 180 633.23
3.400000 128 181 799.58
3.400000 128 182 -369.79
3.400000 128 183 -126.94
3.400000 128 184 907.06
3.400000 128 185 1125.11
3.400000 128 186 845.12
3.400000 128 187 134.35
3.400000 128 188 -12.58
3.400000 128 189 698.22
3.400000 128 190 216.09
3.400000 128 191 169.91
3.400000 128 192 -49.56
3.400000 128 193 -288.94
3.400000 128 194 -140.16
3.400000 128 195 -127.72
3.400000 128 196 934.62
3.400000 128 197 1919.27
3.400000 128 198 1754.77
3.400000 128 199 1455.56
