2.290000 16 0 2085.95
2.290000 16 1 1406.78
2.290000 16 2 995.86
2.290000 16 3 735.79
2.290000 16 4 540.82
2.290000 16 5 382.37
2.290000 16 6 288.63
2.290000 16 7 214.25
2.290000 16 8 140.11
2.290000 16 9 96.06
2.290000 16 10 58.60
2.290000 16 11 29.26
2.290000 16 12 -8.64
2.290000 16 13 -34.24
2.290000 16 14 -35.23
2.290000 16 15 -46.81
2.290000 16 16 -57.48
2.290000 16 17 -70.06
2.290000 16 18 -84.97
2.290000 16 19 -97.58
2.290000 16 20 -108.68
2.290000 16 21 -107.28
2.290000 16 22 -103.16
2.290000 16 23 -100.77
2.290000 16 24 -88.23
2.290000 16 25 -75.41
2.290000 16 26 -55.79
2.290000 16 27 -53.60
2.290000 16 28 -42.69
2.290000 16 29 -35.94
2.290000 16 30 -24.78
2.290000 16 31 -8.55
2.290000 16 32 -12.87
2.290000 16 33 -10.14
2.290000 16 34 -22.89
2.290000 16 35 -7.89
2.290000 16 36 -1.67
2.290000 16 37  6.42
2.290000 16 38 22.83
2.290000 16 39 33.78
2.290000 16 40 37.21
2.290000 16 41 36.30
2.290000 16 42 48.65
2.290000 16 43 39.03
2.290000 16 44 23.64
2.290000 16 45 25.47
2.290000 16 46 36.26
2.290000 16 47 20.94
2.290000 16 48  2.37
2.290000 16 49  5.52
2.290000 16 50  8.93
2.290000 16 51 -4.06
2.290000 16 52 -14.38
2.290000 16 53 -35.12
2.290000 16 54 -35.72
2.290000 16 55 -50.33
2.290000 16 56 -52.22
2.290000 16 57 -50.74
2.290000 16 58 -46.26
2.290000 16 59 -50.09
2.290000 16 60 -36.26
2.290000 16 61 -23.98
2.290000 16 62 -8.10
2.290000 16 63  1.43
2.290000 16 64  0.82
2.290000 16 65 -11.45
2.290000 16 66 -9.02
2.290000 16 67 -14.26
2.290000 16 68 -19.08
2.290000 16 69 -8.00
2.290000 16 70  3.18
2.290000 16 71 15.57
2.290000 16 72 29.43
2.290000 16 73 52.51
2.290000 16 74 46.31
2.290000 16 75 52.30
2.290000 16 76 64.22
2.290000 16 77 68.83
2.290000 16 78 72.60
2.290000 16 79 68.05
2.290000 16 80 66.52
2.290000 16 81 74.82
2.290000 16 82 59.31
2.290000 16 83 30.80
2.290000 16 84 17.72
2.290000 16 85 39.06
2.290000 16 86 29.80
2.290000 16 87 24.01
2.290000 16 88 14.53
2.290000 16 89 11.28
2.290000 16 90  1.78
2.290000 16 91 10.56
2.290000 16 92 -2.01
2.290000 16 93 -20.99
2.290000 16 94 -35.34
2.290000 16 95 -21.60
2.290000 16 96  0.48
2.290000 16 97 15.54
2.290000 16 98  5.55
2.290000 16 99 39.35
2.290000 16 100 76.90
2.290000 16 101 65.69
2.290000 16 102 39.54
2.290000 16 103 20.61
2.290000 16 104 12.85
2.290000 16 105 -2.74
2.290000 16 106 21.63
2.290000 16 107 33.14
2.290000 16 108 45.65
2.290000 16 109 39.33
2.290000 16 110 34.61
2.290000 16 111 31.86
2.290000 16 112 33.49
2.290000 16 113 31.44
2.290000 16 114 38.32
2.290000 16 115 52.37
2.290000 16 116 54.90
2.290000 16 117 57.10
2.290000 16 118 69.76
2.290000 16 119 69.96
2.290000 16 120 93.75
2.290000 16 121 105.15
2.290000 16 122 95.90
2.290000 16 123 73.48
2.290000 16 124 61.14
2.290000 16 125 20.80
2.290000 16 126 11.33
2.290000 16 127 10.19
2.290000 16 128 14.15
2.290000 16 129 -4.83
2.290000 16 130 -8.55
2.290000 16 131 -7.74
2.290000 16 132 -5.46
2.290000 16 133  9.69
2.290000 16 134 33.05
2.290000 16 135 28.48
2.290000 16 136 10.90
2.290000 16 137 10.95
2.290000 16 138 12.83
2.290000 16 139  5.84
2.290000 16 140  8.43
2.290000 16 141 -6.55
2.290000 16 142 -12.39
2.290000 16 143 -1.47
2.290000 16 144 20.17
2.290000 16 145 31.33
2.290000 16 146 34.89
2.290000 16 147 34.81
2.290000 16 148 33.65
2.290000 16 149 48.60
2.290000 16 150 57.68
2.290000 16 151 59.09
2.290000 16 152 74.59
2.290000 16 153 57.19
2.290000 16 154 32.73
2.290000 16 155  6.56
2.290000 16 156  5.59
2.290000 16 157  2.48
2.290000 16 158 16.86
2.290000 16 159 12.17
2.290000 16 160 12.97
2.290000 16 161 25.80
2.290000 16 162 37.03
2.290000 16 163 20.09
2.290000 16 164 20.91
2.290000 16 165  4.65
2.290000 16 166 -18.32
2.290000 16 167 -23.68
2.290000 16 168 -35.12
2.290000 16 169 -18.63
2.290000 16 170 -4.87
2.290000 16 171 -30.97
2.290000 16 172 -50.57
2.290000 16 173 -48.04
2.290000 16 174 -40.14
2.290000 16 175 -39.08
2.290000 16 176 -45.95
2.290000 16 177 -25.13
2.290000 16 178 -0.20
2.290000 16 179 14.58
2.290000 16 180 19.21
2.290000 16 181 19.50
2.290000 16 182 13.22
2.290000 16 183 -12.61
2.290000 16 184 -25.97
2.290000 16 185 -37.10
2.290000 16 186 -47.59
2.290000 16 187 -60.62
2.290000 16 188 -70.73
2.290000 16 189 -89.27
2.290000 16 190 -95.53
2.290000 16 191 -79.01
2.290000 16 192 -88.95
2.290000 16 193 -76.79
2.290000 16 194 -72.96
2.290000 16 195 -63.70
2.290000 16 196 -37.49
2.290000 16 197 -30.68
2.290000 16 198 -36.55
2.290000 16 199 -34.10
