2.200000 256 0 444641.59
2.200000 256 1 282758.61
2.200000 256 2 181765.25
2.200000 256 3 125432.74
2.200000 256 4 92214.11
2.200000 256 5 66784.13
2.200000 256 6 57858.80
2.200000 256 7 26245.66
2.200000 256 8 1885.91
2.200000 256 9 -5871.13
2.200000 256 10 -5832.40
2.200000 256 11 -8391.19
2.200000 256 12 -8520.79
2.200000 256 13 -5221.36
2.200000 256 14 -9713.57
2.200000 256 15 -18331.35
2.200000 256 16 -31029.36
2.200000 256 17 -34353.99
2.200000 256 18 -40799.20
2.200000 256 19 -54416.28
2.200000 256 20 -61510.76
2.200000 256 21 -70045.38
2.200000 256 22 -82007.33
2.200000 256 23 -87062.78
2.200000 256 24 -93067.26
2.200000 256 25 -103202.99
2.200000 256 26 -101954.67
2.200000 256 27 -107216.58
2.200000 256 28 -108656.72
2.200000 256 29 -110573.87
2.200000 256 30 -121074.67
2.200000 256 31 -125783.10
2.200000 256 32 -125878.61
2.200000 256 33 -138008.06
2.200000 256 34 -142188.36
2.200000 256 35 -149828.69
2.200000 256 36 -153899.09
2.200000 256 37 -153951.80
2.200000 256 38 -143964.84
2.200000 256 39 -135309.59
2.200000 256 40 -130657.18
2.200000 256 41 -120592.41
2.200000 256 42 -120240.58
2.200000 256 43 -112184.96
2.200000 256 44 -103736.28
2.200000 256 45 -100152.83
2.200000 256 46 -96776.85
2.200000 256 47 -90716.84
2.200000 256 48 -86984.19
2.200000 256 49 -85005.36
2.200000 256 50 -75598.99
2.200000 256 51 -60638.57
2.200000 256 52 -42537.21
2.200000 256 53 -50135.10
2.200000 256 54 -43169.87
2.200000 256 55 -41330.56
2.200000 256 56 -31650.86
2.200000 256 57 -23624.84
2.200000 256 58 -12865.84
2.200000 256 59 -3439.54
2.200000 256 60 -8863.53
2.200000 256 61 -20149.73
2.200000 256 62 -19159.21
2.200000 256 63 -5470.66
2.200000 256 64 1418.12
2.200000 256 65 7261.27
2.200000 256 66 -3209.62
2.200000 256 67 -10942.98
2.200000 256 68 -4874.39
2.200000 256 69 -21781.93
2.200000 256 70 -36615.93
2.200000 256 71 -36305.44
2.200000 256 72 -28863.27
2.200000 256 73 -13092.35
2.200000 256 74 -5717.56
2.200000 256 75 3235.50
2.200000 256 76 1902.03
2.200000 256 77 9882.82
2.200000 256 78 9432.81
2.200000 256 79 928.64
2.200000 256 80 -7701.82
2.200000 256 81 -7169.45
2.200000 256 82 -1751.37
2.200000 256 83 -10695.27
2.200000 256 84 1798.91
2.200000 256 85 -56.61
2.200000 256 86 21875.03
2.200000 256 87 10382.20
2.200000 256 88 -4340.52
2.200000 256 89 -7312.19
2.200000 256 90 -16494.71
2.200000 256 91 -13484.44
2.200000 256 92 -24467.29
2.200000 256 93 -36196.68
2.200000 256 94 -37892.82
2.200000 256 95 -33688.34
2.200000 256 96 -28392.11
2.200000 256 97 -36986.87
2.200000 256 98 -38911.08
2.200000 256 99 -32904.64
2.200000 256 100 -34749.03
2.200000 256 101 -32404.42
2.200000 256 102 -26898.01
2.200000 256 103 6101.45
2.200000 256 104 14974.21
2.200000 256 105 30355.47
2.200000 256 106 51555.23
2.200000 256 107 62338.85
2.200000 256 108 71832.32
2.200000 256 109 64796.63
2.200000 256 110 51034.77
2.200000 256 111 32257.67
2.200000 256 112 31590.29
2.200000 256 113 26949.23
2.200000 256 114 25368.83
2.200000 256 115 22902.05
2.200000 256 116 16616.12
2.200000 256 117 -3579.93
2.200000 256 118 -18110.51
2.200000 256 119 -27947.23
2.200000 256 120 -25999.82
2.200000 256 121 -26473.03
2.200000 256 122 -30771.90
2.200000 256 123 -20501.39
2.200000 256 124 -3708.66
2.200000 256 125 4620.34
2.200000 256 126 8902.17
2.200000 256 127 5732.49
2.200000 256 128 22483.46
2.200000 256 129 28746.33
2.200000 256 130 30014.95
2.200000 256 131 34966.98
2.200000 256 132 43662.46
2.200000 256 133 50695.50
2.200000 256 134 46786.42
2.200000 256 135 54701.11
2.200000 256 136 52163.97
2.200000 256 137 64310.01
2.200000 256 138 75323.64
2.200000 256 139 84229.38
2.200000 256 140 98492.19
2.200000 256 141 99734.90
2.200000 256 142 84920.08
2.200000 256 143 71160.41
2.200000 256 144 59685.08
2.200000 256 145 44090.35
2.200000 256 146 32305.72
2.200000 256 147 23260.63
2.200000 256 148 19339.47
2.200000 256 149 11114.81
2.200000 256 150 5092.34
2.200000 256 151 -565.79
2.200000 256 152 -9545.33
2.200000 256 153 -11798.48
2.200000 256 154 -12767.45
2.200000 256 155 -3489.63
2.200000 256 156 5821.88
2.200000 256 157 20013.70
2.200000 256 158 27582.56
2.200000 256 159 33714.14
2.200000 256 160 16012.18
2.200000 256 161 -10823.61
2.200000 256 162 -9290.33
2.200000 256 163 4560.25
2.200000 256 164 11598.63
2.200000 256 165 10040.14
2.200000 256 166 10533.01
2.200000 256 167 13621.15
2.200000 256 168 11771.35
2.200000 256 169 2937.73
2.200000 256 170 9179.80
2.200000 256 171 15166.45
2.200000 256 172 16532.66
2.200000 256 173 25911.26
2.200000 256 174 24507.55
2.200000 256 175 22442.82
2.200000 256 176 30752.32
2.200000 256 177 38889.45
2.200000 256 178 39502.90
2.200000 256 179 29183.06
2.200000 256 180 30047.30
2.200000 256 181 35997.44
2.200000 256 182 42646.60
2.200000 256 183 53703.27
2.200000 256 184 56179.14
2.200000 256 185 52503.33
2.200000 256 186 52653.20
2.200000 256 187 62041.82
2.200000 256 188 66632.51
2.200000 256 189 55855.01
2.200000 256 190 38275.18
2.200000 256 191 30684.36
2.200000 256 192 42484.16
2.200000 256 193 38961.45
2.200000 256 194 37623.04
2.200000 256 195 27332.72
2.200000 256 196 18706.44
2.200000 256 197 11364.93
2.200000 256 198 -7179.51
2.200000 256 199 -31995.56
