3.770000 128 0 352014.61
3.770000 128 1 345991.63
3.770000 128 2 340207.19
3.770000 128 3 334667.79
3.770000 128 4 329230.10
3.770000 128 5 323984.73
3.770000 128 6 318907.30
3.770000 128 7 313901.46
3.770000 128 8 309053.28
3.770000 128 9 304327.92
3.770000 128 10 299744.21
3.770000 128 11 295191.37
3.770000 128 12 290862.20
3.770000 128 13 286604.32
3.770000 128 14 282347.61
3.770000 128 15 278231.06
3.770000 128 16 274190.38
3.770000 128 17 270246.16
3.770000 128 18 266349.78
3.770000 128 19 262669.22
3.770000 128 20 259064.45
3.770000 128 21 255510.12
3.770000 128 22 252050.09
3.770000 128 23 248713.43
3.770000 128 24 245423.84
3.770000 128 25 242210.86
3.770000 128 26 239120.80
3.770000 128 27 235989.18
3.770000 128 28 233034.86
3.770000 128 29 230072.66
3.770000 128 30 227159.06
3.770000 128 31 224288.51
3.770000 128 32 221475.16
3.770000 128 33 218689.26
3.770000 128 34 215881.27
3.770000 128 35 213102.55
3.770000 128 36 210448.96
3.770000 128 37 207911.90
3.770000 128 38 205452.29
3.770000 128 39 203056.46
3.770000 128 40 200778.04
3.770000 128 41 198507.25
3.770000 128 42 196238.21
3.770000 128 43 194036.91
3.770000 128 44 191867.95
3.770000 128 45 189715.37
3.770000 128 46 187685.01
3.770000 128 47 185775.45
3.770000 128 48 183923.20
3.770000 128 49 182222.63
3.770000 128 50 180517.44
3.770000 128 51 178904.76
3.770000 128 52 177335.58
3.770000 128 53 175926.30
3.770000 128 54 174562.58
3.770000 128 55 173182.49
3.770000 128 56 171708.15
3.770000 128 57 170231.70
3.770000 128 58 168749.51
3.770000 128 59 167318.42
3.770000 128 60 165885.27
3.770000 128 61 164589.88
3.770000 128 62 163341.24
3.770000 128 63 162167.96
3.770000 128 64 160986.46
3.770000 128 65 159812.94
3.770000 128 66 158600.32
3.770000 128 67 157385.92
3.770000 128 68 156136.68
3.770000 128 69 154854.54
3.770000 128 70 153557.21
3.770000 128 71 152221.31
3.770000 128 72 150859.03
3.770000 128 73 149528.43
3.770000 128 74 148141.02
3.770000 128 75 146732.51
3.770000 128 76 145343.69
3.770000 128 77 144036.64
3.770000 128 78 142740.35
3.770000 128 79 141490.38
3.770000 128 80 140251.43
3.770000 128 81 139027.66
3.770000 128 82 137869.47
3.770000 128 83 136788.09
3.770000 128 84 135708.25
3.770000 128 85 134553.94
3.770000 128 86 133376.47
3.770000 128 87 132168.47
3.770000 128 88 130946.69
3.770000 128 89 129769.27
3.770000 128 90 128642.78
3.770000 128 91 127506.48
3.770000 128 92 126384.29
3.770000 128 93 125226.44
3.770000 128 94 124105.67
3.770000 128 95 123036.07
3.770000 128 96 121887.91
3.770000 128 97 120641.74
3.770000 128 98 119423.96
3.770000 128 99 118263.66
3.770000 128 100 117060.42
3.770000 128 101 115960.97
3.770000 128 102 114881.72
3.770000 128 103 113855.64
3.770000 128 104 112821.34
3.770000 128 105 111710.83
3.770000 128 106 110698.30
3.770000 128 107 109708.78
3.770000 128 108 108740.12
3.770000 128 109 107760.27
3.770000 128 110 106827.29
3.770000 128 111 105850.77
3.770000 128 112 104900.59
3.770000 128 113 103982.49
3.770000 128 114 102991.00
3.770000 128 115 102036.96
3.770000 128 116 101108.16
3.770000 128 117 100166.94
3.770000 128 118 99209.07
3.770000 128 119 98413.41
3.770000 128 120 97645.37
3.770000 128 121 96942.60
3.770000 128 122 96218.86
3.770000 128 123 95489.19
3.770000 128 124 94720.68
3.770000 128 125 93946.74
3.770000 128 126 93272.43
3.770000 128 127 92639.74
3.770000 128 128 91984.76
3.770000 128 129 91419.87
3.770000 128 130 90842.08
3.770000 128 131 90330.08
3.770000 128 132 89728.37
3.770000 128 133 89089.81
3.770000 128 134 88401.36
3.770000 128 135 87688.73
3.770000 128 136 87010.25
3.770000 128 137 86329.59
3.770000 128 138 85589.25
3.770000 128 139 84780.70
3.770000 128 140 83960.67
3.770000 128 141 83127.68
3.770000 128 142 82277.02
3.770000 128 143 81432.24
3.770000 128 144 80583.40
3.770000 128 145 79906.84
3.770000 128 146 79171.28
3.770000 128 147 78421.76
3.770000 128 148 77562.70
3.770000 128 149 76773.48
3.770000 128 150 76024.79
3.770000 128 151 75234.07
3.770000 128 152 74521.90
3.770000 128 153 73841.46
3.770000 128 154 73162.67
3.770000 128 155 72496.56
3.770000 128 156 71852.76
3.770000 128 157 71234.14
3.770000 128 158 70606.65
3.770000 128 159 70005.61
3.770000 128 160 69409.58
3.770000 128 161 68849.70
3.770000 128 162 68303.06
3.770000 128 163 67755.57
3.770000 128 164 67248.49
3.770000 128 165 66737.45
3.770000 128 166 66204.95
3.770000 128 167 65624.46
3.770000 128 168 64997.44
3.770000 128 169 64335.38
3.770000 128 170 63694.67
3.770000 128 171 63095.78
3.770000 128 172 62457.42
3.770000 128 173 61847.00
3.770000 128 174 61259.28
3.770000 128 175 60655.50
3.770000 128 176 60129.86
3.770000 128 177 59654.48
3.770000 128 178 59272.18
3.770000 128 179 58794.67
3.770000 128 180 58319.18
3.770000 128 181 57886.61
3.770000 128 182 57542.07
3.770000 128 183 57240.69
3.770000 128 184 56941.12
3.770000 128 185 56585.78
3.770000 128 186 56275.94
3.770000 128 187 55919.82
3.770000 128 188 55537.12
3.770000 128 189 55176.86
3.770000 128 190 54903.37
3.770000 128 191 54576.07
3.770000 128 192 54269.62
3.770000 128 193 53807.85
3.770000 128 194 53388.83
3.770000 128 195 52902.67
3.770000 128 196 52413.50
3.770000 128 197 51940.38
3.770000 128 198 51429.98
3.770000 128 199 50867.08
