3.638000 128 0 534446.09
3.638000 128 1 454268.84
3.638000 128 2 390938.14
3.638000 128 3 338414.35
3.638000 128 4 295271.18
3.638000 128 5 258043.13
3.638000 128 6 226109.76
3.638000 128 7 197595.57
3.638000 128 8 174130.02
3.638000 128 9 153866.43
3.638000 128 10 135727.41
3.638000 128 11 119778.65
3.638000 128 12 106189.70
3.638000 128 13 94976.71
3.638000 128 14 85157.53
3.638000 128 15 75452.08
3.638000 128 16 66488.73
3.638000 128 17 59363.65
3.638000 128 18 53295.90
3.638000 128 19 49326.05
3.638000 128 20 45477.52
3.638000 128 21 42655.56
3.638000 128 22 40054.39
3.638000 128 23 37683.14
3.638000 128 24 35418.01
3.638000 128 25 33129.24
3.638000 128 26 30521.80
3.638000 128 27 28900.92
3.638000 128 28 26565.49
3.638000 128 29 25023.74
3.638000 128 30 22574.46
3.638000 128 31 20493.24
3.638000 128 32 18977.57
3.638000 128 33 17442.35
3.638000 128 34 16118.63
3.638000 128 35 14702.29
3.638000 128 36 14792.00
3.638000 128 37 14478.91
3.638000 128 38 14581.70
3.638000 128 39 13975.26
3.638000 128 40 13111.21
3.638000 128 41 12465.49
3.638000 128 42 12468.77
3.638000 128 43 12555.99
3.638000 128 44 13051.96
3.638000 128 45 13441.47
3.638000 128 46 13373.41
3.638000 128 47 13218.27
3.638000 128 48 12290.73
3.638000 128 49 11315.22
3.638000 128 50 10454.89
3.638000 128 51 9063.45
3.638000 128 52 8700.62
3.638000 128 53 8654.75
3.638000 128 54 8737.51
3.638000 128 55 9114.69
3.638000 128 56 8888.59
3.638000 128 57 8788.48
3.638000 128 58 8596.59
3.638000 128 59 8392.07
3.638000 128 60 8982.37
3.638000 128 61 10010.33
3.638000 128 62 10451.43
3.638000 128 63 10450.10
3.638000 128 64 10204.94
3.638000 128 65 9484.80
3.638000 128 66 9012.97
3.638000 128 67 8026.63
3.638000 128 68 7353.47
3.638000 128 69 6762.24
3.638000 128 70 6387.20
3.638000 128 71 6577.91
3.638000 128 72 5308.51
3.638000 128 73 4290.08
3.638000 128 74 3205.03
3.638000 128 75 2443.27
3.638000 128 76 1764.79
3.638000 128 77 1500.84
3.638000 128 78 2074.93
3.638000 128 79 2547.19
3.638000 128 80 2491.24
3.638000 128 81 2946.03
3.638000 128 82 3856.95
3.638000 128 83 3040.78
3.638000 128 84 2940.98
3.638000 128 85 3093.86
3.638000 128 86 2209.25
3.638000 128 87 1249.58
3.638000 128 88 372.50
3.638000 128 89 -219.89
3.638000 128 90 -1327.16
3.638000 128 91 -1924.00
3.638000 128 92 -1568.25
3.638000 128 93 -854.74
3.638000 128 94 166.43
3.638000 128 95 1238.28
3.638000 128 96 1257.14
3.638000 128 97 1953.92
3.638000 128 98 2994.26
3.638000 128 99 3571.93
3.638000 128 100 4470.09
3.638000 128 101 5507.94
3.638000 128 102 6774.48
3.638000 128 103 7244.58
3.638000 128 104 8484.13
3.638000 128 105 8701.49
3.638000 128 106 9199.84
3.638000 128 107 10382.03
3.638000 128 108 11738.62
3.638000 128 109 12596.78
3.638000 128 110 12345.17
3.638000 128 111 12799.30
3.638000 128 112 13785.58
3.638000 128 113 14859.30
3.638000 128 114 16091.22
3.638000 128 115 17165.17
3.638000 128 116 16669.28
3.638000 128 117 16198.76
3.638000 128 118 16355.85
3.638000 128 119 16093.65
3.638000 128 120 16166.43
3.638000 128 121 16225.70
3.638000 128 122 15826.54
3.638000 128 123 15635.98
3.638000 128 124 14580.83
3.638000 128 125 13110.18
3.638000 128 126 12814.65
3.638000 128 127 12103.02
3.638000 128 128 11907.59
3.638000 128 129 11959.71
3.638000 128 130 11274.35
3.638000 128 131 11549.89
3.638000 128 132 11146.90
3.638000 128 133 10301.13
3.638000 128 134 9569.23
3.638000 128 135 9120.84
3.638000 128 136 9431.90
3.638000 128 137 9807.92
3.638000 128 138 10334.45
3.638000 128 139 9869.76
3.638000 128 140 9771.45
3.638000 128 141 8312.66
3.638000 128 142 6662.94
3.638000 128 143 6285.48
3.638000 128 144 5503.03
3.638000 128 145 5269.09
3.638000 128 146 4448.55
3.638000 128 147 3683.87
3.638000 128 148 2762.27
3.638000 128 149 1721.57
3.638000 128 150 1279.73
3.638000 128 151 791.71
3.638000 128 152 900.28
3.638000 128 153 528.49
3.638000 128 154 81.85
3.638000 128 155 -149.24
3.638000 128 156 -55.64
3.638000 128 157 -284.68
3.638000 128 158 -969.44
3.638000 128 159 -957.90
3.638000 128 160 85.83
3.638000 128 161 1754.17
3.638000 128 162 2403.75
3.638000 128 163 2645.11
3.638000 128 164 2933.51
3.638000 128 165 3047.73
3.638000 128 166 3243.98
3.638000 128 167 4113.80
3.638000 128 168 5405.51
3.638000 128 169 7033.28
3.638000 128 170 7946.94
3.638000 128 171 8649.52
3.638000 128 172 9864.90
3.638000 128 173 11200.66
3.638000 128 174 12621.93
3.638000 128 175 14006.80
3.638000 128 176 15513.86
3.638000 128 177 16604.36
3.638000 128 178 17504.28
3.638000 128 179 17695.99
3.638000 128 180 16798.72
3.638000 128 181 15976.77
3.638000 128 182 15766.37
3.638000 128 183 14808.97
3.638000 128 184 13733.08
3.638000 128 185 11913.57
3.638000 128 186 10084.25
3.638000 128 187 9143.04
3.638000 128 188 8015.08
3.638000 128 189 8081.58
3.638000 128 190 8437.01
3.638000 128 191 8616.51
3.638000 128 192 9382.16
3.638000 128 193 9983.47
3.638000 128 194 11302.75
3.638000 128 195 12698.77
3.638000 128 196 13857.60
3.638000 128 197 14874.25
3.638000 128 198 15506.78
3.638000 128 199 15578.83
