2.256000 64 0 40771.39
2.256000 64 1 31284.37
2.256000 64 2 24781.75
2.256000 64 3 20128.35
2.256000 64 4 16264.72
2.256000 64 5 13111.36
2.256000 64 6 10701.29
2.256000 64 7 8742.13
2.256000 64 8 7211.24
2.256000 64 9 5871.22
2.256000 64 10 5042.18
2.256000 64 11 4537.49
2.256000 64 12 4183.62
2.256000 64 13 3762.01
2.256000 64 14 3589.11
2.256000 64 15 3562.58
2.256000 64 16 3763.52
2.256000 64 17 3493.77
2.256000 64 18 3198.02
2.256000 64 19 3202.96
2.256000 64 20 3161.99
2.256000 64 21 3074.01
2.256000 64 22 3205.38
2.256000 64 23 3034.03
2.256000 64 24 2808.40
2.256000 64 25 2153.47
2.256000 64 26 1781.17
2.256000 64 27 1655.63
2.256000 64 28 1232.72
2.256000 64 29 976.96
2.256000 64 30 974.54
2.256000 64 31 1040.09
2.256000 64 32 827.02
2.256000 64 33 869.63
2.256000 64 34 802.77
2.256000 64 35 821.61
2.256000 64 36 801.80
2.256000 64 37 1014.82
2.256000 64 38 1293.01
2.256000 64 39 1921.84
2.256000 64 40 2211.90
2.256000 64 41 2483.60
2.256000 64 42 2733.24
2.256000 64 43 2906.58
2.256000 64 44 2982.68
2.256000 64 45 3076.24
2.256000 64 46 3033.73
2.256000 64 47 3202.42
2.256000 64 48 3214.20
2.256000 64 49 3210.38
2.256000 64 50 3202.27
2.256000 64 51 3553.33
2.256000 64 52 3553.16
2.256000 64 53 3699.78
2.256000 64 54 3975.77
2.256000 64 55 3923.89
2.256000 64 56 3878.83
2.256000 64 57 4155.83
2.256000 64 58 4235.68
2.256000 64 59 4581.17
2.256000 64 60 4729.15
2.256000 64 61 5235.73
2.256000 64 62 5723.97
2.256000 64 63 6199.72
2.256000 64 64 6657.24
2.256000 64 65 6801.51
2.256000 64 66 7123.23
2.256000 64 67 7394.51
2.256000 64 68 7763.92
2.256000 64 69 8023.86
2.256000 64 70 8161.88
2.256000 64 71 8396.70
2.256000 64 72 8359.79
2.256000 64 73 8350.79
2.256000 64 74 8022.07
2.256000 64 75 7906.00
2.256000 64 76 7560.20
2.256000 64 77 7323.15
2.256000 64 78 7213.11
2.256000 64 79 7234.03
2.256000 64 80 7620.12
2.256000 64 81 7901.97
2.256000 64 82 8077.84
2.256000 64 83 8146.99
2.256000 64 84 8154.93
2.256000 64 85 8122.07
2.256000 64 86 8401.81
2.256000 64 87 8239.94
2.256000 64 88 8107.53
2.256000 64 89 7914.68
2.256000 64 90 7538.05
2.256000 64 91 7236.38
2.256000 64 92 7011.93
2.256000 64 93 6747.58
2.256000 64 94 6653.07
2.256000 64 95 6600.05
2.256000 64 96 6729.29
2.256000 64 97 6606.51
2.256000 64 98 6533.06
2.256000 64 99 6578.94
2.256000 64 100 6550.97
2.256000 64 101 6847.20
2.256000 64 102 6675.62
2.256000 64 103 6677.29
2.256000 64 104 6563.94
2.256000 64 105 6599.55
2.256000 64 106 6331.98
2.256000 64 107 6364.15
2.256000 64 108 6311.93
2.256000 64 109 5772.06
2.256000 64 110 5753.47
2.256000 64 111 5755.38
2.256000 64 112 5713.50
2.256000 64 113 5571.79
2.256000 64 114 5651.80
2.256000 64 115 5752.79
2.256000 64 116 6180.63
2.256000 64 117 6413.35
2.256000 64 118 6733.15
2.256000 64 119 6921.43
2.256000 64 120 6915.73
2.256000 64 121 6822.23
2.256000 64 122 6536.30
2.256000 64 123 6738.85
2.256000 64 124 6554.49
2.256000 64 125 6409.51
2.256000 64 126 6502.66
2.256000 64 127 6660.21
2.256000 64 128 6364.17
2.256000 64 129 6172.14
2.256000 64 130 6261.65
2.256000 64 131 6348.50
2.256000 64 132 6346.26
2.256000 64 133 6360.50
2.256000 64 134 6628.05
2.256000 64 135 6635.38
2.256000 64 136 6394.85
2.256000 64 137 6392.75
2.256000 64 138 6596.03
2.256000 64 139 6703.36
2.256000 64 140 6767.75
2.256000 64 141 6843.98
2.256000 64 142 6717.85
2.256000 64 143 6440.53
2.256000 64 144 6039.08
2.256000 64 145 5757.41
2.256000 64 146 5520.65
2.256000 64 147 4965.13
2.256000 64 148 4691.48
2.256000 64 149 4450.68
2.256000 64 150 4279.98
2.256000 64 151 4030.81
2.256000 64 152 3955.40
2.256000 64 153 3832.48
2.256000 64 154 3659.37
2.256000 64 155 3874.86
2.256000 64 156 4011.91
2.256000 64 157 4220.63
2.256000 64 158 4508.97
2.256000 64 159 4895.50
2.256000 64 160 5123.84
2.256000 64 161 5209.10
2.256000 64 162 5578.57
2.256000 64 163 5653.29
2.256000 64 164 5675.53
2.256000 64 165 5082.11
2.256000 64 166 4906.18
2.256000 64 167 4437.98
2.256000 64 168 4111.04
2.256000 64 169 4119.75
2.256000 64 170 4341.83
2.256000 64 171 4354.95
2.256000 64 172 4101.72
2.256000 64 173 4133.23
2.256000 64 174 4078.34
2.256000 64 175 3937.91
2.256000 64 176 3840.82
2.256000 64 177 3789.01
2.256000 64 178 3611.40
2.256000 64 179 3556.70
2.256000 64 180 3460.08
2.256000 64 181 2981.81
2.256000 64 182 2791.21
2.256000 64 183 2769.17
2.256000 64 184 2686.11
2.256000 64 185 2936.97
2.256000 64 186 3346.56
2.256000 64 187 3413.92
2.256000 64 188 3467.73
2.256000 64 189 3356.69
2.256000 64 190 3228.03
2.256000 64 191 3208.02
2.256000 64 192 3367.21
2.256000 64 193 3286.87
2.256000 64 194 3061.08
2.256000 64 195 2933.51
2.256000 64 196 3097.10
2.256000 64 197 3016.39
2.256000 64 198 3051.60
2.256000 64 199 2822.67
