2.272000 64 0 45559.16
2.272000 64 1 37640.60
2.272000 64 2 31994.41
2.272000 64 3 27489.24
2.272000 64 4 23781.59
2.272000 64 5 20578.92
2.272000 64 6 17942.03
2.272000 64 7 15666.68
2.272000 64 8 13865.52
2.272000 64 9 12337.73
2.272000 64 10 11148.41
2.272000 64 11 10350.13
2.272000 64 12 9280.47
2.272000 64 13 8167.46
2.272000 64 14 7154.75
2.272000 64 15 6251.39
2.272000 64 16 5548.62
2.272000 64 17 4620.30
2.272000 64 18 3981.57
2.272000 64 19 3320.57
2.272000 64 20 2858.13
2.272000 64 21 2676.76
2.272000 64 22 2701.66
2.272000 64 23 2821.20
2.272000 64 24 2853.29
2.272000 64 25 2814.91
2.272000 64 26 2635.71
2.272000 64 27 2764.93
2.272000 64 28 3044.21
2.272000 64 29 3402.18
2.272000 64 30 3729.48
2.272000 64 31 4035.40
2.272000 64 32 4225.61
2.272000 64 33 4477.68
2.272000 64 34 4750.34
2.272000 64 35 4762.71
2.272000 64 36 4712.92
2.272000 64 37 4713.09
2.272000 64 38 4660.85
2.272000 64 39 5050.11
2.272000 64 40 5365.11
2.272000 64 41 5834.26
2.272000 64 42 6108.59
2.272000 64 43 6163.64
2.272000 64 44 6149.07
2.272000 64 45 6224.34
2.272000 64 46 6114.72
2.272000 64 47 6265.43
2.272000 64 48 6569.86
2.272000 64 49 6331.10
2.272000 64 50 6231.07
2.272000 64 51 6129.19
2.272000 64 52 5832.52
2.272000 64 53 5438.69
2.272000 64 54 5098.62
2.272000 64 55 4855.45
2.272000 64 56 4759.79
2.272000 64 57 4627.63
2.272000 64 58 4330.08
2.272000 64 59 3925.39
2.272000 64 60 3427.28
2.272000 64 61 2460.08
2.272000 64 62 1952.05
2.272000 64 63 1727.68
2.272000 64 64 1653.74
2.272000 64 65 1649.45
2.272000 64 66 1728.16
2.272000 64 67 1592.45
2.272000 64 68 1633.33
2.272000 64 69 1747.43
2.272000 64 70 1981.01
2.272000 64 71 1960.88
2.272000 64 72 1955.92
2.272000 64 73 1844.48
2.272000 64 74 1923.57
2.272000 64 75 2040.30
2.272000 64 76 2194.05
2.272000 64 77 2137.92
2.272000 64 78 2204.36
2.272000 64 79 2304.24
2.272000 64 80 2712.74
2.272000 64 81 3140.01
2.272000 64 82 3565.06
2.272000 64 83 3747.01
2.272000 64 84 3891.39
2.272000 64 85 4043.68
2.272000 64 86 4152.65
2.272000 64 87 4331.57
2.272000 64 88 4124.40
2.272000 64 89 4067.54
2.272000 64 90 4048.82
2.272000 64 91 4150.16
2.272000 64 92 4241.10
2.272000 64 93 4338.46
2.272000 64 94 4656.34
2.272000 64 95 4823.93
2.272000 64 96 4811.11
2.272000 64 97 4524.95
2.272000 64 98 4225.12
2.272000 64 99 4016.62
2.272000 64 100 3905.14
2.272000 64 101 3391.13
2.272000 64 102 3143.78
2.272000 64 103 3203.39
2.272000 64 104 3157.19
2.272000 64 105 3537.37
2.272000 64 106 3732.78
2.272000 64 107 3679.12
2.272000 64 108 3715.42
2.272000 64 109 3824.12
2.272000 64 110 3734.80
2.272000 64 111 3730.30
2.272000 64 112 3926.08
2.272000 64 113 4051.40
2.272000 64 114 4093.45
2.272000 64 115 4129.32
2.272000 64 116 4169.72
2.272000 64 117 4089.24
2.272000 64 118 4169.76
2.272000 64 119 4264.99
2.272000 64 120 4152.28
2.272000 64 121 3628.63
2.272000 64 122 3481.48
2.272000 64 123 3440.11
2.272000 64 124 3393.12
2.272000 64 125 3146.56
2.272000 64 126 2967.18
2.272000 64 127 3030.40
2.272000 64 128 3367.87
2.272000 64 129 3690.04
2.272000 64 130 3977.96
2.272000 64 131 4606.80
2.272000 64 132 4815.01
2.272000 64 133 4963.22
2.272000 64 134 5128.25
2.272000 64 135 5425.63
2.272000 64 136 5748.42
2.272000 64 137 6112.50
2.272000 64 138 6316.93
2.272000 64 139 6621.06
2.272000 64 140 6862.52
2.272000 64 141 6967.60
2.272000 64 142 6820.86
2.272000 64 143 6653.13
2.272000 64 144 6721.47
2.272000 64 145 6634.06
2.272000 64 146 6700.95
2.272000 64 147 6661.08
2.272000 64 148 6777.92
2.272000 64 149 6597.30
2.272000 64 150 6131.06
2.272000 64 151 5674.90
2.272000 64 152 5335.13
2.272000 64 153 5117.43
2.272000 64 154 4688.69
2.272000 64 155 4253.36
2.272000 64 156 3629.41
2.272000 64 157 3117.35
2.272000 64 158 2708.50
2.272000 64 159 2419.31
2.272000 64 160 1973.81
2.272000 64 161 1367.83
2.272000 64 162 1026.90
2.272000 64 163 702.86
2.272000 64 164 808.38
2.272000 64 165 995.44
2.272000 64 166 1057.76
2.272000 64 167 1157.53
2.272000 64 168 1514.44
2.272000 64 169 1656.75
2.272000 64 170 2120.77
2.272000 64 171 2780.99
2.272000 64 172 3109.83
2.272000 64 173 3216.87
2.272000 64 174 3257.10
2.272000 64 175 3160.78
2.272000 64 176 3296.65
2.272000 64 177 3424.53
2.272000 64 178 3290.03
2.272000 64 179 3227.72
2.272000 64 180 3321.82
2.272000 64 181 3633.49
2.272000 64 182 3861.15
2.272000 64 183 3928.82
2.272000 64 184 4255.43
2.272000 64 185 4363.79
2.272000 64 186 4505.27
2.272000 64 187 4584.28
2.272000 64 188 4773.51
2.272000 64 189 5004.26
2.272000 64 190 5006.85
2.272000 64 191 4770.67
2.272000 64 192 4644.42
2.272000 64 193 4487.75
2.272000 64 194 4014.04
2.272000 64 195 3623.54
2.272000 64 196 3755.95
2.272000 64 197 3580.98
2.272000 64 198 3523.45
2.272000 64 199 3307.59
