2.360000 256 0 401107.51
2.360000 256 1 411516.22
2.360000 256 2 421716.92
2.360000 256 3 431791.43
2.360000 256 4 441987.00
2.360000 256 5 452754.97
2.360000 256 6 462992.77
2.360000 256 7 473242.43
2.360000 256 8 483149.30
2.360000 256 9 494483.86
2.360000 256 10 505769.77
2.360000 256 11 516977.02
2.360000 256 12 528406.60
2.360000 256 13 540315.55
2.360000 256 14 552263.30
2.360000 256 15 564301.49
2.360000 256 16 576505.23
2.360000 256 17 586536.14
2.360000 256 18 597454.85
2.360000 256 19 607573.84
2.360000 256 20 617878.80
2.360000 256 21 628387.47
2.360000 256 22 639049.95
2.360000 256 23 648402.99
2.360000 256 24 657887.08
2.360000 256 25 667305.01
2.360000 256 26 677041.63
2.360000 256 27 687629.79
2.360000 256 28 698630.95
2.360000 256 29 709626.61
2.360000 256 30 720004.06
2.360000 256 31 729630.69
2.360000 256 32 739345.02
2.360000 256 33 748878.51
2.360000 256 34 757966.51
2.360000 256 35 768190.00
2.360000 256 36 778139.17
2.360000 256 37 788488.24
2.360000 256 38 799510.70
2.360000 256 39 810356.00
2.360000 256 40 821133.29
2.360000 256 41 831576.21
2.360000 256 42 841990.78
2.360000 256 43 852874.15
2.360000 256 44 864381.08
2.360000 256 45 876809.49
2.360000 256 46 889854.51
2.360000 256 47 902567.81
2.360000 256 48 916320.98
2.360000 256 49 930269.27
2.360000 256 50 943509.28
2.360000 256 51 956837.57
2.360000 256 52 969975.21
2.360000 256 53 984184.55
2.360000 256 54 998098.76
2.360000 256 55 1010502.12
2.360000 256 56 1022565.95
2.360000 256 57 1035959.09
2.360000 256 58 1049346.02
2.360000 256 59 1062585.93
2.360000 256 60 1075440.76
2.360000 256 61 1088242.04
2.360000 256 62 1100718.10
2.360000 256 63 1113022.29
2.360000 256 64 1125535.07
2.360000 256 65 1138113.00
2.360000 256 66 1150921.61
2.360000 256 67 1163815.25
2.360000 256 68 1176206.46
2.360000 256 69 1189758.46
2.360000 256 70 1203418.46
2.360000 256 71 1217283.47
2.360000 256 72 1231929.35
2.360000 256 73 1246709.09
2.360000 256 74 1259347.78
2.360000 256 75 1271942.34
2.360000 256 76 1284139.20
2.360000 256 77 1296899.42
2.360000 256 78 1309517.26
2.360000 256 79 1321494.29
2.360000 256 80 1334550.66
2.360000 256 81 1347664.81
2.360000 256 82 1361289.05
2.360000 256 83 1375370.18
2.360000 256 84 1390954.65
2.360000 256 85 1406271.45
2.360000 256 86 1421200.06
2.360000 256 87 1436539.44
2.360000 256 88 1452011.64
2.360000 256 89 1467535.29
2.360000 256 90 1483193.78
2.360000 256 91 1498670.53
2.360000 256 92 1513301.34
2.360000 256 93 1528193.27
2.360000 256 94 1543849.42
2.360000 256 95 1559433.86
2.360000 256 96 1574954.90
2.360000 256 97 1590735.17
2.360000 256 98 1607127.03
2.360000 256 99 1621772.06
2.360000 256 100 1636064.64
2.360000 256 101 1650291.88
2.360000 256 102 1663837.49
2.360000 256 103 1677526.81
2.360000 256 104 1691267.14
2.360000 256 105 1704070.04
2.360000 256 106 1716606.23
2.360000 256 107 1728947.61
2.360000 256 108 1741120.38
2.360000 256 109 1753156.01
2.360000 256 110 1764737.61
2.360000 256 111 1776184.61
2.360000 256 112 1787652.58
2.360000 256 113 1798966.72
2.360000 256 114 1810261.04
2.360000 256 115 1822405.79
2.360000 256 116 1834430.92
2.360000 256 117 1847701.74
2.360000 256 118 1860945.03
2.360000 256 119 1874847.62
2.360000 256 120 1888435.25
2.360000 256 121 1902090.83
2.360000 256 122 1918179.02
2.360000 256 123 1933427.17
2.360000 256 124 1948937.44
2.360000 256 125 1964754.10
2.360000 256 126 1980349.09
2.360000 256 127 1995396.59
2.360000 256 128 2012156.04
2.360000 256 129 2029074.88
2.360000 256 130 2046162.78
2.360000 256 131 2062251.53
2.360000 256 132 2076914.47
2.360000 256 133 2091712.42
2.360000 256 134 2106637.76
2.360000 256 135 2121149.86
2.360000 256 136 2136061.07
2.360000 256 137 2150881.07
2.360000 256 138 2166185.85
2.360000 256 139 2181333.07
2.360000 256 140 2197070.34
2.360000 256 141 2212870.80
2.360000 256 142 2228741.13
2.360000 256 143 2244801.05
2.360000 256 144 2260029.68
2.360000 256 145 2276038.64
2.360000 256 146 2291417.67
2.360000 256 147 2306203.05
2.360000 256 148 2320762.58
2.360000 256 149 2334919.25
2.360000 256 150 2349324.27
2.360000 256 151 2364004.57
2.360000 256 152 2378551.06
2.360000 256 153 2392898.34
2.360000 256 154 2407622.57
2.360000 256 155 2422054.00
2.360000 256 156 2435623.65
2.360000 256 157 2447961.26
2.360000 256 158 2460754.77
2.360000 256 159 2473588.33
2.360000 256 160 2486790.49
2.360000 256 161 2499519.83
2.360000 256 162 2512366.05
2.360000 256 163 2524318.58
2.360000 256 164 2536555.12
2.360000 256 165 2547298.39
2.360000 256 166 2558137.63
2.360000 256 167 2569205.97
2.360000 256 168 2580005.84
2.360000 256 169 2589668.31
2.360000 256 170 2599521.43
2.360000 256 171 2609345.36
2.360000 256 172 2619396.94
2.360000 256 173 2629372.02
2.360000 256 174 2637689.05
2.360000 256 175 2645779.28
2.360000 256 176 2654272.01
2.360000 256 177 2663064.52
2.360000 256 178 2671914.82
2.360000 256 179 2680781.87
2.360000 256 180 2689725.66
2.360000 256 181 2698513.69
2.360000 256 182 2707337.58
2.360000 256 183 2716133.66
2.360000 256 184 2724995.49
2.360000 256 185 2732709.07
2.360000 256 186 2741261.44
2.360000 256 187 2748769.43
2.360000 256 188 2756379.41
2.360000 256 189 2764439.68
2.360000 256 190 2772993.53
2.360000 256 191 2780600.77
2.360000 256 192 2787984.34
2.360000 256 193 2795080.96
2.360000 256 194 2802522.27
2.360000 256 195 2809285.46
2.360000 256 196 2816012.69
2.360000 256 197 2822180.12
2.360000 256 198 2828131.28
2.360000 256 199 2833026.20
