2.265000 256 0 858135.76
2.265000 256 1 730433.33
2.265000 256 2 627369.84
2.265000 256 3 552462.45
2.265000 256 4 499652.74
2.265000 256 5 442681.78
2.265000 256 6 389712.24
2.265000 256 7 344710.44
2.265000 256 8 294806.19
2.265000 256 9 252231.18
2.265000 256 10 211555.83
2.265000 256 11 167745.01
2.265000 256 12 124263.92
2.265000 256 13 89928.60
2.265000 256 14 71518.40
2.265000 256 15 53974.31
2.265000 256 16 45866.53
2.265000 256 17 36312.47
2.265000 256 18 29469.76
2.265000 256 19 18761.83
2.265000 256 20 5696.98
2.265000 256 21 4833.92
2.265000 256 22 9413.19
2.265000 256 23 14930.12
2.265000 256 24 22215.55
2.265000 256 25 26441.73
2.265000 256 26 26737.49
2.265000 256 27 36553.33
2.265000 256 28 47032.08
2.265000 256 29 59448.00
2.265000 256 30 81083.15
2.265000 256 31 104320.80
2.265000 256 32 113960.04
2.265000 256 33 128729.25
2.265000 256 34 134454.10
2.265000 256 35 140856.03
2.265000 256 36 146979.71
2.265000 256 37 150288.05
2.265000 256 38 153814.07
2.265000 256 39 147977.63
2.265000 256 40 144095.70
2.265000 256 41 127158.50
2.265000 256 42 112468.16
2.265000 256 43 100480.68
2.265000 256 44 87221.03
2.265000 256 45 74226.91
2.265000 256 46 69396.03
2.265000 256 47 64121.89
2.265000 256 48 62662.84
2.265000 256 49 53696.67
2.265000 256 50 45796.32
2.265000 256 51 43129.79
2.265000 256 52 45343.51
2.265000 256 53 40938.00
2.265000 256 54 44549.04
2.265000 256 55 49380.89
2.265000 256 56 54266.84
2.265000 256 57 50011.37
2.265000 256 58 31924.61
2.265000 256 59 24332.52
2.265000 256 60 26333.21
2.265000 256 61 18254.93
2.265000 256 62 11688.49
2.265000 256 63 6548.70
2.265000 256 64 11357.91
2.265000 256 65 11718.82
2.265000 256 66 10318.84
2.265000 256 67 8336.34
2.265000 256 68 3409.56
2.265000 256 69 2982.33
2.265000 256 70 -1741.66
2.265000 256 71 -8715.77
2.265000 256 72 -8862.26
2.265000 256 73 -10267.17
2.265000 256 74 -12729.84
2.265000 256 75 -6655.90
2.265000 256 76 4753.55
2.265000 256 77 17605.43
2.265000 256 78 27389.68
2.265000 256 79 29665.77
2.265000 256 80 23543.05
2.265000 256 81 15614.05
2.265000 256 82 12698.79
2.265000 256 83 9555.87
2.265000 256 84 17440.34
2.265000 256 85 34324.09
2.265000 256 86 52390.97
2.265000 256 87 68181.84
2.265000 256 88 89924.74
2.265000 256 89 94877.88
2.265000 256 90 93699.45
2.265000 256 91 91814.59
2.265000 256 92 92583.36
2.265000 256 93 90290.21
2.265000 256 94 94843.78
2.265000 256 95 97849.43
2.265000 256 96 100506.62
2.265000 256 97 113287.05
2.265000 256 98 105223.20
2.265000 256 99 103098.05
2.265000 256 100 92703.56
2.265000 256 101 84198.39
2.265000 256 102 82352.26
2.265000 256 103 79966.35
2.265000 256 104 80647.02
2.265000 256 105 83381.34
2.265000 256 106 87510.54
2.265000 256 107 96852.99
2.265000 256 108 113855.75
2.265000 256 109 117131.58
2.265000 256 110 130976.82
2.265000 256 111 142233.76
2.265000 256 112 151306.05
2.265000 256 113 160469.80
2.265000 256 114 171917.15
2.265000 256 115 182439.97
2.265000 256 116 186456.95
2.265000 256 117 179627.96
2.265000 256 118 172374.85
2.265000 256 119 170073.38
2.265000 256 120 150991.40
2.265000 256 121 138778.53
2.265000 256 122 130903.08
2.265000 256 123 124548.67
2.265000 256 124 123615.42
2.265000 256 125 117962.17
2.265000 256 126 110371.54
2.265000 256 127 119220.80
2.265000 256 128 128501.03
2.265000 256 129 144669.23
2.265000 256 130 163998.54
2.265000 256 131 175552.80
2.265000 256 132 190162.74
2.265000 256 133 208219.11
2.265000 256 134 199459.50
2.265000 256 135 187600.82
2.265000 256 136 177227.15
2.265000 256 137 167298.14
2.265000 256 138 160571.07
2.265000 256 139 160588.77
2.265000 256 140 158717.35
2.265000 256 141 155517.46
2.265000 256 142 145721.28
2.265000 256 143 137398.43
2.265000 256 144 129997.78
2.265000 256 145 122233.53
2.265000 256 146 114712.41
2.265000 256 147 106521.36
2.265000 256 148 85143.94
2.265000 256 149 74434.69
2.265000 256 150 65294.72
2.265000 256 151 54144.12
2.265000 256 152 39295.13
2.265000 256 153 24299.76
2.265000 256 154 3885.60
2.265000 256 155 -19424.83
2.265000 256 156 -30967.66
2.265000 256 157 -37106.46
2.265000 256 158 -44732.17
2.265000 256 159 -48642.50
2.265000 256 160 -51368.83
2.265000 256 161 -56771.67
2.265000 256 162 -66151.95
2.265000 256 163 -93345.96
2.265000 256 164 -108072.78
2.265000 256 165 -128082.20
2.265000 256 166 -156841.10
2.265000 256 167 -187799.81
2.265000 256 168 -213724.05
2.265000 256 169 -232075.19
2.265000 256 170 -253385.88
2.265000 256 171 -274708.43
2.265000 256 172 -291402.79
2.265000 256 173 -304650.61
2.265000 256 174 -318648.12
2.265000 256 175 -320247.05
2.265000 256 176 -311502.46
2.265000 256 177 -306232.80
2.265000 256 178 -311672.14
2.265000 256 179 -314099.06
2.265000 256 180 -317421.67
2.265000 256 181 -324510.29
2.265000 256 182 -327563.54
2.265000 256 183 -327298.98
2.265000 256 184 -334431.53
2.265000 256 185 -342914.10
2.265000 256 186 -343579.29
2.265000 256 187 -356600.23
2.265000 256 188 -368609.83
2.265000 256 189 -381669.33
2.265000 256 190 -403558.39
2.265000 256 191 -438342.17
2.265000 256 192 -449922.33
2.265000 256 193 -445267.20
2.265000 256 194 -458729.55
2.265000 256 195 -473517.52
2.265000 256 196 -500163.78
2.265000 256 197 -520537.95
2.265000 256 198 -524744.77
2.265000 256 199 -518030.84
