3.636000 64 0 118174.75
3.636000 64 1 95388.48
3.636000 64 2 78085.82
3.636000 64 3 64646.54
3.636000 64 4 54176.40
3.636000 64 5 45891.23
3.636000 64 6 39026.51
3.636000 64 7 33294.46
3.636000 64 8 28631.32
3.636000 64 9 24371.52
3.636000 64 10 20597.97
3.636000 64 11 17420.52
3.636000 64 12 14674.30
3.636000 64 13 12314.76
3.636000 64 14 10187.10
3.636000 64 15 8484.28
3.636000 64 16 7306.42
3.636000 64 17 6382.95
3.636000 64 18 5581.93
3.636000 64 19 5008.21
3.636000 64 20 4617.05
3.636000 64 21 4121.43
3.636000 64 22 3578.82
3.636000 64 23 3166.48
3.636000 64 24 2698.86
3.636000 64 25 2389.72
3.636000 64 26 2365.54
3.636000 64 27 2373.85
3.636000 64 28 2447.25
3.636000 64 29 2356.83
3.636000 64 30 2182.98
3.636000 64 31 2089.00
3.636000 64 32 1573.52
3.636000 64 33 936.49
3.636000 64 34 464.88
3.636000 64 35 279.01
3.636000 64 36 199.86
3.636000 64 37 51.46
3.636000 64 38 -90.82
3.636000 64 39 -195.53
3.636000 64 40 -154.06
3.636000 64 41  9.64
3.636000 64 42 377.75
3.636000 64 43 545.82
3.636000 64 44 575.33
3.636000 64 45 543.80
3.636000 64 46 650.01
3.636000 64 47 953.33
3.636000 64 48 1005.84
3.636000 64 49 1132.79
3.636000 64 50 1215.43
3.636000 64 51 1181.36
3.636000 64 52 1152.70
3.636000 64 53 1274.90
3.636000 64 54 1433.79
3.636000 64 55 1645.83
3.636000 64 56 1631.73
3.636000 64 57 1670.65
3.636000 64 58 1557.44
3.636000 64 59 1352.22
3.636000 64 60 1281.69
3.636000 64 61 1199.55
3.636000 64 62 1085.78
3.636000 64 63 871.70
3.636000 64 64 667.21
3.636000 64 65 426.36
3.636000 64 66 222.79
3.636000 64 67 104.02
3.636000 64 68 26.52
3.636000 64 69 18.00
3.636000 64 70 255.47
3.636000 64 71 111.29
3.636000 64 72 92.18
3.636000 64 73 68.50
3.636000 64 74 316.03
3.636000 64 75 393.18
3.636000 64 76 175.01
3.636000 64 77  7.27
3.636000 64 78 -158.49
3.636000 64 79 40.11
3.636000 64 80 -107.48
3.636000 64 81 -36.91
3.636000 64 82 -49.39
3.636000 64 83 -178.66
3.636000 64 84 -117.29
3.636000 64 85 -128.28
3.636000 64 86 182.15
3.636000 64 87 371.24
3.636000 64 88 567.56
3.636000 64 89 442.52
3.636000 64 90 642.68
3.636000 64 91 670.39
3.636000 64 92 598.81
3.636000 64 93 553.58
3.636000 64 94 405.99
3.636000 64 95 445.87
3.636000 64 96 586.15
3.636000 64 97 640.59
3.636000 64 98 633.14
3.636000 64 99 446.05
3.636000 64 100 147.06
3.636000 64 101 279.77
3.636000 64 102 246.35
3.636000 64 103 13.74
3.636000 64 104 -311.87
3.636000 64 105 -370.22
3.636000 64 106 -347.38
3.636000 64 107 -260.28
3.636000 64 108 -308.82
3.636000 64 109 -510.08
3.636000 64 110 -661.29
3.636000 64 111 -599.93
3.636000 64 112 -697.92
3.636000 64 113 -862.12
3.636000 64 114 -859.97
3.636000 64 115 -592.88
3.636000 64 116 -100.45
3.636000 64 117 274.22
3.636000 64 118 295.82
3.636000 64 119 389.94
3.636000 64 120 238.54
3.636000 64 121 186.46
3.636000 64 122 -55.42
3.636000 64 123 -155.46
3.636000 64 124 -14.73
3.636000 64 125 -57.33
3.636000 64 126 -437.32
3.636000 64 127 -728.87
3.636000 64 128 -949.83
3.636000 64 129 -1252.15
3.636000 64 130 -1556.14
3.636000 64 131 -1678.11
3.636000 64 132 -1882.94
3.636000 64 133 -1880.01
3.636000 64 134 -1941.47
3.636000 64 135 -1901.84
3.636000 64 136 -1941.27
3.636000 64 137 -1780.03
3.636000 64 138 -1633.14
3.636000 64 139 -1410.79
3.636000 64 140 -1323.22
3.636000 64 141 -1319.64
3.636000 64 142 -1304.09
3.636000 64 143 -1214.90
3.636000 64 144 -1410.39
3.636000 64 145 -1549.81
3.636000 64 146 -1596.76
3.636000 64 147 -1690.68
3.636000 64 148 -1626.44
3.636000 64 149 -1537.02
3.636000 64 150 -1352.81
3.636000 64 151 -1117.18
3.636000 64 152 -1067.69
3.636000 64 153 -983.33
3.636000 64 154 -1081.41
3.636000 64 155 -1088.36
3.636000 64 156 -1053.41
3.636000 64 157 -1255.56
3.636000 64 158 -1366.96
3.636000 64 159 -1652.61
3.636000 64 160 -1740.59
3.636000 64 161 -1795.26
3.636000 64 162 -1907.34
3.636000 64 163 -1973.71
3.636000 64 164 -2029.65
3.636000 64 165 -1926.30
3.636000 64 166 -1994.89
3.636000 64 167 -1964.24
3.636000 64 168 -1938.35
3.636000 64 169 -1900.42
3.636000 64 170 -1808.70
3.636000 64 171 -1496.84
3.636000 64 172 -1212.60
3.636000 64 173 -1285.52
3.636000 64 174 -1341.07
3.636000 64 175 -1280.15
3.636000 64 176 -933.22
3.636000 64 177 -683.00
3.636000 64 178 -406.38
3.636000 64 179 -293.04
3.636000 64 180 -163.33
3.636000 64 181 168.64
3.636000 64 182 284.14
3.636000 64 183 355.43
3.636000 64 184 231.88
3.636000 64 185 259.88
3.636000 64 186 395.43
3.636000 64 187 475.79
3.636000 64 188 507.45
3.636000 64 189 653.64
3.636000 64 190 613.67
3.636000 64 191 787.20
3.636000 64 192 884.70
3.636000 64 193 1096.55
3.636000 64 194 1225.29
3.636000 64 195 1134.18
3.636000 64 196 945.09
3.636000 64 197 623.68
3.636000 64 198 431.32
3.636000 64 199 269.15
