3.500000 96 0 66120.71
3.500000 96 1 38539.14
3.500000 96 2 23211.78
3.500000 96 3 13595.45
3.500000 96 4 7700.80
3.500000 96 5 2935.45
3.500000 96 6 -522.63
3.500000 96 7 -3483.87
3.500000 96 8 -4565.36
3.500000 96 9 -5040.98
3.500000 96 10 -3970.19
3.500000 96 11 -3846.95
3.500000 96 12 -5148.19
3.500000 96 13 -5661.61
3.500000 96 14 -5157.15
3.500000 96 15 -4234.66
3.500000 96 16 -3811.83
3.500000 96 17 -2182.20
3.500000 96 18 -1749.63
3.500000 96 19 -1440.11
3.500000 96 20 -1665.90
3.500000 96 21 -919.35
3.500000 96 22 -499.58
3.500000 96 23 358.68
3.500000 96 24 -325.89
3.500000 96 25 -934.59
3.500000 96 26 -192.46
3.500000 96 27 -583.64
3.500000 96 28 -1419.14
3.500000 96 29 -1096.78
3.500000 96 30 -1192.40
3.500000 96 31 -1240.90
3.500000 96 32 -1927.00
3.500000 96 33 -2345.33
3.500000 96 34 -3126.94
3.500000 96 35 -3186.04
3.500000 96 36 -1972.14
3.500000 96 37 -2008.31
3.500000 96 38 -2560.10
3.500000 96 39 -2924.54
3.500000 96 40 -2129.26
3.500000 96 41 -1549.86
3.500000 96 42 -1498.87
3.500000 96 43 -1295.79
3.500000 96 44 -2041.54
3.500000 96 45 -2616.42
3.500000 96 46 -1817.80
3.500000 96 47 -925.04
3.500000 96 48 -140.99
3.500000 96 49 1402.42
3.500000 96 50 1688.28
3.500000 96 51 2398.91
3.500000 96 52 3204.15
3.500000 96 53 4134.55
3.500000 96 54 3675.94
3.500000 96 55 3839.03
3.500000 96 56 3591.27
3.500000 96 57 3639.41
3.500000 96 58 4361.80
3.500000 96 59 4932.37
3.500000 96 60 5534.89
3.500000 96 61 4564.35
3.500000 96 62 5042.83
3.500000 96 63 5590.50
3.500000 96 64 5189.25
3.500000 96 65 5267.17
3.500000 96 66 5081.98
3.500000 96 67 5901.17
3.500000 96 68 5864.04
3.500000 96 69 5900.12
3.500000 96 70 5160.61
3.500000 96 71 4156.83
3.500000 96 72 2726.95
3.500000 96 73 2820.83
3.500000 96 74 2415.21
3.500000 96 75 2105.44
3.500000 96 76 2722.76
3.500000 96 77 2389.49
3.500000 96 78 1890.27
3.500000 96 79 1514.16
3.500000 96 80 546.32
3.500000 96 81 -761.68
3.500000 96 82 -2405.27
3.500000 96 83 -2330.98
3.500000 96 84 -2039.53
3.500000 96 85 -750.04
3.500000 96 86 -985.42
3.500000 96 87 -1020.58
3.500000 96 88 -2036.55
3.500000 96 89 -1691.00
3.500000 96 90 -1322.55
3.500000 96 91 -960.03
3.500000 96 92 -200.10
3.500000 96 93 95.58
3.500000 96 94 640.41
3.500000 96 95 336.86
3.500000 96 96 249.48
3.500000 96 97 -355.38
3.500000 96 98 -1678.91
3.500000 96 99 -932.80
3.500000 96 100 -2045.80
3.500000 96 101 -2427.29
3.500000 96 102 -656.69
3.500000 96 103 -402.84
3.500000 96 104 -1165.42
3.500000 96 105 -262.68
3.500000 96 106 -44.35
3.500000 96 107 356.18
3.500000 96 108 -194.85
3.500000 96 109 -421.42
3.500000 96 110 -581.02
3.500000 96 111 -1801.65
3.500000 96 112 -1321.61
3.500000 96 113 -1007.00
3.500000 96 114 -700.36
3.500000 96 115 -664.82
3.500000 96 116 989.99
3.500000 96 117 1155.73
3.500000 96 118 1732.00
3.500000 96 119 2630.48
3.500000 96 120 2310.47
3.500000 96 121 1144.32
3.500000 96 122 1636.00
3.500000 96 123 2512.35
3.500000 96 124 2875.94
3.500000 96 125 4058.39
3.500000 96 126 4431.17
3.500000 96 127 4156.62
3.500000 96 128 3687.28
3.500000 96 129 4325.79
3.500000 96 130 5442.01
3.500000 96 131 6906.23
3.500000 96 132 7232.37
3.500000 96 133 7578.94
3.500000 96 134 6343.76
3.500000 96 135 5877.93
3.500000 96 136 6221.79
3.500000 96 137 6445.74
3.500000 96 138 5394.37
3.500000 96 139 6059.25
3.500000 96 140 6742.76
3.500000 96 141 6509.29
3.500000 96 142 7069.59
3.500000 96 143 7889.15
3.500000 96 144 8116.62
3.500000 96 145 7993.69
3.500000 96 146 7793.04
3.500000 96 147 8562.30
3.500000 96 148 9040.65
3.500000 96 149 8883.67
3.500000 96 150 8227.29
3.500000 96 151 8307.76
3.500000 96 152 9163.82
3.500000 96 153 9392.14
3.500000 96 154 8959.37
3.500000 96 155 7753.25
3.500000 96 156 7432.91
3.500000 96 157 8291.04
3.500000 96 158 9036.06
3.500000 96 159 9855.35
3.500000 96 160 10096.63
3.500000 96 161 9574.67
3.500000 96 162 8297.64
3.500000 96 163 7983.58
3.500000 96 164 6844.97
3.500000 96 165 6833.71
3.500000 96 166 7275.19
3.500000 96 167 7939.16
3.500000 96 168 6504.73
3.500000 96 169 6717.17
3.500000 96 170 7379.53
3.500000 96 171 8335.32
3.500000 96 172 8453.57
3.500000 96 173 8426.59
3.500000 96 174 7467.05
3.500000 96 175 6380.52
3.500000 96 176 6165.36
3.500000 96 177 6063.16
3.500000 96 178 5664.16
3.500000 96 179 4977.02
3.500000 96 180 4131.90
3.500000 96 181 3408.49
3.500000 96 182 2890.77
3.500000 96 183 3178.01
3.500000 96 184 2445.27
3.500000 96 185 2114.06
3.500000 96 186 1716.90
3.500000 96 187 614.21
3.500000 96 188 61.94
3.500000 96 189 -1297.80
3.500000 96 190 -2487.82
3.500000 96 191 -3129.87
3.500000 96 192 -3710.90
3.500000 96 193 -3632.43
3.500000 96 194 -2923.01
3.500000 96 195 -2642.28
3.500000 96 196 -3050.53
3.500000 96 197 -4035.98
3.500000 96 198 -3900.21
3.500000 96 199 -4206.19
