2.255000 128 0 173717.87
2.255000 128 1 136833.43
2.255000 128 2 107655.32
2.255000 128 3 84263.51
2.255000 128 4 65385.17
2.255000 128 5 52752.34
2.255000 128 6 40504.56
2.255000 128 7 32667.46
2.255000 128 8 25631.90
2.255000 128 9 19551.11
2.255000 128 10 14565.45
2.255000 128 11 9044.83
2.255000 128 12 4234.19
2.255000 128 13 1246.68
2.255000 128 14 -382.02
2.255000 128 15 -3643.74
2.255000 128 16 -5840.62
2.255000 128 17 -7026.38
2.255000 128 18 -9331.40
2.255000 128 19 -12624.49
2.255000 128 20 -14763.80
2.255000 128 21 -14514.95
2.255000 128 22 -13315.81
2.255000 128 23 -12205.10
2.255000 128 24 -12492.51
2.255000 128 25 -12545.20
2.255000 128 26 -11533.97
2.255000 128 27 -8902.47
2.255000 128 28 -7615.44
2.255000 128 29 -6852.25
2.255000 128 30 -7555.93
2.255000 128 31 -7811.16
2.255000 128 32 -10552.96
2.255000 128 33 -11814.28
2.255000 128 34 -12306.26
2.255000 128 35 -12638.79
2.255000 128 36 -11556.05
2.255000 128 37 -10949.81
2.255000 128 38 -10284.59
2.255000 128 39 -10172.52
2.255000 128 40 -10649.01
2.255000 128 41 -12953.44
2.255000 128 42 -14458.37
2.255000 128 43 -16148.07
2.255000 128 44 -18238.55
2.255000 128 45 -18759.62
2.255000 128 46 -18888.10
2.255000 128 47 -18569.70
2.255000 128 48 -17544.80
2.255000 128 49 -16716.63
2.255000 128 50 -15916.33
2.255000 128 51 -16297.37
2.255000 128 52 -14762.87
2.255000 128 53 -14160.84
2.255000 128 54 -14281.07
2.255000 128 55 -15899.19
2.255000 128 56 -17660.89
2.255000 128 57 -19697.88
2.255000 128 58 -23517.55
2.255000 128 59 -27408.04
2.255000 128 60 -31655.43
2.255000 128 61 -34348.74
2.255000 128 62 -35874.08
2.255000 128 63 -36994.08
2.255000 128 64 -39839.83
2.255000 128 65 -41503.79
2.255000 128 66 -43624.22
2.255000 128 67 -44631.75
2.255000 128 68 -46151.69
2.255000 128 69 -47552.12
2.255000 128 70 -48030.69
2.255000 128 71 -48975.80
2.255000 128 72 -49806.69
2.255000 128 73 -50525.01
2.255000 128 74 -51332.26
2.255000 128 75 -53427.94
2.255000 128 76 -53190.03
2.255000 128 77 -51848.00
2.255000 128 78 -50707.18
2.255000 128 79 -49946.18
2.255000 128 80 -48798.98
2.255000 128 81 -48940.58
2.255000 128 82 -49022.95
2.255000 128 83 -51257.16
2.255000 128 84 -54805.04
2.255000 128 85 -53925.55
2.255000 128 86 -53376.57
2.255000 128 87 -52375.81
2.255000 128 88 -51780.47
2.255000 128 89 -53148.48
2.255000 128 90 -52865.73
2.255000 128 91 -51373.77
2.255000 128 92 -49282.42
2.255000 128 93 -47011.06
2.255000 128 94 -45949.84
2.255000 128 95 -45647.98
2.255000 128 96 -46560.24
2.255000 128 97 -48402.44
2.255000 128 98 -51402.33
2.255000 128 99 -53673.28
2.255000 128 100 -55814.99
2.255000 128 101 -56688.79
2.255000 128 102 -56637.04
2.255000 128 103 -54716.20
2.255000 128 104 -53215.35
2.255000 128 105 -53119.10
2.255000 128 106 -52531.67
2.255000 128 107 -51230.58
2.255000 128 108 -50112.44
2.255000 128 109 -49863.17
2.255000 128 110 -51609.54
2.255000 128 111 -53592.39
2.255000 128 112 -54482.20
2.255000 128 113 -54893.30
2.255000 128 114 -56389.56
2.255000 128 115 -56705.94
2.255000 128 116 -58763.19
2.255000 128 117 -59763.83
2.255000 128 118 -58082.36
2.255000 128 119 -57051.59
2.255000 128 120 -57003.49
2.255000 128 121 -55664.32
2.255000 128 122 -57693.32
2.255000 128 123 -58407.37
2.255000 128 124 -59865.01
2.255000 128 125 -62076.64
2.255000 128 126 -63307.12
2.255000 128 127 -64218.24
2.255000 128 128 -65955.78
2.255000 128 129 -67718.14
2.255000 128 130 -68474.48
2.255000 128 131 -68692.39
2.255000 128 132 -67107.52
2.255000 128 133 -65865.57
2.255000 128 134 -64288.97
2.255000 128 135 -64269.38
2.255000 128 136 -64997.82
2.255000 128 137 -66392.49
2.255000 128 138 -68938.49
2.255000 128 139 -69679.53
2.255000 128 140 -70289.85
2.255000 128 141 -69932.93
2.255000 128 142 -68562.34
2.255000 128 143 -66998.80
2.255000 128 144 -63762.85
2.255000 128 145 -61271.61
2.255000 128 146 -60103.04
2.255000 128 147 -60832.14
2.255000 128 148 -61230.21
2.255000 128 149 -60458.91
2.255000 128 150 -60360.34
2.255000 128 151 -59428.95
2.255000 128 152 -59414.74
2.255000 128 153 -62050.76
2.255000 128 154 -64296.45
2.255000 128 155 -67205.31
2.255000 128 156 -68520.96
2.255000 128 157 -68763.08
2.255000 128 158 -68691.83
2.255000 128 159 -69857.74
2.255000 128 160 -69592.84
2.255000 128 161 -68653.74
2.255000 128 162 -67792.34
2.255000 128 163 -67883.48
2.255000 128 164 -68754.80
2.255000 128 165 -69443.41
2.255000 128 166 -70557.22
2.255000 128 167 -70377.82
2.255000 128 168 -70835.51
2.255000 128 169 -70621.42
2.255000 128 170 -69769.62
2.255000 128 171 -68853.04
2.255000 128 172 -66726.07
2.255000 128 173 -63194.48
2.255000 128 174 -60216.45
2.255000 128 175 -57027.84
2.255000 128 176 -53069.65
2.255000 128 177 -50319.79
2.255000 128 178 -49598.05
2.255000 128 179 -50792.82
2.255000 128 180 -52466.93
2.255000 128 181 -53884.40
2.255000 128 182 -53536.90
2.255000 128 183 -52715.05
2.255000 128 184 -53912.28
2.255000 128 185 -54951.63
2.255000 128 186 -54488.82
2.255000 128 187 -54004.10
2.255000 128 188 -55560.61
2.255000 128 189 -56594.48
2.255000 128 190 -56821.94
2.255000 128 191 -56613.09
2.255000 128 192 -56468.26
2.255000 128 193 -55914.48
2.255000 128 194 -57384.84
2.255000 128 195 -58703.47
2.255000 128 196 -60218.51
2.255000 128 197 -62381.93
2.255000 128 198 -63362.98
2.255000 128 199 -63968.28
