3.640000 24 0 5672.23
3.640000 24 1 3954.23
3.640000 24 2 2860.44
3.640000 24 3 2104.03
3.640000 24 4 1565.23
3.640000 24 5 1139.45
3.640000 24 6 852.02
3.640000 24 7 640.08
3.640000 24 8 471.85
3.640000 24 9 360.52
3.640000 24 10 300.70
3.640000 24 11 220.73
3.640000 24 12 162.92
3.640000 24 13 146.42
3.640000 24 14 116.30
3.640000 24 15 51.97
3.640000 24 16 92.58
3.640000 24 17 148.28
3.640000 24 18 158.32
3.640000 24 19 137.50
3.640000 24 20 87.88
3.640000 24 21 27.25
3.640000 24 22 -20.63
3.640000 24 23 -25.29
3.640000 24 24  3.56
3.640000 24 25 16.89
3.640000 24 26 52.67
3.640000 24 27 24.05
3.640000 24 28 -9.70
3.640000 24 29 -32.00
3.640000 24 30 -43.03
3.640000 24 31 -73.88
3.640000 24 32 -102.67
3.640000 24 33 -163.09
3.640000 24 34 -189.75
3.640000 24 35 -120.59
3.640000 24 36 -151.27
3.640000 24 37 -181.83
3.640000 24 38 -239.40
3.640000 24 39 -214.84
3.640000 24 40 -177.25
3.640000 24 41 -101.38
3.640000 24 42 -92.78
3.640000 24 43 -61.58
3.640000 24 44 -23.88
3.640000 24 45  7.96
3.640000 24 46  7.27
3.640000 24 47 -7.14
3.640000 24 48 -29.27
3.640000 24 49 -31.83
3.640000 24 50 21.33
3.640000 24 51 61.00
3.640000 24 52 86.11
3.640000 24 53 88.05
3.640000 24 54 120.54
3.640000 24 55 119.70
3.640000 24 56 113.12
3.640000 24 57 70.67
3.640000 24 58 28.85
3.640000 24 59 -8.72
3.640000 24 60 19.62
3.640000 24 61 -24.62
3.640000 24 62 -48.17
3.640000 24 63 -64.66
3.640000 24 64 -16.43
3.640000 24 65 -27.11
3.640000 24 66 15.28
3.640000 24 67 -56.67
3.640000 24 68 -66.73
3.640000 24 69 -1.94
3.640000 24 70 42.35
3.640000 24 71 63.99
3.640000 24 72 67.90
3.640000 24 73 54.19
3.640000 24 74 81.62
3.640000 24 75 61.95
3.640000 24 76 72.76
3.640000 24 77 63.04
3.640000 24 78 27.60
3.640000 24 79 47.71
3.640000 24 80 36.22
3.640000 24 81 52.08
3.640000 24 82 46.37
3.640000 24 83 77.90
3.640000 24 84 65.99
3.640000 24 85 85.05
3.640000 24 86 73.08
3.640000 24 87 28.95
3.640000 24 88 19.95
3.640000 24 89 54.43
3.640000 24 90 30.20
3.640000 24 91  2.13
3.640000 24 92 -23.02
3.640000 24 93 -68.66
3.640000 24 94 -104.49
3.640000 24 95 -192.43
3.640000 24 96 -172.76
3.640000 24 97 -222.42
3.640000 24 98 -223.02
3.640000 24 99 -226.13
3.640000 24 100 -216.08
3.640000 24 101 -165.77
3.640000 24 102 -145.60
3.640000 24 103 -122.48
3.640000 24 104 -109.87
3.640000 24 105 -93.09
3.640000 24 106 -112.27
3.640000 24 107 -168.01
3.640000 24 108 -125.54
3.640000 24 109 -137.76
3.640000 24 110 -129.40
3.640000 24 111 -84.26
3.640000 24 112 -74.84
3.640000 24 113 -119.57
3.640000 24 114 -134.33
3.640000 24 115 -199.02
3.640000 24 116 -275.43
3.640000 24 117 -297.19
3.640000 24 118 -336.00
3.640000 24 119 -334.54
3.640000 24 120 -302.65
3.640000 24 121 -255.55
3.640000 24 122 -233.63
3.640000 24 123 -231.22
3.640000 24 124 -162.98
3.640000 24 125 -107.52
3.640000 24 126 -57.15
3.640000 24 127 -39.43
3.640000 24 128 -23.45
3.640000 24 129 -23.52
3.640000 24 130 -54.31
3.640000 24 131 -113.91
3.640000 24 132 -169.96
3.640000 24 133 -187.31
3.640000 24 134 -153.31
3.640000 24 135 -77.19
3.640000 24 136 -104.67
3.640000 24 137 -78.16
3.640000 24 138 -2.39
3.640000 24 139  3.75
3.640000 24 140 -56.66
3.640000 24 141 -115.10
3.640000 24 142 -138.58
3.640000 24 143 -168.05
3.640000 24 144 -128.17
3.640000 24 145 -124.45
3.640000 24 146 -118.90
3.640000 24 147 -33.72
3.640000 24 148 -34.18
3.640000 24 149 -29.59
3.640000 24 150 -42.60
3.640000 24 151 -55.24
3.640000 24 152 -17.65
3.640000 24 153 -74.42
3.640000 24 154 -129.60
3.640000 24 155 -127.84
3.640000 24 156 -73.37
3.640000 24 157 -66.68
3.640000 24 158 -84.37
3.640000 24 159 -142.18
3.640000 24 160 -134.15
3.640000 24 161 -90.71
3.640000 24 162 -37.68
3.640000 24 163 -64.00
3.640000 24 164 -103.20
3.640000 24 165 -105.08
3.640000 24 166 -150.08
3.640000 24 167 -210.16
3.640000 24 168 -292.44
3.640000 24 169 -358.56
3.640000 24 170 -348.96
3.640000 24 171 -289.04
3.640000 24 172 -299.26
3.640000 24 173 -251.73
3.640000 24 174 -250.09
3.640000 24 175 -236.82
3.640000 24 176 -259.03
3.640000 24 177 -285.21
3.640000 24 178 -296.78
3.640000 24 179 -274.67
3.640000 24 180 -266.07
3.640000 24 181 -266.87
3.640000 24 182 -328.84
3.640000 24 183 -376.83
3.640000 24 184 -347.98
3.640000 24 185 -308.05
3.640000 24 186 -298.82
3.640000 24 187 -302.23
3.640000 24 188 -335.99
3.640000 24 189 -301.86
3.640000 24 190 -309.47
3.640000 24 191 -246.32
3.640000 24 192 -240.70
3.640000 24 193 -243.11
3.640000 24 194 -183.79
3.640000 24 195 -201.64
3.640000 24 196 -265.31
3.640000 24 197 -287.88
3.640000 24 198 -266.95
3.640000 24 199 -260.27
