3.642000 24 0 13261.73
3.642000 24 1 9503.05
3.642000 24 2 6990.64
3.642000 24 3 5247.46
3.642000 24 4 3975.83
3.642000 24 5 3077.91
3.642000 24 6 2426.82
3.642000 24 7 1870.41
3.642000 24 8 1465.77
3.642000 24 9 1189.29
3.642000 24 10 980.91
3.642000 24 11 786.03
3.642000 24 12 632.20
3.642000 24 13 551.00
3.642000 24 14 493.14
3.642000 24 15 426.78
3.642000 24 16 364.86
3.642000 24 17 289.90
3.642000 24 18 223.00
3.642000 24 19 172.17
3.642000 24 20 135.59
3.642000 24 21 119.64
3.642000 24 22 102.81
3.642000 24 23 71.33
3.642000 24 24 80.79
3.642000 24 25 113.51
3.642000 24 26 124.50
3.642000 24 27 94.15
3.642000 24 28 88.72
3.642000 24 29 67.46
3.642000 24 30 61.64
3.642000 24 31 32.36
3.642000 24 32  1.98
3.642000 24 33  5.21
3.642000 24 34 -14.93
3.642000 24 35 -53.78
3.642000 24 36 -92.67
3.642000 24 37 -135.58
3.642000 24 38 -164.00
3.642000 24 39 -181.04
3.642000 24 40 -168.50
3.642000 24 41 -143.69
3.642000 24 42 -96.98
3.642000 24 43 -65.64
3.642000 24 44 -43.54
3.642000 24 45 -34.64
3.642000 24 46 -0.74
3.642000 24 47 -25.15
3.642000 24 48 -42.29
3.642000 24 49 -39.08
3.642000 24 50 -49.26
3.642000 24 51 -54.36
3.642000 24 52 -24.89
3.642000 24 53 -15.95
3.642000 24 54 -25.06
3.642000 24 55 -50.72
3.642000 24 56 -47.77
3.642000 24 57 -45.49
3.642000 24 58 -54.63
3.642000 24 59 -29.57
3.642000 24 60  1.47
3.642000 24 61 25.58
3.642000 24 62 10.92
3.642000 24 63 35.86
3.642000 24 64 -3.38
3.642000 24 65 -15.83
3.642000 24 66  3.80
3.642000 24 67 -3.77
3.642000 24 68 30.42
3.642000 24 69  3.71
3.642000 24 70 13.61
3.642000 24 71 -22.43
3.642000 24 72 -55.52
3.642000 24 73 -94.29
3.642000 24 74 -101.33
3.642000 24 75 -112.29
3.642000 24 76 -112.60
3.642000 24 77 -107.90
3.642000 24 78 -122.72
3.642000 24 79 -121.31
3.642000 24 80 -134.11
3.642000 24 81 -165.50
3.642000 24 82 -148.64
3.642000 24 83 -171.69
3.642000 24 84 -147.62
3.642000 24 85 -118.33
3.642000 24 86 -100.19
3.642000 24 87 -101.46
3.642000 24 88 -101.23
3.642000 24 89 -105.93
3.642000 24 90 -129.76
3.642000 24 91 -104.53
3.642000 24 92 -115.03
3.642000 24 93 -161.34
3.642000 24 94 -208.00
3.642000 24 95 -210.49
3.642000 24 96 -174.41
3.642000 24 97 -132.03
3.642000 24 98 -94.15
3.642000 24 99 -81.85
3.642000 24 100 -65.06
3.642000 24 101 -49.71
3.642000 24 102 -61.10
3.642000 24 103 -77.25
3.642000 24 104 -94.21
3.642000 24 105 -108.86
3.642000 24 106 -60.06
3.642000 24 107 -13.07
3.642000 24 108 -4.21
3.642000 24 109 -37.95
3.642000 24 110 -44.97
3.642000 24 111 -28.19
3.642000 24 112 -5.03
3.642000 24 113 19.80
3.642000 24 114 -14.18
3.642000 24 115 -25.32
3.642000 24 116 -25.40
3.642000 24 117 -36.30
3.642000 24 118 -34.34
3.642000 24 119 -29.96
3.642000 24 120 -48.76
3.642000 24 121 -43.98
3.642000 24 122 -31.89
3.642000 24 123 -31.66
3.642000 24 124 -3.97
3.642000 24 125  3.00
3.642000 24 126 -5.25
3.642000 24 127 -5.65
3.642000 24 128 -12.54
3.642000 24 129 -15.20
3.642000 24 130 -44.13
3.642000 24 131 -21.74
3.642000 24 132 -21.60
3.642000 24 133 -46.36
3.642000 24 134 -13.61
3.642000 24 135 -5.94
3.642000 24 136 22.91
3.642000 24 137 55.75
3.642000 24 138 59.21
3.642000 24 139 66.76
3.642000 24 140 63.29
3.642000 24 141 51.83
3.642000 24 142 44.67
3.642000 24 143 22.24
3.642000 24 144 18.56
3.642000 24 145 33.89
3.642000 24 146 26.50
3.642000 24 147 -2.14
3.642000 24 148  0.45
3.642000 24 149 -4.24
3.642000 24 150 -15.53
3.642000 24 151 -39.23
3.642000 24 152 -62.59
3.642000 24 153 -78.49
3.642000 24 154 -85.25
3.642000 24 155 -79.75
3.642000 24 156 -59.70
3.642000 24 157 -24.52
3.642000 24 158 -21.64
3.642000 24 159 -35.95
3.642000 24 160 -65.92
3.642000 24 161 -108.35
3.642000 24 162 -132.64
3.642000 24 163 -124.23
3.642000 24 164 -87.68
3.642000 24 165 -62.24
3.642000 24 166 -33.02
3.642000 24 167 -1.35
3.642000 24 168 40.44
3.642000 24 169 65.64
3.642000 24 170 109.95
3.642000 24 171 126.76
3.642000 24 172 127.86
3.642000 24 173 110.44
3.642000 24 174 122.57
3.642000 24 175 134.18
3.642000 24 176 153.02
3.642000 24 177 129.94
3.642000 24 178 92.30
3.642000 24 179 68.37
3.642000 24 180 69.37
3.642000 24 181 82.56
3.642000 24 182 90.17
3.642000 24 183 94.30
3.642000 24 184 101.60
3.642000 24 185 93.83
3.642000 24 186 102.37
3.642000 24 187 117.27
3.642000 24 188 131.19
3.642000 24 189 134.45
3.642000 24 190 111.84
3.642000 24 191 105.36
3.642000 24 192 99.35
3.642000 24 193 99.44
3.642000 24 194 77.68
3.642000 24 195 92.55
3.642000 24 196 47.26
3.642000 24 197 21.31
3.642000 24 198 -3.64
3.642000 24 199 -6.78
