3.636000 24 0 6024.49
3.636000 24 1 4333.69
3.636000 24 2 3173.27
3.636000 24 3 2355.19
3.636000 24 4 1753.72
3.636000 24 5 1359.69
3.636000 24 6 1040.74
3.636000 24 7 758.70
3.636000 24 8 544.33
3.636000 24 9 367.44
3.636000 24 10 205.41
3.636000 24 11 122.85
3.636000 24 12 60.23
3.636000 24 13 -19.92
3.636000 24 14 -57.36
3.636000 24 15 -48.95
3.636000 24 16 -43.49
3.636000 24 17 -43.17
3.636000 24 18 -94.59
3.636000 24 19 -63.22
3.636000 24 20 -44.42
3.636000 24 21 -59.59
3.636000 24 22 -61.38
3.636000 24 23 -21.47
3.636000 24 24 -9.52
3.636000 24 25 -28.06
3.636000 24 26 -81.80
3.636000 24 27 -77.52
3.636000 24 28 -88.00
3.636000 24 29 -108.35
3.636000 24 30 -78.67
3.636000 24 31 -69.07
3.636000 24 32 -47.02
3.636000 24 33 -2.60
3.636000 24 34 51.38
3.636000 24 35 100.47
3.636000 24 36 118.58
3.636000 24 37 142.53
3.636000 24 38 118.54
3.636000 24 39 56.09
3.636000 24 40  9.49
3.636000 24 41 -30.04
3.636000 24 42 -61.95
3.636000 24 43 -100.51
3.636000 24 44 -102.66
3.636000 24 45 -88.83
3.636000 24 46 -47.03
3.636000 24 47 -44.53
3.636000 24 48 -102.80
3.636000 24 49 -147.05
3.636000 24 50 -121.71
3.636000 24 51 -166.45
3.636000 24 52 -221.19
3.636000 24 53 -234.97
3.636000 24 54 -212.66
3.636000 24 55 -205.91
3.636000 24 56 -192.79
3.636000 24 57 -194.04
3.636000 24 58 -178.73
3.636000 24 59 -165.71
3.636000 24 60 -111.37
3.636000 24 61 -100.69
3.636000 24 62 -115.74
3.636000 24 63 -139.82
3.636000 24 64 -167.86
3.636000 24 65 -163.72
3.636000 24 66 -173.01
3.636000 24 67 -170.14
3.636000 24 68 -203.94
3.636000 24 69 -251.17
3.636000 24 70 -292.47
3.636000 24 71 -275.29
3.636000 24 72 -257.83
3.636000 24 73 -264.18
3.636000 24 74 -206.67
3.636000 24 75 -191.39
3.636000 24 76 -168.60
3.636000 24 77 -194.48
3.636000 24 78 -196.78
3.636000 24 79 -194.26
3.636000 24 80 -160.58
3.636000 24 81 -124.09
3.636000 24 82 -44.84
3.636000 24 83 -29.33
3.636000 24 84  2.44
3.636000 24 85 37.93
3.636000 24 86 98.30
3.636000 24 87 152.10
3.636000 24 88 144.34
3.636000 24 89 91.17
3.636000 24 90 72.94
3.636000 24 91 76.74
3.636000 24 92 14.92
3.636000 24 93 -40.71
3.636000 24 94 -78.04
3.636000 24 95 -142.12
3.636000 24 96 -189.92
3.636000 24 97 -198.66
3.636000 24 98 -129.12
3.636000 24 99 -114.79
3.636000 24 100 -129.65
3.636000 24 101 -145.15
3.636000 24 102 -118.66
3.636000 24 103 -135.86
3.636000 24 104 -185.16
3.636000 24 105 -238.19
3.636000 24 106 -264.69
3.636000 24 107 -277.92
3.636000 24 108 -228.33
3.636000 24 109 -173.96
3.636000 24 110 -125.85
3.636000 24 111 -86.85
3.636000 24 112 -68.85
3.636000 24 113 -104.31
3.636000 24 114 -131.41
3.636000 24 115 -212.70
3.636000 24 116 -224.56
3.636000 24 117 -205.89
3.636000 24 118 -202.97
3.636000 24 119 -204.82
3.636000 24 120 -175.80
3.636000 24 121 -153.03
3.636000 24 122 -166.53
3.636000 24 123 -115.19
3.636000 24 124 -39.60
3.636000 24 125 13.52
3.636000 24 126 95.66
3.636000 24 127 157.73
3.636000 24 128 187.87
3.636000 24 129 200.92
3.636000 24 130 171.21
3.636000 24 131 97.37
3.636000 24 132 124.85
3.636000 24 133 158.46
3.636000 24 134 176.95
3.636000 24 135 198.89
3.636000 24 136 188.48
3.636000 24 137 150.22
3.636000 24 138 131.50
3.636000 24 139 100.63
3.636000 24 140 47.39
3.636000 24 141  2.71
3.636000 24 142 -53.99
3.636000 24 143 -75.24
3.636000 24 144 -147.30
3.636000 24 145 -187.43
3.636000 24 146 -227.80
3.636000 24 147 -280.53
3.636000 24 148 -284.00
3.636000 24 149 -257.42
3.636000 24 150 -213.67
3.636000 24 151 -149.09
3.636000 24 152 -118.24
3.636000 24 153 -85.46
3.636000 24 154 -85.68
3.636000 24 155 -86.66
3.636000 24 156 -68.77
3.636000 24 157 -38.81
3.636000 24 158 -62.12
3.636000 24 159 -131.78
3.636000 24 160 -165.38
3.636000 24 161 -185.01
3.636000 24 162 -197.26
3.636000 24 163 -165.05
3.636000 24 164 -111.60
3.636000 24 165 -97.49
3.636000 24 166 -88.66
3.636000 24 167 -68.77
3.636000 24 168 -23.87
3.636000 24 169 -34.10
3.636000 24 170 -58.19
3.636000 24 171 -56.88
3.636000 24 172 -50.96
3.636000 24 173 -8.48
3.636000 24 174 78.93
3.636000 24 175 127.44
3.636000 24 176 151.56
3.636000 24 177 136.95
3.636000 24 178 61.23
3.636000 24 179 37.27
3.636000 24 180 47.70
3.636000 24 181 117.09
3.636000 24 182 106.77
3.636000 24 183 46.84
3.636000 24 184 27.08
3.636000 24 185 45.10
3.636000 24 186 56.38
3.636000 24 187 85.03
3.636000 24 188 103.13
3.636000 24 189 92.11
3.636000 24 190 96.30
3.636000 24 191 97.16
3.636000 24 192 86.58
3.636000 24 193 90.36
3.636000 24 194 64.24
3.636000 24 195 -1.55
3.636000 24 196 -43.88
3.636000 24 197 -110.77
3.636000 24 198 -135.49
3.636000 24 199 -108.86
