3.420000 64 0 24383.59
3.420000 64 1 12372.12
3.420000 64 2 6331.11
3.420000 64 3 3058.61
3.420000 64 4 1515.00
3.420000 64 5 861.91
3.420000 64 6 155.47
3.420000 64 7 -260.56
3.420000 64 8 -457.31
3.420000 64 9 -397.66
3.420000 64 10 -386.15
3.420000 64 11 -576.45
3.420000 64 12 -188.57
3.420000 64 13 51.01
3.420000 64 14 477.69
3.420000 64 15 578.78
3.420000 64 16 473.85
3.420000 64 17 328.43
3.420000 64 18 560.18
3.420000 64 19 586.90
3.420000 64 20 651.48
3.420000 64 21 288.21
3.420000 64 22 340.76
3.420000 64 23 429.56
3.420000 64 24 473.35
3.420000 64 25 832.26
3.420000 64 26 354.42
3.420000 64 27 171.92
3.420000 64 28 208.30
3.420000 64 29 633.01
3.420000 64 30 939.31
3.420000 64 31 1155.72
3.420000 64 32 1301.65
3.420000 64 33 1156.25
3.420000 64 34 1083.40
3.420000 64 35 1090.17
3.420000 64 36 1026.07
3.420000 64 37 974.51
3.420000 64 38 900.42
3.420000 64 39 951.57
3.420000 64 40 1143.62
3.420000 64 41 1097.58
3.420000 64 42 1042.46
3.420000 64 43 1041.72
3.420000 64 44 849.50
3.420000 64 45 570.49
3.420000 64 46 248.19
3.420000 64 47 -64.48
3.420000 64 48 -227.13
3.420000 64 49 -90.44
3.420000 64 50 -65.40
3.420000 64 51 -251.39
3.420000 64 52 -8.47
3.420000 64 53 -236.08
3.420000 64 54 53.37
3.420000 64 55 -55.56
3.420000 64 56 -303.86
3.420000 64 57 -758.14
3.420000 64 58 -844.46
3.420000 64 59 -879.13
3.420000 64 60 -770.03
3.420000 64 61 -560.74
3.420000 64 62 -847.38
3.420000 64 63 -1284.80
3.420000 64 64 -1509.92
3.420000 64 65 -1862.85
3.420000 64 66 -1823.51
3.420000 64 67 -1893.87
3.420000 64 68 -2174.16
3.420000 64 69 -2136.40
3.420000 64 70 -1990.31
3.420000 64 71 -2230.64
3.420000 64 72 -2706.19
3.420000 64 73 -2248.00
3.420000 64 74 -2284.61
3.420000 64 75 -2261.37
3.420000 64 76 -2288.02
3.420000 64 77 -2378.78
3.420000 64 78 -2460.83
3.420000 64 79 -2571.59
3.420000 64 80 -2900.92
3.420000 64 81 -2941.12
3.420000 64 82 -3124.35
3.420000 64 83 -3106.23
3.420000 64 84 -2709.07
3.420000 64 85 -2186.40
3.420000 64 86 -1961.89
3.420000 64 87 -1977.72
3.420000 64 88 -2089.08
3.420000 64 89 -2121.34
3.420000 64 90 -2270.86
3.420000 64 91 -2177.00
3.420000 64 92 -2341.20
3.420000 64 93 -2569.65
3.420000 64 94 -2407.33
3.420000 64 95 -2302.71
3.420000 64 96 -2281.62
3.420000 64 97 -2185.19
3.420000 64 98 -1818.34
3.420000 64 99 -1325.61
3.420000 64 100 -972.66
3.420000 64 101 -1022.27
3.420000 64 102 -809.36
3.420000 64 103 -928.90
3.420000 64 104 -710.74
3.420000 64 105 -940.33
3.420000 64 106 -1467.14
3.420000 64 107 -1793.52
3.420000 64 108 -1987.24
3.420000 64 109 -1741.77
3.420000 64 110 -1665.24
3.420000 64 111 -1743.12
3.420000 64 112 -1841.30
3.420000 64 113 -1644.14
3.420000 64 114 -1209.91
3.420000 64 115 -1493.23
3.420000 64 116 -1857.06
3.420000 64 117 -2278.69
3.420000 64 118 -2060.40
3.420000 64 119 -2173.01
3.420000 64 120 -2132.10
3.420000 64 121 -2366.60
3.420000 64 122 -2425.33
3.420000 64 123 -2565.62
3.420000 64 124 -2697.16
3.420000 64 125 -2575.97
3.420000 64 126 -2693.55
3.420000 64 127 -2538.82
3.420000 64 128 -2437.54
3.420000 64 129 -2351.87
3.420000 64 130 -2099.69
3.420000 64 131 -2294.61
3.420000 64 132 -2132.08
3.420000 64 133 -1925.85
3.420000 64 134 -1921.22
3.420000 64 135 -2232.26
3.420000 64 136 -2649.69
3.420000 64 137 -3358.91
3.420000 64 138 -3534.24
3.420000 64 139 -3339.79
3.420000 64 140 -3443.44
3.420000 64 141 -3633.62
3.420000 64 142 -3435.65
3.420000 64 143 -3279.88
3.420000 64 144 -3061.53
3.420000 64 145 -2977.79
3.420000 64 146 -2978.45
3.420000 64 147 -3212.56
3.420000 64 148 -3481.36
3.420000 64 149 -3519.64
3.420000 64 150 -3495.25
3.420000 64 151 -3309.33
3.420000 64 152 -3561.49
3.420000 64 153 -3437.46
3.420000 64 154 -3386.16
3.420000 64 155 -3904.13
3.420000 64 156 -3617.68
3.420000 64 157 -3782.41
3.420000 64 158 -3566.18
3.420000 64 159 -3398.04
3.420000 64 160 -3393.78
3.420000 64 161 -3617.14
3.420000 64 162 -4068.29
3.420000 64 163 -4817.07
3.420000 64 164 -4774.19
3.420000 64 165 -4637.24
3.420000 64 166 -4274.29
3.420000 64 167 -4345.97
3.420000 64 168 -3933.31
3.420000 64 169 -3690.12
3.420000 64 170 -3653.74
3.420000 64 171 -3588.82
3.420000 64 172 -3483.87
3.420000 64 173 -3721.39
3.420000 64 174 -3623.74
3.420000 64 175 -3397.94
3.420000 64 176 -3531.50
3.420000 64 177 -3396.60
3.420000 64 178 -3180.59
3.420000 64 179 -3273.84
3.420000 64 180 -3032.88
3.420000 64 181 -3233.23
3.420000 64 182 -3497.51
3.420000 64 183 -3179.25
3.420000 64 184 -2898.42
3.420000 64 185 -2882.00
3.420000 64 186 -3021.23
3.420000 64 187 -2766.74
3.420000 64 188 -2636.61
3.420000 64 189 -2842.93
3.420000 64 190 -2956.39
3.420000 64 191 -2893.29
3.420000 64 192 -2631.01
3.420000 64 193 -2657.31
3.420000 64 194 -3258.40
3.420000 64 195 -3600.33
3.420000 64 196 -3609.73
3.420000 64 197 -3872.19
3.420000 64 198 -3869.65
3.420000 64 199 -3900.14
