2.700000 32 0 4440.07
2.700000 32 1 2272.58
2.700000 32 2 1269.66
2.700000 32 3 754.51
2.700000 32 4 460.30
2.700000 32 5 294.10
2.700000 32 6 193.28
2.700000 32 7 122.29
2.700000 32 8 79.78
2.700000 32 9 53.82
2.700000 32 10 35.25
2.700000 32 11 31.10
2.700000 32 12 27.31
2.700000 32 13 20.54
2.700000 32 14 11.34
2.700000 32 15  8.99
2.700000 32 16  7.93
2.700000 32 17 10.89
2.700000 32 18  9.11
2.700000 32 19  9.64
2.700000 32 20  8.12
2.700000 32 21  6.26
2.700000 32 22  1.07
2.700000 32 23 -3.77
2.700000 32 24 -6.33
2.700000 32 25 -2.42
2.700000 32 26  0.00
2.700000 32 27 -6.23
2.700000 32 28 -9.69
2.700000 32 29 -7.94
2.700000 32 30 -4.24
2.700000 32 31 -4.18
2.700000 32 32 -11.40
2.700000 32 33 -17.17
2.700000 32 34 -8.94
2.700000 32 35 -1.47
2.700000 32 36  3.74
2.700000 32 37  7.18
2.700000 32 38  1.54
2.700000 32 39 -1.06
2.700000 32 40 -5.45
2.700000 32 41 -6.46
2.700000 32 42 -6.84
2.700000 32 43 -5.29
2.700000 32 44 -10.03
2.700000 32 45  0.48
2.700000 32 46  4.00
2.700000 32 47  1.67
2.700000 32 48  4.05
2.700000 32 49  1.70
2.700000 32 50  2.61
2.700000 32 51 -9.03
2.700000 32 52 -15.41
2.700000 32 53 -9.37
2.700000 32 54 -6.67
2.700000 32 55 -11.24
2.700000 32 56 -14.23
2.700000 32 57 -13.80
2.700000 32 58 -10.18
2.700000 32 59 -9.15
2.700000 32 60 -14.00
2.700000 32 61 -12.10
2.700000 32 62 -11.00
2.700000 32 63 -3.57
2.700000 32 64 -2.39
2.700000 32 65 -14.81
2.700000 32 66 -14.02
2.700000 32 67 -14.15
2.700000 32 68 -5.77
2.700000 32 69 -0.12
2.700000 32 70 -1.61
2.700000 32 71 -6.14
2.700000 32 72 -10.94
2.700000 32 73 -5.26
2.700000 32 74 -4.15
2.700000 32 75  1.05
2.700000 32 76  2.23
2.700000 32 77  2.16
2.700000 32 78  2.32
2.700000 32 79  7.88
2.700000 32 80  8.72
2.700000 32 81  5.68
2.700000 32 82  9.70
2.700000 32 83  5.47
2.700000 32 84 -5.97
2.700000 32 85 -5.17
2.700000 32 86 -6.31
2.700000 32 87 -13.87
2.700000 32 88 -14.89
2.700000 32 89 -17.54
2.700000 32 90 -14.29
2.700000 32 91 -12.03
2.700000 32 92 -7.86
2.700000 32 93  1.73
2.700000 32 94  8.52
2.700000 32 95 13.03
2.700000 32 96 10.08
2.700000 32 97  7.43
2.700000 32 98 -2.21
2.700000 32 99 -5.33
2.700000 32 100 -1.43
2.700000 32 101 -1.36
2.700000 32 102  3.36
2.700000 32 103  2.28
2.700000 32 104  4.34
2.700000 32 105  4.15
2.700000 32 106 -5.06
2.700000 32 107 -8.24
2.700000 32 108 -7.92
2.700000 32 109 -5.83
2.700000 32 110 -0.46
2.700000 32 111  1.67
2.700000 32 112  1.37
2.700000 32 113  1.51
2.700000 32 114  0.75
2.700000 32 115 -5.14
2.700000 32 116 -1.47
2.700000 32 117  0.39
2.700000 32 118  4.43
2.700000 32 119 -0.03
2.700000 32 120 -5.98
2.700000 32 121 -10.42
2.700000 32 122 -12.39
2.700000 32 123 -2.81
2.700000 32 124  6.51
2.700000 32 125  9.24
2.700000 32 126 11.02
2.700000 32 127 12.64
2.700000 32 128  7.38
2.700000 32 129  4.46
2.700000 32 130 -2.24
2.700000 32 131  0.03
2.700000 32 132  2.75
2.700000 32 133  6.17
2.700000 32 134 10.01
2.700000 32 135 -0.70
2.700000 32 136  0.77
2.700000 32 137  0.30
2.700000 32 138 -0.09
2.700000 32 139 -2.63
2.700000 32 140  1.11
2.700000 32 141 -4.04
2.700000 32 142 -3.09
2.700000 32 143  7.18
2.700000 32 144  6.83
2.700000 32 145  3.60
2.700000 32 146 -0.68
2.700000 32 147 -3.27
2.700000 32 148  1.06
2.700000 32 149  2.17
2.700000 32 150  0.17
2.700000 32 151  8.78
2.700000 32 152 13.22
2.700000 32 153 16.33
2.700000 32 154  9.02
2.700000 32 155  4.92
2.700000 32 156  2.86
2.700000 32 157  3.31
2.700000 32 158 -1.18
2.700000 32 159  6.44
2.700000 32 160  0.69
2.700000 32 161 -1.98
2.700000 32 162 -3.12
2.700000 32 163  0.40
2.700000 32 164 -1.79
2.700000 32 165 -2.09
2.700000 32 166  0.76
2.700000 32 167 -3.40
2.700000 32 168 -10.11
2.700000 32 169 -10.72
2.700000 32 170 -11.43
2.700000 32 171 -8.50
2.700000 32 172 -7.36
2.700000 32 173 -6.95
2.700000 32 174 -3.98
2.700000 32 175 -6.15
2.700000 32 176 -2.91
2.700000 32 177 -2.62
2.700000 32 178 -4.87
2.700000 32 179 -7.02
2.700000 32 180 -12.25
2.700000 32 181 -13.14
2.700000 32 182 -9.36
2.700000 32 183 -6.69
2.700000 32 184 -10.25
2.700000 32 185 -11.81
2.700000 32 186 -7.46
2.700000 32 187 -3.23
2.700000 32 188  4.28
2.700000 32 189  8.88
2.700000 32 190  6.95
2.700000 32 191  4.75
2.700000 32 192  5.65
2.700000 32 193  8.32
2.700000 32 194 12.84
2.700000 32 195  8.48
2.700000 32 196  5.06
2.700000 32 197  6.45
2.700000 32 198  7.98
2.700000 32 199  2.98
