2.300000 32 0 10229.55
2.300000 32 1 7928.01
2.300000 32 2 6728.02
2.300000 32 3 5967.95
2.300000 32 4 5440.20
2.300000 32 5 5041.43
2.300000 32 6 4718.45
2.300000 32 7 4452.54
2.300000 32 8 4222.84
2.300000 32 9 4028.58
2.300000 32 10 3857.75
2.300000 32 11 3703.22
2.300000 32 12 3557.14
2.300000 32 13 3427.32
2.300000 32 14 3305.36
2.300000 32 15 3193.78
2.300000 32 16 3078.10
2.300000 32 17 2974.17
2.300000 32 18 2879.53
2.300000 32 19 2798.86
2.300000 32 20 2715.78
2.300000 32 21 2631.21
2.300000 32 22 2556.76
2.300000 32 23 2480.96
2.300000 32 24 2421.02
2.300000 32 25 2354.89
2.300000 32 26 2290.53
2.300000 32 27 2235.82
2.300000 32 28 2183.78
2.300000 32 29 2125.93
2.300000 32 30 2074.31
2.300000 32 31 2020.85
2.300000 32 32 1966.93
2.300000 32 33 1912.35
2.300000 32 34 1847.16
2.300000 32 35 1795.32
2.300000 32 36 1749.16
2.300000 32 37 1700.10
2.300000 32 38 1657.90
2.300000 32 39 1621.60
2.300000 32 40 1577.98
2.300000 32 41 1539.94
2.300000 32 42 1508.09
2.300000 32 43 1472.21
2.300000 32 44 1439.49
2.300000 32 45 1402.20
2.300000 32 46 1366.46
2.300000 32 47 1329.55
2.300000 32 48 1300.97
2.300000 32 49 1278.11
2.300000 32 50 1254.44
2.300000 32 51 1233.31
2.300000 32 52 1206.73
2.300000 32 53 1172.39
2.300000 32 54 1138.70
2.300000 32 55 1113.38
2.300000 32 56 1094.72
2.300000 32 57 1071.23
2.300000 32 58 1044.97
2.300000 32 59 1018.22
2.300000 32 60 993.81
2.300000 32 61 969.27
2.300000 32 62 944.65
2.300000 32 63 924.29
2.300000 32 64 907.00
2.300000 32 65 884.59
2.300000 32 66 858.56
2.300000 32 67 824.97
2.300000 32 68 796.77
2.300000 32 69 780.65
2.300000 32 70 764.28
2.300000 32 71 753.20
2.300000 32 72 741.37
2.300000 32 73 722.74
2.300000 32 74 703.51
2.300000 32 75 691.11
2.300000 32 76 669.04
2.300000 32 77 652.31
2.300000 32 78 631.97
2.300000 32 79 610.72
2.300000 32 80 594.49
2.300000 32 81 572.38
2.300000 32 82 556.65
2.300000 32 83 553.57
2.300000 32 84 538.71
2.300000 32 85 529.26
2.300000 32 86 513.19
2.300000 32 87 500.12
2.300000 32 88 488.82
2.300000 32 89 471.51
2.300000 32 90 455.20
2.300000 32 91 451.42
2.300000 32 92 444.53
2.300000 32 93 439.82
2.300000 32 94 428.98
2.300000 32 95 420.87
2.300000 32 96 409.09
2.300000 32 97 400.68
2.300000 32 98 381.92
2.300000 32 99 374.51
2.300000 32 100 367.41
2.300000 32 101 361.18
2.300000 32 102 349.94
2.300000 32 103 351.38
2.300000 32 104 343.40
2.300000 32 105 343.38
2.300000 32 106 340.80
2.300000 32 107 337.30
2.300000 32 108 333.17
2.300000 32 109 329.03
2.300000 32 110 319.70
2.300000 32 111 314.95
2.300000 32 112 311.11
2.300000 32 113 302.51
2.300000 32 114 293.66
2.300000 32 115 287.48
2.300000 32 116 283.25
2.300000 32 117 287.71
2.300000 32 118 282.48
2.300000 32 119 270.30
2.300000 32 120 264.42
2.300000 32 121 253.67
2.300000 32 122 251.95
2.300000 32 123 245.04
2.300000 32 124 244.29
2.300000 32 125 248.48
2.300000 32 126 244.16
2.300000 32 127 238.68
2.300000 32 128 232.59
2.300000 32 129 225.39
2.300000 32 130 218.12
2.300000 32 131 218.29
2.300000 32 132 214.75
2.300000 32 133 205.84
2.300000 32 134 201.92
2.300000 32 135 202.15
2.300000 32 136 195.69
2.300000 32 137 180.60
2.300000 32 138 171.24
2.300000 32 139 164.55
2.300000 32 140 157.50
2.300000 32 141 148.90
2.300000 32 142 149.15
2.300000 32 143 152.41
2.300000 32 144 147.51
2.300000 32 145 139.94
2.300000 32 146 134.50
2.300000 32 147 134.64
2.300000 32 148 131.30
2.300000 32 149 135.60
2.300000 32 150 132.71
2.300000 32 151 126.62
2.300000 32 152 122.78
2.300000 32 153 127.56
2.300000 32 154 126.41
2.300000 32 155 123.20
2.300000 32 156 119.26
2.300000 32 157 116.40
2.300000 32 158 110.26
2.300000 32 159 111.85
2.300000 32 160 111.37
2.300000 32 161 113.02
2.300000 32 162 102.76
2.300000 32 163 97.82
2.300000 32 164 89.60
2.300000 32 165 88.03
2.300000 32 166 81.37
2.300000 32 167 90.15
2.300000 32 168 89.28
2.300000 32 169 89.12
2.300000 32 170 80.28
2.300000 32 171 76.63
2.300000 32 172 71.94
2.300000 32 173 71.25
2.300000 32 174 69.81
2.300000 32 175 76.92
2.300000 32 176 73.84
2.300000 32 177 76.06
2.300000 32 178 70.91
2.300000 32 179 76.04
2.300000 32 180 72.60
2.300000 32 181 74.95
2.300000 32 182 75.63
2.300000 32 183 80.68
2.300000 32 184 79.38
2.300000 32 185 75.44
2.300000 32 186 73.44
2.300000 32 187 72.03
2.300000 32 188 69.60
2.300000 32 189 72.66
2.300000 32 190 66.00
2.300000 32 191 76.48
2.300000 32 192 77.64
2.300000 32 193 72.24
2.300000 32 194 72.43
2.300000 32 195 84.27
2.300000 32 196 84.10
2.300000 32 197 78.79
2.300000 32 198 81.20
2.300000 32 199 85.53
