2.800000 32 0 4138.91
2.800000 32 1 1999.28
2.800000 32 2 1045.50
2.800000 32 3 580.49
2.800000 32 4 339.40
2.800000 32 5 203.84
2.800000 32 6 130.66
2.800000 32 7 84.09
2.800000 32 8 54.70
2.800000 32 9 34.94
2.800000 32 10 24.99
2.800000 32 11 20.23
2.800000 32 12 10.98
2.800000 32 13 10.51
2.800000 32 14 11.18
2.800000 32 15  9.98
2.800000 32 16 11.03
2.800000 32 17 11.08
2.800000 32 18  4.53
2.800000 32 19 -0.72
2.800000 32 20 -2.01
2.800000 32 21 -8.51
2.800000 32 22 -6.90
2.800000 32 23  4.71
2.800000 32 24 11.78
2.800000 32 25  4.29
2.800000 32 26 -5.70
2.800000 32 27 -7.67
2.800000 32 28 -8.90
2.800000 32 29 -11.90
2.800000 32 30 -5.93
2.800000 32 31 -10.75
2.800000 32 32 -5.07
2.800000 32 33 -1.58
2.800000 32 34  1.64
2.800000 32 35 10.78
2.800000 32 36  7.59
2.800000 32 37  3.36
2.800000 32 38  8.32
2.800000 32 39  6.42
2.800000 32 40  1.10
2.800000 32 41  6.43
2.800000 32 42 -3.67
2.800000 32 43 -4.75
2.800000 32 44 -5.16
2.800000 32 45 -4.13
2.800000 32 46 -4.21
2.800000 32 47 -9.42
2.800000 32 48 -8.14
2.800000 32 49 -9.33
2.800000 32 50 -5.82
2.800000 32 51 -2.39
2.800000 32 52 -1.99
2.800000 32 53 -1.51
2.800000 32 54 -0.06
2.800000 32 55 -0.28
2.800000 32 56  5.02
2.800000 32 57  4.51
2.800000 32 58  3.82
2.800000 32 59 -4.11
2.800000 32 60 -3.12
2.800000 32 61 -7.96
2.800000 32 62 -5.13
2.800000 32 63 -0.96
2.800000 32 64  7.48
2.800000 32 65 -1.90
2.800000 32 66 -3.35
2.800000 32 67  2.23
2.800000 32 68  9.87
2.800000 32 69  7.23
2.800000 32 70 13.36
2.800000 32 71  8.72
2.800000 32 72  7.81
2.800000 32 73  7.53
2.800000 32 74 11.13
2.800000 32 75  8.01
2.800000 32 76  5.82
2.800000 32 77  2.53
2.800000 32 78 -10.65
2.800000 32 79 -14.63
2.800000 32 80 -4.77
2.800000 32 81 -3.82
2.800000 32 82 -7.30
2.800000 32 83 -15.65
2.800000 32 84 -10.67
2.800000 32 85 -5.43
2.800000 32 86 -2.38
2.800000 32 87 -3.12
2.800000 32 88 -9.07
2.800000 32 89 -13.93
2.800000 32 90 -6.55
2.800000 32 91 -7.29
2.800000 32 92 -8.79
2.800000 32 93 -1.50
2.800000 32 94  1.23
2.800000 32 95 -0.17
2.800000 32 96 -4.31
2.800000 32 97 -1.82
2.800000 32 98 -2.51
2.800000 32 99  3.88
2.800000 32 100 -3.00
2.800000 32 101 -0.63
2.800000 32 102 -1.44
2.800000 32 103 -3.40
2.800000 32 104 -5.68
2.800000 32 105 -7.08
2.800000 32 106 -7.17
2.800000 32 107 -5.78
2.800000 32 108  2.16
2.800000 32 109  2.12
2.800000 32 110  8.79
2.800000 32 111  7.55
2.800000 32 112  7.36
2.800000 32 113 -0.71
2.800000 32 114 -2.28
2.800000 32 115 -7.06
2.800000 32 116 -0.61
2.800000 32 117 -1.79
2.800000 32 118 -2.20
2.800000 32 119  0.49
2.800000 32 120 -2.83
2.800000 32 121  0.59
2.800000 32 122 -4.26
2.800000 32 123 -11.21
2.800000 32 124 -5.60
2.800000 32 125 -3.98
2.800000 32 126 -0.55
2.800000 32 127  1.15
2.800000 32 128  5.53
2.800000 32 129  7.24
2.800000 32 130  5.56
2.800000 32 131  3.27
2.800000 32 132  7.74
2.800000 32 133  4.47
2.800000 32 134  6.15
2.800000 32 135  3.48
2.800000 32 136  6.12
2.800000 32 137  5.60
2.800000 32 138  2.10
2.800000 32 139  2.20
2.800000 32 140 -2.09
2.800000 32 141  1.54
2.800000 32 142  7.06
2.800000 32 143  6.83
2.800000 32 144  7.42
2.800000 32 145  7.64
2.800000 32 146  6.97
2.800000 32 147  7.42
2.800000 32 148 11.19
2.800000 32 149 13.10
2.800000 32 150  9.99
2.800000 32 151  0.45
2.800000 32 152 -1.29
2.800000 32 153 -4.09
2.800000 32 154 -4.88
2.800000 32 155 -5.80
2.800000 32 156 -2.51
2.800000 32 157  5.35
2.800000 32 158 10.61
2.800000 32 159 -4.05
2.800000 32 160 -11.92
2.800000 32 161 -9.68
2.800000 32 162 -6.98
2.800000 32 163 -8.12
2.800000 32 164 -7.69
2.800000 32 165 -6.65
2.800000 32 166 -8.41
2.800000 32 167 -1.17
2.800000 32 168  1.75
2.800000 32 169 -2.89
2.800000 32 170 -5.34
2.800000 32 171 -4.58
2.800000 32 172 -2.02
2.800000 32 173 -6.09
2.800000 32 174 -13.62
2.800000 32 175 -18.25
2.800000 32 176 -16.16
2.800000 32 177 -12.20
2.800000 32 178 -8.46
2.800000 32 179 -11.11
2.800000 32 180 -13.97
2.800000 32 181 -10.05
2.800000 32 182 -3.52
2.800000 32 183 -8.53
2.800000 32 184 -5.45
2.800000 32 185 -3.12
2.800000 32 186  0.59
2.800000 32 187 -0.38
2.800000 32 188  3.32
2.800000 32 189 10.25
2.800000 32 190  8.81
2.800000 32 191  3.98
2.800000 32 192 -0.57
2.800000 32 193 -0.70
2.800000 32 194 -1.39
2.800000 32 195  3.95
2.800000 32 196  5.14
2.800000 32 197  5.42
2.800000 32 198  4.41
2.800000 32 199  6.86
