2.600000 32 0 4920.97
2.600000 32 1 2735.14
2.600000 32 2 1673.31
2.600000 32 3 1093.94
2.600000 32 4 745.23
2.600000 32 5 522.02
2.600000 32 6 381.65
2.600000 32 7 282.30
2.600000 32 8 214.64
2.600000 32 9 168.64
2.600000 32 10 135.23
2.600000 32 11 106.47
2.600000 32 12 88.05
2.600000 32 13 67.77
2.600000 32 14 51.36
2.600000 32 15 40.93
2.600000 32 16 41.49
2.600000 32 17 29.71
2.600000 32 18 20.50
2.600000 32 19  8.76
2.600000 32 20  9.87
2.600000 32 21  8.67
2.600000 32 22  3.55
2.600000 32 23  5.63
2.600000 32 24  0.33
2.600000 32 25 -4.91
2.600000 32 26 -4.89
2.600000 32 27 -9.73
2.600000 32 28 -14.47
2.600000 32 29 -12.85
2.600000 32 30 -12.58
2.600000 32 31 -4.26
2.600000 32 32 -3.36
2.600000 32 33 -11.44
2.600000 32 34  2.37
2.600000 32 35  5.41
2.600000 32 36 12.03
2.600000 32 37  8.19
2.600000 32 38  4.06
2.600000 32 39  2.19
2.600000 32 40  1.31
2.600000 32 41 -2.58
2.600000 32 42  0.06
2.600000 32 43  8.81
2.600000 32 44 11.39
2.600000 32 45 10.06
2.600000 32 46 15.06
2.600000 32 47  8.31
2.600000 32 48  7.39
2.600000 32 49  0.04
2.600000 32 50 -1.32
2.600000 32 51 -4.83
2.600000 32 52 -9.06
2.600000 32 53 -2.19
2.600000 32 54  4.52
2.600000 32 55  8.56
2.600000 32 56 10.76
2.600000 32 57 11.15
2.600000 32 58 12.99
2.600000 32 59 16.01
2.600000 32 60 17.15
2.600000 32 61 12.08
2.600000 32 62 12.90
2.600000 32 63  9.12
2.600000 32 64  7.17
2.600000 32 65  4.35
2.600000 32 66  2.09
2.600000 32 67 -0.04
2.600000 32 68  7.60
2.600000 32 69  4.13
2.600000 32 70  2.49
2.600000 32 71  0.89
2.600000 32 72  5.68
2.600000 32 73  7.79
2.600000 32 74 13.75
2.600000 32 75 15.38
2.600000 32 76 12.59
2.600000 32 77  7.28
2.600000 32 78  5.36
2.600000 32 79 -0.87
2.600000 32 80 -8.78
2.600000 32 81 -12.89
2.600000 32 82 -10.16
2.600000 32 83 -2.99
2.600000 32 84  0.28
2.600000 32 85 -3.93
2.600000 32 86  0.97
2.600000 32 87  6.48
2.600000 32 88 14.49
2.600000 32 89  8.72
2.600000 32 90  8.42
2.600000 32 91  4.09
2.600000 32 92  5.24
2.600000 32 93  4.88
2.600000 32 94  8.21
2.600000 32 95  9.10
2.600000 32 96  7.93
2.600000 32 97  1.74
2.600000 32 98 -1.96
2.600000 32 99  1.75
2.600000 32 100  5.02
2.600000 32 101 11.01
2.600000 32 102  9.32
2.600000 32 103  2.27
2.600000 32 104 -0.34
2.600000 32 105 -3.69
2.600000 32 106 -9.29
2.600000 32 107 -11.71
2.600000 32 108 -4.30
2.600000 32 109 -9.33
2.600000 32 110 -10.31
2.600000 32 111 -10.59
2.600000 32 112 -17.93
2.600000 32 113 -15.55
2.600000 32 114 -11.68
2.600000 32 115 -4.85
2.600000 32 116 -1.14
2.600000 32 117 -2.93
2.600000 32 118 -7.94
2.600000 32 119 -4.56
2.600000 32 120  2.22
2.600000 32 121 -2.07
2.600000 32 122 -5.79
2.600000 32 123 -2.32
2.600000 32 124 -0.54
2.600000 32 125 -2.87
2.600000 32 126  4.18
2.600000 32 127  4.16
2.600000 32 128 -1.35
2.600000 32 129 -7.95
2.600000 32 130 -0.28
2.600000 32 131  6.11
2.600000 32 132 -0.97
2.600000 32 133  1.06
2.600000 32 134  0.28
2.600000 32 135 -4.34
2.600000 32 136 -6.13
2.600000 32 137 -7.99
2.600000 32 138 -5.30
2.600000 32 139 -4.71
2.600000 32 140 -1.86
2.600000 32 141 -1.46
2.600000 32 142 -1.32
2.600000 32 143  0.23
2.600000 32 144 -2.81
2.600000 32 145 -2.71
2.600000 32 146 -2.62
2.600000 32 147  2.86
2.600000 32 148  8.04
2.600000 32 149  2.32
2.600000 32 150 -4.96
2.600000 32 151 -14.35
2.600000 32 152 -5.28
2.600000 32 153 -0.03
2.600000 32 154 -10.09
2.600000 32 155 -12.11
2.600000 32 156 -7.55
2.600000 32 157 -0.69
2.600000 32 158 -6.89
2.600000 32 159 -17.02
2.600000 32 160 -19.22
2.600000 32 161 -17.55
2.600000 32 162 -17.29
2.600000 32 163 -14.92
2.600000 32 164 -12.09
2.600000 32 165 -16.47
2.600000 32 166 -8.05
2.600000 32 167 -10.32
2.600000 32 168 -9.58
2.600000 32 169 -4.16
2.600000 32 170 -8.52
2.600000 32 171 -9.78
2.600000 32 172 -16.72
2.600000 32 173 -13.01
2.600000 32 174 -6.26
2.600000 32 175 -13.11
2.600000 32 176 -11.10
2.600000 32 177 -12.27
2.600000 32 178 -12.04
2.600000 32 179 -3.24
2.600000 32 180 -0.04
2.600000 32 181 -0.72
2.600000 32 182 -8.13
2.600000 32 183 -15.53
2.600000 32 184 -11.98
2.600000 32 185 -4.03
2.600000 32 186 -4.00
2.600000 32 187 -7.61
2.600000 32 188 -9.39
2.600000 32 189 -14.33
2.600000 32 190 -15.71
2.600000 32 191 -21.38
2.600000 32 192 -22.21
2.600000 32 193 -14.58
2.600000 32 194 -11.93
2.600000 32 195 -15.37
2.600000 32 196 -13.84
2.600000 32 197 -16.79
2.600000 32 198 -11.10
2.600000 32 199 -11.85
