2.500000 32 0 5645.80
2.500000 32 1 3454.03
2.500000 32 2 2360.80
2.500000 32 3 1731.29
2.500000 32 4 1327.31
2.500000 32 5 1050.95
2.500000 32 6 855.24
2.500000 32 7 711.48
2.500000 32 8 593.48
2.500000 32 9 504.47
2.500000 32 10 429.34
2.500000 32 11 375.51
2.500000 32 12 327.73
2.500000 32 13 289.51
2.500000 32 14 255.17
2.500000 32 15 227.21
2.500000 32 16 198.47
2.500000 32 17 171.05
2.500000 32 18 145.66
2.500000 32 19 125.07
2.500000 32 20 110.77
2.500000 32 21 103.93
2.500000 32 22 95.17
2.500000 32 23 83.51
2.500000 32 24 74.64
2.500000 32 25 71.53
2.500000 32 26 61.22
2.500000 32 27 50.09
2.500000 32 28 39.02
2.500000 32 29 36.71
2.500000 32 30 38.45
2.500000 32 31 34.17
2.500000 32 32 26.73
2.500000 32 33 18.34
2.500000 32 34 10.65
2.500000 32 35  4.63
2.500000 32 36  1.47
2.500000 32 37  7.46
2.500000 32 38  7.01
2.500000 32 39  8.58
2.500000 32 40  2.97
2.500000 32 41 -0.66
2.500000 32 42 -2.65
2.500000 32 43 -6.54
2.500000 32 44 -5.64
2.500000 32 45 -15.66
2.500000 32 46 -24.04
2.500000 32 47 -20.99
2.500000 32 48 -20.87
2.500000 32 49 -6.85
2.500000 32 50 -1.48
2.500000 32 51 -5.33
2.500000 32 52 -4.01
2.500000 32 53 -5.58
2.500000 32 54 -8.64
2.500000 32 55 -14.60
2.500000 32 56 -5.50
2.500000 32 57  5.87
2.500000 32 58 12.02
2.500000 32 59 16.21
2.500000 32 60 22.45
2.500000 32 61 19.08
2.500000 32 62 20.23
2.500000 32 63 15.88
2.500000 32 64 15.59
2.500000 32 65 14.91
2.500000 32 66 11.51
2.500000 32 67  8.87
2.500000 32 68 11.16
2.500000 32 69  7.60
2.500000 32 70 -2.77
2.500000 32 71 -1.35
2.500000 32 72 -2.69
2.500000 32 73 -1.57
2.500000 32 74 -4.81
2.500000 32 75 -10.35
2.500000 32 76 -10.78
2.500000 32 77 -10.34
2.500000 32 78 -10.59
2.500000 32 79 -14.35
2.500000 32 80 -13.18
2.500000 32 81 -13.53
2.500000 32 82 -13.46
2.500000 32 83 -17.63
2.500000 32 84 -13.39
2.500000 32 85 -8.16
2.500000 32 86 -3.56
2.500000 32 87  1.31
2.500000 32 88 -1.44
2.500000 32 89 -8.37
2.500000 32 90 -17.20
2.500000 32 91 -21.00
2.500000 32 92 -24.00
2.500000 32 93 -17.84
2.500000 32 94 -23.08
2.500000 32 95 -22.97
2.500000 32 96 -16.64
2.500000 32 97 -7.30
2.500000 32 98 -5.82
2.500000 32 99  4.32
2.500000 32 100  7.83
2.500000 32 101  6.15
2.500000 32 102  6.90
2.500000 32 103  9.72
2.500000 32 104 -0.76
2.500000 32 105 -7.68
2.500000 32 106 -7.30
2.500000 32 107 -6.25
2.500000 32 108 -9.97
2.500000 32 109 -7.80
2.500000 32 110 -5.35
2.500000 32 111 -10.65
2.500000 32 112 -10.33
2.500000 32 113 -11.28
2.500000 32 114 -5.27
2.500000 32 115 -1.04
2.500000 32 116 -3.30
2.500000 32 117 -0.32
2.500000 32 118  8.65
2.500000 32 119  4.32
2.500000 32 120  4.44
2.500000 32 121  3.65
2.500000 32 122  4.22
2.500000 32 123  5.91
2.500000 32 124  5.79
2.500000 32 125  4.19
2.500000 32 126  0.23
2.500000 32 127 -12.38
2.500000 32 128 -20.10
2.500000 32 129 -21.69
2.500000 32 130 -22.31
2.500000 32 131 -22.90
2.500000 32 132 -12.06
2.500000 32 133 -6.07
2.500000 32 134 -9.21
2.500000 32 135 -4.12
2.500000 32 136 -8.75
2.500000 32 137 -12.99
2.500000 32 138 -10.86
2.500000 32 139 -11.75
2.500000 32 140 -12.91
2.500000 32 141 -13.85
2.500000 32 142 -23.54
2.500000 32 143 -22.10
2.500000 32 144 -23.26
2.500000 32 145 -21.50
2.500000 32 146 -25.53
2.500000 32 147 -35.68
2.500000 32 148 -38.50
2.500000 32 149 -35.14
2.500000 32 150 -28.01
2.500000 32 151 -24.18
2.500000 32 152 -22.48
2.500000 32 153 -29.15
2.500000 32 154 -30.87
2.500000 32 155 -34.07
2.500000 32 156 -27.48
2.500000 32 157 -22.60
2.500000 32 158 -27.20
2.500000 32 159 -25.69
2.500000 32 160 -31.16
2.500000 32 161 -30.43
2.500000 32 162 -15.78
2.500000 32 163 -17.80
2.500000 32 164 -16.70
2.500000 32 165 -15.15
2.500000 32 166 -20.88
2.500000 32 167 -28.23
2.500000 32 168 -24.95
2.500000 32 169 -27.59
2.500000 32 170 -28.53
2.500000 32 171 -26.53
2.500000 32 172 -19.91
2.500000 32 173 -16.41
2.500000 32 174 -15.95
2.500000 32 175 -14.57
2.500000 32 176 -14.79
2.500000 32 177 -8.77
2.500000 32 178 -4.65
2.500000 32 179 -1.68
2.500000 32 180 -7.05
2.500000 32 181 -13.82
2.500000 32 182 -12.37
2.500000 32 183 -10.97
2.500000 32 184 -11.56
2.500000 32 185 -15.62
2.500000 32 186 -12.89
2.500000 32 187 -17.48
2.500000 32 188 -14.06
2.500000 32 189 -9.20
2.500000 32 190 -1.51
2.500000 32 191 -5.67
2.500000 32 192 -2.71
2.500000 32 193  3.31
2.500000 32 194  4.40
2.500000 32 195  7.74
2.500000 32 196  5.25
2.500000 32 197 -0.45
2.500000 32 198 -4.93
2.500000 32 199 -6.11
