2.000000 32 0 2972.91
2.000000 32 1 1360.73
2.000000 32 2 733.20
2.000000 32 3 434.43
2.000000 32 4 278.40
2.000000 32 5 187.29
2.000000 32 6 129.28
2.000000 32 7 93.57
2.000000 32 8 69.21
2.000000 32 9 55.66
2.000000 32 10 37.16
2.000000 32 11 31.28
2.000000 32 12 20.69
2.000000 32 13 22.18
2.000000 32 14 16.49
2.000000 32 15  9.07
2.000000 32 16  6.13
2.000000 32 17  2.63
2.000000 32 18  2.71
2.000000 32 19  1.70
2.000000 32 20 -1.75
2.000000 32 21 -1.06
2.000000 32 22  1.25
2.000000 32 23  2.12
2.000000 32 24  2.24
2.000000 32 25  1.39
2.000000 32 26 -1.85
2.000000 32 27 -5.62
2.000000 32 28 -7.85
2.000000 32 29 -7.31
2.000000 32 30  2.08
2.000000 32 31  0.42
2.000000 32 32  4.43
2.000000 32 33 -2.97
2.000000 32 34 -4.78
2.000000 32 35 -5.21
2.000000 32 36 -6.58
2.000000 32 37 -3.11
2.000000 32 38 -7.15
2.000000 32 39 -5.42
2.000000 32 40 -3.99
2.000000 32 41 -2.56
2.000000 32 42  0.97
2.000000 32 43  2.53
2.000000 32 44  0.77
2.000000 32 45 -3.21
2.000000 32 46 -1.44
2.000000 32 47 -1.53
2.000000 32 48  1.92
2.000000 32 49 -0.28
2.000000 32 50 -6.19
2.000000 32 51 -5.73
2.000000 32 52 -12.25
2.000000 32 53 -15.96
2.000000 32 54 -15.17
2.000000 32 55 -10.73
2.000000 32 56 -7.97
2.000000 32 57 -11.41
2.000000 32 58 -6.80
2.000000 32 59 -4.32
2.000000 32 60 -4.47
2.000000 32 61 -4.98
2.000000 32 62 -8.92
2.000000 32 63 -9.39
2.000000 32 64 -12.15
2.000000 32 65 -9.02
2.000000 32 66 -12.13
2.000000 32 67 -4.51
2.000000 32 68 -4.66
2.000000 32 69 -0.47
2.000000 32 70 -2.14
2.000000 32 71  0.02
2.000000 32 72  0.36
2.000000 32 73  0.18
2.000000 32 74 -3.27
2.000000 32 75 -2.74
2.000000 32 76 -1.79
2.000000 32 77 -3.09
2.000000 32 78 -4.05
2.000000 32 79 -2.60
2.000000 32 80 -3.91
2.000000 32 81 -6.55
2.000000 32 82 -5.07
2.000000 32 83  0.76
2.000000 32 84  5.51
2.000000 32 85  8.60
2.000000 32 86  7.41
2.000000 32 87  2.06
2.000000 32 88 -3.15
2.000000 32 89 -4.95
2.000000 32 90 -1.62
2.000000 32 91 -6.43
2.000000 32 92 -1.81
2.000000 32 93 -4.67
2.000000 32 94 -2.01
2.000000 32 95 -0.50
2.000000 32 96 -4.79
2.000000 32 97 -4.38
2.000000 32 98 -5.82
2.000000 32 99 -7.23
2.000000 32 100 -3.65
2.000000 32 101 -8.63
2.000000 32 102 -11.80
2.000000 32 103 -10.47
2.000000 32 104 -11.19
2.000000 32 105 -9.47
2.000000 32 106 -5.37
2.000000 32 107 -7.96
2.000000 32 108 -6.47
2.000000 32 109  1.59
2.000000 32 110  3.50
2.000000 32 111  5.10
2.000000 32 112  4.54
2.000000 32 113  5.44
2.000000 32 114  5.87
2.000000 32 115  3.49
2.000000 32 116  4.46
2.000000 32 117  4.30
2.000000 32 118 -0.93
2.000000 32 119 -0.69
2.000000 32 120  1.35
2.000000 32 121  0.59
2.000000 32 122 -1.12
2.000000 32 123 -1.07
2.000000 32 124  0.46
2.000000 32 125  1.87
2.000000 32 126 -3.06
2.000000 32 127  0.32
2.000000 32 128 -0.33
2.000000 32 129 -3.48
2.000000 32 130 -0.86
2.000000 32 131 -5.44
2.000000 32 132 -3.81
2.000000 32 133 -4.13
2.000000 32 134 -2.72
2.000000 32 135 -4.75
2.000000 32 136 -2.40
2.000000 32 137 -1.52
2.000000 32 138 -1.57
2.000000 32 139 -4.40
2.000000 32 140 -9.17
2.000000 32 141 -7.03
2.000000 32 142 -8.28
2.000000 32 143 -7.05
2.000000 32 144 -1.51
2.000000 32 145 -4.73
2.000000 32 146 -1.87
2.000000 32 147 -2.35
2.000000 32 148 -3.50
2.000000 32 149 -0.47
2.000000 32 150 -1.60
2.000000 32 151  5.65
2.000000 32 152  8.86
2.000000 32 153  3.90
2.000000 32 154 -0.81
2.000000 32 155 -3.50
2.000000 32 156 -5.29
2.000000 32 157  1.08
2.000000 32 158  2.63
2.000000 32 159  3.06
2.000000 32 160  3.28
2.000000 32 161 -3.99
2.000000 32 162 -1.66
2.000000 32 163 -5.25
2.000000 32 164 -4.90
2.000000 32 165 -2.68
2.000000 32 166  0.09
2.000000 32 167  1.93
2.000000 32 168  1.20
2.000000 32 169  6.26
2.000000 32 170  0.26
2.000000 32 171 -3.03
2.000000 32 172 -6.87
2.000000 32 173 -4.39
2.000000 32 174 -5.91
2.000000 32 175 -4.12
2.000000 32 176 -0.51
2.000000 32 177  1.04
2.000000 32 178  2.61
2.000000 32 179 -1.67
2.000000 32 180 -1.18
2.000000 32 181  0.73
2.000000 32 182  3.18
2.000000 32 183  8.94
2.000000 32 184  6.51
2.000000 32 185  4.57
2.000000 32 186  4.57
2.000000 32 187  7.67
2.000000 32 188  6.75
2.000000 32 189  5.60
2.000000 32 190  1.62
2.000000 32 191 -4.23
2.000000 32 192 -2.28
2.000000 32 193 -3.50
2.000000 32 194 -1.59
2.000000 32 195 -1.53
2.000000 32 196  0.77
2.000000 32 197 -4.95
2.000000 32 198 -3.40
2.000000 32 199 -3.06
