2.400000 32 0 7606.31
2.400000 32 1 5383.24
2.400000 32 2 4244.25
2.400000 32 3 3547.77
2.400000 32 4 3064.95
2.400000 32 5 2716.62
2.400000 32 6 2455.78
2.400000 32 7 2245.40
2.400000 32 8 2068.90
2.400000 32 9 1919.25
2.400000 32 10 1784.64
2.400000 32 11 1667.32
2.400000 32 12 1567.98
2.400000 32 13 1483.82
2.400000 32 14 1414.57
2.400000 32 15 1343.63
2.400000 32 16 1278.53
2.400000 32 17 1213.46
2.400000 32 18 1156.90
2.400000 32 19 1105.96
2.400000 32 20 1055.77
2.400000 32 21 1007.44
2.400000 32 22 965.00
2.400000 32 23 916.49
2.400000 32 24 864.93
2.400000 32 25 829.95
2.400000 32 26 795.77
2.400000 32 27 759.28
2.400000 32 28 717.70
2.400000 32 29 678.62
2.400000 32 30 647.66
2.400000 32 31 608.02
2.400000 32 32 581.70
2.400000 32 33 557.19
2.400000 32 34 532.90
2.400000 32 35 514.74
2.400000 32 36 490.57
2.400000 32 37 469.13
2.400000 32 38 453.84
2.400000 32 39 436.73
2.400000 32 40 413.04
2.400000 32 41 406.88
2.400000 32 42 394.10
2.400000 32 43 382.67
2.400000 32 44 372.32
2.400000 32 45 357.50
2.400000 32 46 345.53
2.400000 32 47 318.44
2.400000 32 48 298.58
2.400000 32 49 286.50
2.400000 32 50 283.71
2.400000 32 51 270.98
2.400000 32 52 261.25
2.400000 32 53 252.63
2.400000 32 54 244.95
2.400000 32 55 239.55
2.400000 32 56 225.06
2.400000 32 57 202.35
2.400000 32 58 190.22
2.400000 32 59 185.63
2.400000 32 60 168.42
2.400000 32 61 163.18
2.400000 32 62 147.16
2.400000 32 63 132.30
2.400000 32 64 129.23
2.400000 32 65 121.70
2.400000 32 66 121.84
2.400000 32 67 122.61
2.400000 32 68 117.73
2.400000 32 69 113.31
2.400000 32 70 103.25
2.400000 32 71 100.34
2.400000 32 72 95.78
2.400000 32 73 96.57
2.400000 32 74 91.76
2.400000 32 75 85.17
2.400000 32 76 83.67
2.400000 32 77 83.72
2.400000 32 78 76.15
2.400000 32 79 78.59
2.400000 32 80 66.71
2.400000 32 81 61.07
2.400000 32 82 59.24
2.400000 32 83 56.62
2.400000 32 84 49.81
2.400000 32 85 52.57
2.400000 32 86 48.40
2.400000 32 87 53.94
2.400000 32 88 58.66
2.400000 32 89 62.63
2.400000 32 90 62.32
2.400000 32 91 54.10
2.400000 32 92 49.07
2.400000 32 93 44.90
2.400000 32 94 37.62
2.400000 32 95 34.10
2.400000 32 96 33.29
2.400000 32 97 33.64
2.400000 32 98 34.07
2.400000 32 99 33.05
2.400000 32 100 33.52
2.400000 32 101 38.77
2.400000 32 102 36.87
2.400000 32 103 36.89
2.400000 32 104 37.59
2.400000 32 105 30.77
2.400000 32 106 25.54
2.400000 32 107 28.97
2.400000 32 108 23.66
2.400000 32 109 17.08
2.400000 32 110 15.64
2.400000 32 111  9.89
2.400000 32 112  8.66
2.400000 32 113  5.47
2.400000 32 114  8.12
2.400000 32 115  6.90
2.400000 32 116  7.81
2.400000 32 117  6.70
2.400000 32 118  7.97
2.400000 32 119 17.86
2.400000 32 120 25.30
2.400000 32 121 15.02
2.400000 32 122  2.88
2.400000 32 123 -11.76
2.400000 32 124 -20.46
2.400000 32 125 -28.76
2.400000 32 126 -29.08
2.400000 32 127 -28.42
2.400000 32 128 -18.37
2.400000 32 129 -9.76
2.400000 32 130 -3.74
2.400000 32 131 -5.90
2.400000 32 132 -3.96
2.400000 32 133 -6.47
2.400000 32 134 -8.63
2.400000 32 135 -5.90
2.400000 32 136  4.21
2.400000 32 137  5.64
2.400000 32 138  8.63
2.400000 32 139 14.94
2.400000 32 140 12.98
2.400000 32 141  2.03
2.400000 32 142 -4.43
2.400000 32 143 -3.89
2.400000 32 144 -2.56
2.400000 32 145 -12.95
2.400000 32 146 -20.46
2.400000 32 147 -28.48
2.400000 32 148 -24.92
2.400000 32 149 -17.14
2.400000 32 150 -18.32
2.400000 32 151 -19.31
2.400000 32 152 -9.83
2.400000 32 153 -14.30
2.400000 32 154 -20.82
2.400000 32 155 -30.32
2.400000 32 156 -33.71
2.400000 32 157 -37.41
2.400000 32 158 -41.12
2.400000 32 159 -44.53
2.400000 32 160 -38.93
2.400000 32 161 -40.92
2.400000 32 162 -41.63
2.400000 32 163 -46.08
2.400000 32 164 -52.22
2.400000 32 165 -44.26
2.400000 32 166 -44.97
2.400000 32 167 -43.31
2.400000 32 168 -41.29
2.400000 32 169 -35.25
2.400000 32 170 -39.85
2.400000 32 171 -49.65
2.400000 32 172 -45.35
2.400000 32 173 -48.49
2.400000 32 174 -49.00
2.400000 32 175 -46.35
2.400000 32 176 -44.89
2.400000 32 177 -41.73
2.400000 32 178 -39.99
2.400000 32 179 -37.18
2.400000 32 180 -30.23
2.400000 32 181 -24.09
2.400000 32 182 -27.82
2.400000 32 183 -20.82
2.400000 32 184 -20.74
2.400000 32 185 -11.63
2.400000 32 186 -7.26
2.400000 32 187 -4.93
2.400000 32 188 -2.94
2.400000 32 189 -3.33
2.400000 32 190  0.61
2.400000 32 191  6.43
2.400000 32 192  5.86
2.400000 32 193  6.68
2.400000 32 194  0.28
2.400000 32 195  0.47
2.400000 32 196  7.03
2.400000 32 197  4.71
2.400000 32 198  9.13
2.400000 32 199 17.60
