t C
2.200000 32 0 2496978.91
2.200000 32 1 2494244.58
2.200000 32 2 2492605.42
2.200000 32 3 2491467.30
2.200000 32 4 2490686.06
2.200000 32 5 2490107.26
2.200000 32 6 2489950.84
2.200000 32 7 2490009.62
2.200000 32 8 2490114.79
2.200000 32 9 2490129.97
2.200000 32 10 2490173.54
2.200000 32 11 2490351.21
2.200000 32 12 2490397.15
2.200000 32 13 2490674.40
2.200000 32 14 2491506.22
2.200000 32 15 2491903.16
2.200000 32 16 2491656.21
2.200000 32 17 2491514.40
2.200000 32 18 2491403.21
2.200000 32 19 2491181.96
2.200000 32 20 2491250.96
2.200000 32 21 2491163.98
2.200000 32 22 2491219.01
2.200000 32 23 2491321.73
2.200000 32 24 2491258.54
2.200000 32 25 2491163.14
2.200000 32 26 2491017.92
2.200000 32 27 2491226.26
2.200000 32 28 2491778.95
2.200000 32 29 2492583.22
2.200000 32 30 2493077.58
2.200000 32 31 2493716.00
2.200000 32 32 2494470.88
2.200000 32 33 2494833.72
2.200000 32 34 2495089.84
2.200000 32 35 2495536.51
2.200000 32 36 2496099.45
2.200000 32 37 2496767.68
2.200000 32 38 2497118.67
2.200000 32 39 2497427.55
2.200000 32 40 2497377.57
2.200000 32 41 2497394.95
2.200000 32 42 2497271.22
2.200000 32 43 2497651.04
2.200000 32 44 2497899.87
2.200000 32 45 2498211.80
2.200000 32 46 2498280.13
2.200000 32 47 2498674.30
2.200000 32 48 2498508.79
2.200000 32 49 2498735.16
2.200000 32 50 2499005.89
2.200000 32 51 2499206.63
2.200000 32 52 2499333.67
2.200000 32 53 2499149.72
2.200000 32 54 2498714.40
2.200000 32 55 2498450.73
2.200000 32 56 2498502.10
2.200000 32 57 2498841.43
2.200000 32 58 2499128.87
2.200000 32 59 2499359.91
2.200000 32 60 2499420.44
2.200000 32 61 2499437.21
2.200000 32 62 2499339.50
2.200000 32 63 2499290.89
2.200000 32 64 2499052.38
2.200000 32 65 2499229.09
2.200000 32 66 2499222.92
2.200000 32 67 2499429.47
2.200000 32 68 2499386.03
2.200000 32 69 2499514.83
2.200000 32 70 2499655.07
2.200000 32 71 2499650.77
2.200000 32 72 2499356.83
2.200000 32 73 2499013.16
2.200000 32 74 2499072.79
2.200000 32 75 2499020.30
2.200000 32 76 2499295.00
2.200000 32 77 2499216.33
2.200000 32 78 2499025.28
2.200000 32 79 2499211.57
2.200000 32 80 2499612.80
2.200000 32 81 2499864.10
2.200000 32 82 2499897.20
2.200000 32 83 2500205.23
2.200000 32 84 2500368.16
2.200000 32 85 2500423.40
2.200000 32 86 2500490.47
2.200000 32 87 2500718.79
2.200000 32 88 2500961.39
2.200000 32 89 2501303.11
2.200000 32 90 2502032.55
2.200000 32 91 2502395.32
2.200000 32 92 2502569.73
2.200000 32 93 2503130.02
2.200000 32 94 2503821.99
2.200000 32 95 2504248.42
2.200000 32 96 2504335.63
2.200000 32 97 2504638.55
2.200000 32 98 2504903.73
2.200000 32 99 2505083.44
2.200000 32 100 2505175.48
2.200000 32 101 2505579.59
2.200000 32 102 2505769.25
2.200000 32 103 2505858.07
2.200000 32 104 2505749.95
2.200000 32 105 2505944.83
2.200000 32 106 2505641.13
2.200000 32 107 2505190.24
2.200000 32 108 2505177.47
2.200000 32 109 2505213.27
2.200000 32 110 2505119.10
2.200000 32 111 2505192.19
2.200000 32 112 2505453.39
2.200000 32 113 2505556.53
2.200000 32 114 2505541.92
2.200000 32 115 2505303.38
2.200000 32 116 2505163.44
2.200000 32 117 2505115.61
2.200000 32 118 2505072.51
2.200000 32 119 2505559.03
2.200000 32 120 2506066.69
2.200000 32 121 2506293.81
2.200000 32 122 2506391.36
2.200000 32 123 2505959.15
2.200000 32 124 2505591.95
2.200000 32 125 2504988.67
2.200000 32 126 2504673.70
2.200000 32 127 2504618.63
2.200000 32 128 2504818.00
2.200000 32 129 2504589.24
2.200000 32 130 2504871.76
2.200000 32 131 2505326.07
2.200000 32 132 2505542.51
2.200000 32 133 2505783.71
2.200000 32 134 2505823.04
2.200000 32 135 2505717.31
2.200000 32 136 2505802.46
2.200000 32 137 2505635.04
2.200000 32 138 2505915.88
2.200000 32 139 2505844.14
2.200000 32 140 2505629.62
2.200000 32 141 2505685.49
2.200000 32 142 2505752.76
2.200000 32 143 2506209.25
2.200000 32 144 2506259.16
2.200000 32 145 2506106.46
2.200000 32 146 2505856.47
2.200000 32 147 2505647.81
2.200000 32 148 2505661.58
2.200000 32 149 2505911.93
2.200000 32 150 2505806.85
2.200000 32 151 2506362.27
2.200000 32 152 2506966.19
2.200000 32 153 2507121.28
2.200000 32 154 2507154.63
2.200000 32 155 2507232.87
2.200000 32 156 2507168.42
2.200000 32 157 2507083.46
2.200000 32 158 2507512.32
2.200000 32 159 2508011.85
2.200000 32 160 2508267.71
2.200000 32 161 2508465.43
2.200000 32 162 2508265.60
2.200000 32 163 2507853.46
2.200000 32 164 2507706.33
2.200000 32 165 2507536.86
2.200000 32 166 2507538.24
2.200000 32 167 2507700.44
2.200000 32 168 2508077.40
2.200000 32 169 2508492.17
2.200000 32 170 2508983.85
2.200000 32 171 2509730.51
2.200000 32 172 2510368.60
2.200000 32 173 2510312.61
2.200000 32 174 2510417.08
2.200000 32 175 2510308.87
2.200000 32 176 2510592.37
2.200000 32 177 2510300.83
2.200000 32 178 2510047.03
2.200000 32 179 2509820.88
2.200000 32 180 2509938.69
2.200000 32 181 2509710.12
2.200000 32 182 2509651.68
2.200000 32 183 2509505.74
2.200000 32 184 2508994.25
2.200000 32 185 2509153.02
2.200000 32 186 2509122.57
2.200000 32 187 2509264.37
2.200000 32 188 2509613.50
2.200000 32 189 2509700.04
2.200000 32 190 2510105.98
2.200000 32 191 2510277.89
2.200000 32 192 2510461.09
2.200000 32 193 2510255.74
2.200000 32 194 2510380.67
2.200000 32 195 2510195.84
2.200000 32 196 2510244.72
2.200000 32 197 2510132.14
2.200000 32 198 2509913.78
2.200000 32 199 2509831.45
