2.200000 8 0 356.95
2.200000 8 1 179.89
2.200000 8 2 89.35
2.200000 8 3 53.14
2.200000 8 4 40.46
2.200000 8 5 20.41
2.200000 8 6 -6.02
2.200000 8 7 -14.71
2.200000 8 8 -16.86
2.200000 8 9 -36.39
2.200000 8 10 -43.02
2.200000 8 11 -37.80
2.200000 8 12 -42.55
2.200000 8 13 -37.74
2.200000 8 14 -49.69
2.200000 8 15 -39.66
2.200000 8 16 -41.89
2.200000 8 17 -34.59
2.200000 8 18 -44.10
2.200000 8 19 -20.60
2.200000 8 20 -0.69
2.200000 8 21 -10.34
2.200000 8 22 -23.78
2.200000 8 23 -13.32
2.200000 8 24 -7.07
2.200000 8 25 -15.19
2.200000 8 26 -25.48
2.200000 8 27 -25.74
2.200000 8 28 -17.30
2.200000 8 29 -19.64
2.200000 8 30 -18.00
2.200000 8 31 -31.43
2.200000 8 32 -37.75
2.200000 8 33 -50.01
2.200000 8 34 -50.40
2.200000 8 35 -49.26
2.200000 8 36 -49.20
2.200000 8 37 -55.30
2.200000 8 38 -56.71
2.200000 8 39 -48.49
2.200000 8 40 -49.89
2.200000 8 41 -57.32
2.200000 8 42 -71.42
2.200000 8 43 -58.94
2.200000 8 44 -39.39
2.200000 8 45 -38.23
2.200000 8 46 -45.79
2.200000 8 47 -52.46
2.200000 8 48 -58.44
2.200000 8 49 -64.49
2.200000 8 50 -53.20
2.200000 8 51 -44.64
2.200000 8 52 -40.19
2.200000 8 53 -30.19
2.200000 8 54 -27.70
2.200000 8 55 -39.79
2.200000 8 56 -35.23
2.200000 8 57 -50.56
2.200000 8 58 -44.52
2.200000 8 59 -49.52
2.200000 8 60 -47.66
2.200000 8 61 -42.43
2.200000 8 62 -48.06
2.200000 8 63 -55.13
2.200000 8 64 -63.54
2.200000 8 65 -62.71
2.200000 8 66 -54.54
2.200000 8 67 -53.69
2.200000 8 68 -55.25
2.200000 8 69 -41.19
2.200000 8 70 -17.94
2.200000 8 71 -11.80
2.200000 8 72 -11.27
2.200000 8 73 -5.21
2.200000 8 74 14.18
2.200000 8 75 18.71
2.200000 8 76  6.93
2.200000 8 77 -0.73
2.200000 8 78 -5.47
2.200000 8 79 -5.96
2.200000 8 80 -3.25
2.200000 8 81 -17.85
2.200000 8 82 -14.50
2.200000 8 83 -14.24
2.200000 8 84 -8.81
2.200000 8 85 -4.73
2.200000 8 86 -11.17
2.200000 8 87 -8.80
2.200000 8 88 -11.24
2.200000 8 89 -8.29
2.200000 8 90 -4.72
2.200000 8 91  4.78
2.200000 8 92  8.05
2.200000 8 93 19.58
2.200000 8 94 29.61
2.200000 8 95 15.84
2.200000 8 96 14.12
2.200000 8 97 27.05
2.200000 8 98 46.09
2.200000 8 99 40.50
2.200000 8 100 40.10
2.200000 8 101 29.76
2.200000 8 102 35.62
2.200000 8 103 23.49
2.200000 8 104 28.15
2.200000 8 105 48.18
2.200000 8 106 73.73
2.200000 8 107 67.66
2.200000 8 108 45.08
2.200000 8 109 38.59
2.200000 8 110 31.14
2.200000 8 111 32.36
2.200000 8 112 20.45
2.200000 8 113  3.96
2.200000 8 114 -9.89
2.200000 8 115 -10.00
2.200000 8 116 -13.94
2.200000 8 117  5.51
2.200000 8 118 -1.04
2.200000 8 119 -8.63
2.200000 8 120 -22.05
2.200000 8 121 -26.30
2.200000 8 122 -11.83
2.200000 8 123 -21.94
2.200000 8 124 -44.24
2.200000 8 125 -46.91
2.200000 8 126 -34.89
2.200000 8 127 -36.53
2.200000 8 128 -31.00
2.200000 8 129 -27.69
2.200000 8 130 -5.59
2.200000 8 131  3.94
2.200000 8 132 10.57
2.200000 8 133  5.23
2.200000 8 134 -0.98
2.200000 8 135  2.78
2.200000 8 136  3.73
2.200000 8 137  5.54
2.200000 8 138 -1.64
2.200000 8 139  0.49
2.200000 8 140 -16.47
2.200000 8 141 -24.82
2.200000 8 142 -25.97
2.200000 8 143 -20.83
2.200000 8 144 -40.36
2.200000 8 145 -42.68
2.200000 8 146 -29.71
2.200000 8 147 -28.93
2.200000 8 148 -45.78
2.200000 8 149 -55.39
2.200000 8 150 -35.30
2.200000 8 151 -28.77
2.200000 8 152 -26.90
2.200000 8 153 -29.51
2.200000 8 154 -28.34
2.200000 8 155 -36.54
2.200000 8 156 -32.06
2.200000 8 157 -45.20
2.200000 8 158 -40.85
2.200000 8 159 -37.97
2.200000 8 160 -29.19
2.200000 8 161 -19.31
2.200000 8 162 -14.09
2.200000 8 163 -23.67
2.200000 8 164 -22.81
2.200000 8 165 -25.16
2.200000 8 166 -30.85
2.200000 8 167 -15.18
2.200000 8 168 -20.44
2.200000 8 169 -30.52
2.200000 8 170 -31.97
2.200000 8 171 -29.80
2.200000 8 172 -28.72
2.200000 8 173 -36.86
2.200000 8 174 -31.10
2.200000 8 175 -23.37
2.200000 8 176 -6.71
2.200000 8 177 -12.20
2.200000 8 178 -15.51
2.200000 8 179 -35.53
2.200000 8 180 -50.49
2.200000 8 181 -56.05
2.200000 8 182 -62.13
2.200000 8 183 -45.52
2.200000 8 184 -45.82
2.200000 8 185 -49.12
2.200000 8 186 -54.10
2.200000 8 187 -50.34
2.200000 8 188 -52.10
2.200000 8 189 -41.68
2.200000 8 190 -41.38
2.200000 8 191 -31.57
2.200000 8 192 -29.18
2.200000 8 193 -17.22
2.200000 8 194 -18.66
2.200000 8 195 -20.56
2.200000 8 196 -21.55
2.200000 8 197 -25.42
2.200000 8 198 -32.42
2.200000 8 199 -22.46
