2.200000 8 0.000000 0.000000 0.000000
2.200000 8 -1.579375 0.961317 0.828187
2.200000 8 -1.575562 0.993250 0.822719
2.200000 8 -1.577750 1.067793 0.828438
2.200000 8 -1.584250 0.943538 0.832562
2.200000 8 -1.569063 1.070970 0.819375
2.200000 8 -1.544062 1.154957 0.805406
2.200000 8 -1.553375 1.144250 0.813562
2.200000 8 -1.555562 1.147556 0.815531
2.200000 8 -1.567500 1.023017 0.827375
2.200000 8 -1.571500 1.011016 0.819312
2.200000 8 -1.563500 1.055565 0.823063
2.200000 8 -1.583125 0.909664 0.830531
