2.300000 32 0 10181.73
2.300000 32 1 7995.14
2.300000 32 2 6362.31
2.300000 32 3 5143.35
2.300000 32 4 4185.38
2.300000 32 5 3421.90
2.300000 32 6 2834.78
2.300000 32 7 2354.64
2.300000 32 8 1989.26
2.300000 32 9 1684.89
2.300000 32 10 1426.26
2.300000 32 11 1209.83
2.300000 32 12 1026.63
2.300000 32 13 864.52
2.300000 32 14 725.30
2.300000 32 15 579.80
2.300000 32 16 493.49
2.300000 32 17 446.01
2.300000 32 18 396.71
2.300000 32 19 363.12
2.300000 32 20 324.29
2.300000 32 21 275.61
2.300000 32 22 243.29
2.300000 32 23 220.33
2.300000 32 24 187.12
2.300000 32 25 163.45
2.300000 32 26 151.33
2.300000 32 27 118.97
2.300000 32 28 70.93
2.300000 32 29 43.07
2.300000 32 30 12.14
2.300000 32 31  5.21
2.300000 32 32 14.82
2.300000 32 33  8.02
2.300000 32 34  8.68
2.300000 32 35 10.63
2.300000 32 36 -15.71
2.300000 32 37 -44.26
2.300000 32 38 -41.32
2.300000 32 39 -52.94
2.300000 32 40 -66.30
2.300000 32 41 -85.40
2.300000 32 42 -71.25
2.300000 32 43 -50.68
2.300000 32 44 -41.95
2.300000 32 45 -25.12
2.300000 32 46 14.21
2.300000 32 47 20.06
2.300000 32 48 14.43
2.300000 32 49 29.07
2.300000 32 50 46.54
2.300000 32 51 29.89
2.300000 32 52  7.97
2.300000 32 53 -5.42
2.300000 32 54 -14.33
2.300000 32 55 -45.30
2.300000 32 56 -67.25
2.300000 32 57 -66.00
2.300000 32 58 -77.72
2.300000 32 59 -99.37
2.300000 32 60 -109.91
2.300000 32 61 -127.44
2.300000 32 62 -127.90
2.300000 32 63 -141.34
2.300000 32 64 -139.43
2.300000 32 65 -140.48
2.300000 32 66 -138.76
2.300000 32 67 -122.02
2.300000 32 68 -93.22
2.300000 32 69 -60.70
2.300000 32 70 -48.46
2.300000 32 71 -40.49
2.300000 32 72 -12.98
2.300000 32 73  6.02
2.300000 32 74 47.19
2.300000 32 75 56.57
2.300000 32 76 51.22
2.300000 32 77 61.78
2.300000 32 78 84.50
2.300000 32 79 72.35
2.300000 32 80 58.12
2.300000 32 81 60.95
2.300000 32 82 36.20
2.300000 32 83 25.10
2.300000 32 84 12.12
2.300000 32 85 -13.74
2.300000 32 86 -49.31
2.300000 32 87 -66.33
2.300000 32 88 -98.91
2.300000 32 89 -114.09
2.300000 32 90 -117.01
2.300000 32 91 -104.28
2.300000 32 92 -111.63
2.300000 32 93 -139.09
2.300000 32 94 -147.09
2.300000 32 95 -142.17
2.300000 32 96 -99.78
2.300000 32 97 -54.26
2.300000 32 98 -1.26
2.300000 32 99 30.85
2.300000 32 100 71.66
2.300000 32 101 79.96
2.300000 32 102 81.95
2.300000 32 103 61.07
2.300000 32 104 51.09
2.300000 32 105 22.65
2.300000 32 106 18.99
2.300000 32 107 26.00
2.300000 32 108 41.30
2.300000 32 109 31.29
2.300000 32 110 31.62
2.300000 32 111 20.28
2.300000 32 112 17.68
2.300000 32 113 16.69
2.300000 32 114 -9.12
2.300000 32 115 -3.02
2.300000 32 116  1.04
2.300000 32 117 10.01
2.300000 32 118 19.09
2.300000 32 119 26.09
2.300000 32 120 16.86
2.300000 32 121  5.71
2.300000 32 122 -3.75
2.300000 32 123 15.90
2.300000 32 124 36.16
2.300000 32 125 24.11
2.300000 32 126 26.56
2.300000 32 127 27.21
2.300000 32 128 31.53
2.300000 32 129 51.21
2.300000 32 130 80.65
2.300000 32 131 105.28
2.300000 32 132 138.69
2.300000 32 133 152.22
2.300000 32 134 129.10
2.300000 32 135 135.68
2.300000 32 136 135.26
2.300000 32 137 129.49
2.300000 32 138 130.07
2.300000 32 139 122.94
2.300000 32 140 133.55
2.300000 32 141 127.49
2.300000 32 142 134.60
2.300000 32 143 127.50
2.300000 32 144 115.74
2.300000 32 145 120.39
2.300000 32 146 109.28
2.300000 32 147 125.84
2.300000 32 148 106.95
2.300000 32 149 92.28
2.300000 32 150 55.32
2.300000 32 151 54.82
2.300000 32 152 64.49
2.300000 32 153 61.19
2.300000 32 154 42.19
2.300000 32 155 65.43
2.300000 32 156 82.73
2.300000 32 157 94.37
2.300000 32 158 81.57
2.300000 32 159 69.88
2.300000 32 160 49.66
2.300000 32 161 45.02
2.300000 32 162 38.13
2.300000 32 163 31.22
2.300000 32 164 31.48
2.300000 32 165 32.47
2.300000 32 166 48.34
2.300000 32 167 28.04
2.300000 32 168 30.73
2.300000 32 169 32.61
2.300000 32 170 31.35
2.300000 32 171 18.14
2.300000 32 172 14.71
2.300000 32 173 33.63
2.300000 32 174 41.61
2.300000 32 175 31.12
2.300000 32 176 30.51
2.300000 32 177 56.17
2.300000 32 178 63.57
2.300000 32 179 80.60
2.300000 32 180 71.11
2.300000 32 181 66.39
2.300000 32 182 40.59
2.300000 32 183 11.26
2.300000 32 184 20.93
2.300000 32 185 28.37
2.300000 32 186 12.62
2.300000 32 187  9.20
2.300000 32 188 -9.60
2.300000 32 189 -19.68
2.300000 32 190 -4.98
2.300000 32 191 36.73
2.300000 32 192 53.03
2.300000 32 193 53.55
2.300000 32 194 59.41
2.300000 32 195 92.79
2.300000 32 196 85.64
2.300000 32 197 91.56
2.300000 32 198 74.99
2.300000 32 199 91.11
