2.300000 32 0 1997322.49
2.300000 32 1 1995148.80
2.300000 32 2 1993540.66
2.300000 32 3 1992326.45
2.300000 32 4 1991360.55
2.300000 32 5 1990594.83
2.300000 32 6 1989989.05
2.300000 32 7 1989496.55
2.300000 32 8 1989103.43
2.300000 32 9 1988767.44
2.300000 32 10 1988518.44
2.300000 32 11 1988272.80
2.300000 32 12 1988057.67
2.300000 32 13 1987890.40
2.300000 32 14 1987756.62
2.300000 32 15 1987659.58
2.300000 32 16 1987561.08
2.300000 32 17 1987503.02
2.300000 32 18 1987415.58
2.300000 32 19 1987329.82
2.300000 32 20 1987237.69
2.300000 32 21 1987161.07
2.300000 32 22 1987124.31
2.300000 32 23 1987082.38
2.300000 32 24 1987049.76
2.300000 32 25 1987023.76
2.300000 32 26 1987000.16
2.300000 32 27 1986971.36
2.300000 32 28 1986967.02
2.300000 32 29 1986968.59
2.300000 32 30 1986961.45
2.300000 32 31 1986978.31
2.300000 32 32 1986984.93
2.300000 32 33 1987010.99
2.300000 32 34 1987026.42
2.300000 32 35 1987039.10
2.300000 32 36 1987070.06
2.300000 32 37 1987083.04
2.300000 32 38 1987081.57
2.300000 32 39 1987107.93
2.300000 32 40 1987124.26
2.300000 32 41 1987173.97
2.300000 32 42 1987212.81
2.300000 32 43 1987238.98
2.300000 32 44 1987250.45
2.300000 32 45 1987271.60
2.300000 32 46 1987286.48
2.300000 32 47 1987256.13
2.300000 32 48 1987243.03
2.300000 32 49 1987238.63
2.300000 32 50 1987216.58
2.300000 32 51 1987188.95
2.300000 32 52 1987152.42
2.300000 32 53 1987144.43
2.300000 32 54 1987147.83
2.300000 32 55 1987144.91
2.300000 32 56 1987151.38
2.300000 32 57 1987156.61
2.300000 32 58 1987163.54
2.300000 32 59 1987180.23
2.300000 32 60 1987207.90
2.300000 32 61 1987226.15
2.300000 32 62 1987253.94
2.300000 32 63 1987278.66
2.300000 32 64 1987298.75
2.300000 32 65 1987310.42
2.300000 32 66 1987320.34
2.300000 32 67 1987283.22
2.300000 32 68 1987264.90
2.300000 32 69 1987237.32
2.300000 32 70 1987199.94
2.300000 32 71 1987188.94
2.300000 32 72 1987167.23
2.300000 32 73 1987146.71
2.300000 32 74 1987167.65
2.300000 32 75 1987182.84
2.300000 32 76 1987195.79
2.300000 32 77 1987172.67
2.300000 32 78 1987151.65
2.300000 32 79 1987133.23
2.300000 32 80 1987119.70
2.300000 32 81 1987106.13
2.300000 32 82 1987102.04
2.300000 32 83 1987102.35
2.300000 32 84 1987081.13
2.300000 32 85 1987080.49
2.300000 32 86 1987132.55
2.300000 32 87 1987132.93
2.300000 32 88 1987138.10
2.300000 32 89 1987157.32
2.300000 32 90 1987178.07
2.300000 32 91 1987181.15
2.300000 32 92 1987197.50
2.300000 32 93 1987189.01
2.300000 32 94 1987156.98
2.300000 32 95 1987103.12
2.300000 32 96 1987056.91
2.300000 32 97 1987017.53
2.300000 32 98 1986976.61
2.300000 32 99 1986964.11
2.300000 32 100 1986963.30
2.300000 32 101 1986978.13
2.300000 32 102 1986978.40
2.300000 32 103 1986976.35
2.300000 32 104 1986966.79
2.300000 32 105 1986985.63
2.300000 32 106 1987020.16
2.300000 32 107 1987049.36
2.300000 32 108 1987051.15
2.300000 32 109 1987061.08
2.300000 32 110 1987064.00
2.300000 32 111 1987036.92
2.300000 32 112 1987052.37
2.300000 32 113 1987037.75
2.300000 32 114 1987031.38
2.300000 32 115 1987014.62
2.300000 32 116 1987011.19
2.300000 32 117 1987016.13
2.300000 32 118 1987040.48
2.300000 32 119 1987054.01
2.300000 32 120 1987060.33
2.300000 32 121 1987057.90
2.300000 32 122 1987050.85
2.300000 32 123 1987036.76
2.300000 32 124 1987036.28
2.300000 32 125 1987023.39
2.300000 32 126 1987016.24
2.300000 32 127 1987020.44
2.300000 32 128 1987043.76
2.300000 32 129 1987088.38
2.300000 32 130 1987118.56
2.300000 32 131 1987110.78
2.300000 32 132 1987103.99
2.300000 32 133 1987101.61
2.300000 32 134 1987140.10
2.300000 32 135 1987153.70
2.300000 32 136 1987154.43
2.300000 32 137 1987170.82
2.300000 32 138 1987205.46
2.300000 32 139 1987197.34
2.300000 32 140 1987185.33
2.300000 32 141 1987158.59
2.300000 32 142 1987167.34
2.300000 32 143 1987145.16
2.300000 32 144 1987111.61
2.300000 32 145 1987102.48
2.300000 32 146 1987110.14
2.300000 32 147 1987130.86
2.300000 32 148 1987135.30
2.300000 32 149 1987138.48
2.300000 32 150 1987119.61
2.300000 32 151 1987094.48
2.300000 32 152 1987077.92
2.300000 32 153 1987048.91
2.300000 32 154 1987038.75
2.300000 32 155 1987041.26
2.300000 32 156 1987064.56
2.300000 32 157 1987071.03
2.300000 32 158 1987066.72
2.300000 32 159 1987061.54
2.300000 32 160 1987068.23
2.300000 32 161 1987054.56
2.300000 32 162 1987018.17
2.300000 32 163 1987002.86
2.300000 32 164 1986991.53
2.300000 32 165 1986987.33
2.300000 32 166 1986978.99
2.300000 32 167 1986976.43
2.300000 32 168 1986968.47
2.300000 32 169 1986973.02
2.300000 32 170 1986997.45
2.300000 32 171 1987043.87
2.300000 32 172 1987076.86
2.300000 32 173 1987123.21
2.300000 32 174 1987154.26
2.300000 32 175 1987173.34
2.300000 32 176 1987196.07
2.300000 32 177 1987219.62
2.300000 32 178 1987247.92
2.300000 32 179 1987241.29
2.300000 32 180 1987242.44
2.300000 32 181 1987218.22
2.300000 32 182 1987198.78
2.300000 32 183 1987177.50
2.300000 32 184 1987173.94
2.300000 32 185 1987171.73
2.300000 32 186 1987146.10
2.300000 32 187 1987097.53
2.300000 32 188 1987079.54
2.300000 32 189 1987074.30
2.300000 32 190 1987059.31
2.300000 32 191 1987069.37
2.300000 32 192 1987088.41
2.300000 32 193 1987094.62
2.300000 32 194 1987102.51
2.300000 32 195 1987105.95
2.300000 32 196 1987135.17
2.300000 32 197 1987123.36
2.300000 32 198 1987117.68
2.300000 32 199 1987128.77
