L T t C
32 2.800000 0 4145.18
32 2.800000 1 1998.02
32 2.800000 2 1043.94
32 2.800000 3 575.12
32 2.800000 4 326.59
32 2.800000 5 185.96
32 2.800000 6 104.25
32 2.800000 7 61.38
32 2.800000 8 28.95
32 2.800000 9 21.77
32 2.800000 10 11.64
32 2.800000 11 10.74
32 2.800000 12 2.48
32 2.800000 13 1.92
32 2.800000 14 0.91
32 2.800000 15 -3.70
32 2.800000 16 -1.24
32 2.800000 17 -0.40
32 2.800000 18 -4.33
32 2.800000 19 -4.59
32 2.800000 20 -8.60
32 2.800000 21 -4.76
32 2.800000 22 1.22
32 2.800000 23 2.49
32 2.800000 24 8.94
32 2.800000 25 6.58
32 2.800000 26 8.02
32 2.800000 27 2.42
32 2.800000 28 -9.26
32 2.800000 29 -6.40
32 2.800000 30 -3.94
32 2.800000 31 -1.41
32 2.800000 32 -2.53
32 2.800000 33 -2.87
32 2.800000 34 -9.69
32 2.800000 35 -12.95
32 2.800000 36 -12.44
32 2.800000 37 -10.09
32 2.800000 38 -6.03
32 2.800000 39 2.27
32 2.800000 40 6.77
32 2.800000 41 2.59
32 2.800000 42 -1.34
32 2.800000 43 -6.96
32 2.800000 44 -3.43
32 2.800000 45 0.21
32 2.800000 46 -3.27
32 2.800000 47 -4.00
32 2.800000 48 -3.43
32 2.800000 49 -8.72
32 2.800000 50 -14.26
32 2.800000 51 -12.27
32 2.800000 52 -10.69
32 2.800000 53 -1.65
32 2.800000 54 0.64
32 2.800000 55 0.52
32 2.800000 56 11.20
32 2.800000 57 14.86
32 2.800000 58 8.91
32 2.800000 59 0.58
32 2.800000 60 2.48
32 2.800000 61 0.58
32 2.800000 62 5.57
32 2.800000 63 2.71
32 2.800000 64 2.21
32 2.800000 65 -2.54
32 2.800000 66 -1.37
32 2.800000 67 -1.40
32 2.800000 68 -2.77
32 2.800000 69 -10.66
32 2.800000 70 -14.69
32 2.800000 71 -11.63
32 2.800000 72 -10.65
32 2.800000 73 1.92
32 2.800000 74 4.52
32 2.800000 75 2.39
32 2.800000 76 2.72
32 2.800000 77 1.96
32 2.800000 78 3.09
32 2.800000 79 3.42
32 2.800000 80 0.51
32 2.800000 81 6.56
32 2.800000 82 4.94
32 2.800000 83 0.04
32 2.800000 84 1.36
32 2.800000 85 2.06
32 2.800000 86 -2.50
32 2.800000 87 -3.88
32 2.800000 88 -4.31
32 2.800000 89 -11.90
32 2.800000 90 -9.96
32 2.800000 91 -4.41
32 2.800000 92 -2.79
32 2.800000 93 1.20
32 2.800000 94 7.45
32 2.800000 95 9.57
32 2.800000 96 6.38
32 2.800000 97 -0.52
32 2.800000 98 0.76
32 2.800000 99 -1.58
32 2.800000 100 -3.76
32 2.800000 101 2.75
32 2.800000 102 2.13
32 2.800000 103 2.45
32 2.800000 104 -0.04
32 2.800000 105 -1.13
32 2.800000 106 -1.43
32 2.800000 107 1.08
32 2.800000 108 -1.25
32 2.800000 109 -4.70
32 2.800000 110 -5.97
32 2.800000 111 -5.57
32 2.800000 112 -3.73
32 2.800000 113 -3.82
32 2.800000 114 -5.85
32 2.800000 115 -5.35
32 2.800000 116 1.34
32 2.800000 117 5.00
32 2.800000 118 2.78
32 2.800000 119 2.51
32 2.800000 120 -2.26
32 2.800000 121 -5.02
32 2.800000 122 -9.14
32 2.800000 123 -5.86
32 2.800000 124 -7.07
32 2.800000 125 -11.68
32 2.800000 126 -11.63
32 2.800000 127 -9.51
32 2.800000 128 -7.38
32 2.800000 129 -6.93
32 2.800000 130 -4.87
32 2.800000 131 -5.66
32 2.800000 132 -8.37
32 2.800000 133 -6.53
32 2.800000 134 3.57
32 2.800000 135 15.95
32 2.800000 136 17.13
32 2.800000 137 8.47
32 2.800000 138 6.04
32 2.800000 139 2.44
32 2.800000 140 1.14
32 2.800000 141 3.12
32 2.800000 142 1.88
32 2.800000 143 -0.05
32 2.800000 144 -5.55
32 2.800000 145 -3.56
32 2.800000 146 -7.42
32 2.800000 147 -2.84
32 2.800000 148 0.80
32 2.800000 149 6.15
32 2.800000 150 2.06
32 2.800000 151 0.04
32 2.800000 152 -3.42
32 2.800000 153 2.21
32 2.800000 154 -6.77
32 2.800000 155 -10.80
32 2.800000 156 -5.91
32 2.800000 157 -10.05
32 2.800000 158 -12.42
32 2.800000 159 -5.45
32 2.800000 160 1.66
32 2.800000 161 5.62
32 2.800000 162 7.03
32 2.800000 163 6.38
32 2.800000 164 0.86
32 2.800000 165 0.38
32 2.800000 166 -4.83
32 2.800000 167 -11.68
32 2.800000 168 -14.22
32 2.800000 169 -5.93
32 2.800000 170 -2.40
32 2.800000 171 -3.95
32 2.800000 172 -5.36
32 2.800000 173 -1.00
32 2.800000 174 -6.20
32 2.800000 175 -2.30
32 2.800000 176 -6.49
32 2.800000 177 -7.25
32 2.800000 178 -9.05
32 2.800000 179 -9.30
32 2.800000 180 -12.79
32 2.800000 181 -8.32
32 2.800000 182 -8.67
32 2.800000 183 -2.35
32 2.800000 184 -3.33
32 2.800000 185 -7.22
32 2.800000 186 -10.70
32 2.800000 187 -5.69
32 2.800000 188 -4.90
32 2.800000 189 -3.90
32 2.800000 190 -3.18
32 2.800000 191 -6.40
32 2.800000 192 -3.43
32 2.800000 193 -1.45
32 2.800000 194 6.36
32 2.800000 195 9.74
32 2.800000 196 13.57
32 2.800000 197 13.96
32 2.800000 198 14.89
32 2.800000 199 14.87
32 2.200000 0 6924.82
32 2.200000 1 4696.35
32 2.200000 2 3606.50
32 2.200000 3 2962.67
32 2.200000 4 2532.19
32 2.200000 5 2218.14
32 2.200000 6 1970.46
32 2.200000 7 1773.32
32 2.200000 8 1615.26
32 2.200000 9 1490.90
32 2.200000 10 1380.17
32 2.200000 11 1282.18
32 2.200000 12 1192.45
32 2.200000 13 1113.33
32 2.200000 14 1053.83
32 2.200000 15 997.62
32 2.200000 16 945.69
32 2.200000 17 898.88
32 2.200000 18 848.72
32 2.200000 19 806.39
32 2.200000 20 773.18
32 2.200000 21 726.23
32 2.200000 22 695.97
32 2.200000 23 667.39
32 2.200000 24 641.79
32 2.200000 25 613.07
32 2.200000 26 588.86
32 2.200000 27 569.46
32 2.200000 28 550.27
32 2.200000 29 527.72
32 2.200000 30 506.01
32 2.200000 31 484.16
32 2.200000 32 460.10
32 2.200000 33 445.89
32 2.200000 34 436.90
32 2.200000 35 421.98
32 2.200000 36 405.69
32 2.200000 37 392.00
32 2.200000 38 373.84
32 2.200000 39 363.17
32 2.200000 40 348.56
32 2.200000 41 339.52
32 2.200000 42 324.82
32 2.200000 43 316.26
32 2.200000 44 312.36
32 2.200000 45 303.31
32 2.200000 46 296.49
32 2.200000 47 282.67
32 2.200000 48 276.09
32 2.200000 49 269.22
32 2.200000 50 260.22
32 2.200000 51 248.56
32 2.200000 52 242.27
32 2.200000 53 233.89
32 2.200000 54 227.55
32 2.200000 55 218.87
32 2.200000 56 213.16
32 2.200000 57 206.94
32 2.200000 58 199.08
32 2.200000 59 197.89
32 2.200000 60 192.94
32 2.200000 61 186.67
32 2.200000 62 185.77
32 2.200000 63 182.75
32 2.200000 64 180.69
32 2.200000 65 177.36
32 2.200000 66 169.56
32 2.200000 67 170.88
32 2.200000 68 167.93
32 2.200000 69 166.60
32 2.200000 70 160.16
32 2.200000 71 159.43
32 2.200000 72 156.86
32 2.200000 73 153.78
32 2.200000 74 147.35
32 2.200000 75 145.61
32 2.200000 76 145.07
32 2.200000 77 148.57
32 2.200000 78 141.27
32 2.200000 79 138.20
32 2.200000 80 129.95
32 2.200000 81 126.93
32 2.200000 82 127.88
32 2.200000 83 125.60
32 2.200000 84 128.70
32 2.200000 85 121.97
32 2.200000 86 122.46
32 2.200000 87 129.59
32 2.200000 88 125.21
32 2.200000 89 125.60
32 2.200000 90 118.75
32 2.200000 91 108.11
32 2.200000 92 107.27
32 2.200000 93 101.30
32 2.200000 94 96.88
32 2.200000 95 84.87
32 2.200000 96 76.74
32 2.200000 97 77.87
32 2.200000 98 73.20
32 2.200000 99 65.33
32 2.200000 100 69.77
32 2.200000 101 64.62
32 2.200000 102 64.83
32 2.200000 103 71.93
32 2.200000 104 81.28
32 2.200000 105 88.22
32 2.200000 106 88.38
32 2.200000 107 84.73
32 2.200000 108 78.02
32 2.200000 109 82.81
32 2.200000 110 86.63
32 2.200000 111 88.10
32 2.200000 112 87.35
32 2.200000 113 83.65
32 2.200000 114 84.42
32 2.200000 115 84.89
32 2.200000 116 84.65
32 2.200000 117 88.45
32 2.200000 118 83.02
32 2.200000 119 78.52
32 2.200000 120 76.74
32 2.200000 121 71.12
32 2.200000 122 69.77
32 2.200000 123 59.39
32 2.200000 124 60.51
32 2.200000 125 62.16
32 2.200000 126 60.91
32 2.200000 127 52.60
32 2.200000 128 57.48
32 2.200000 129 60.62
32 2.200000 130 66.56
32 2.200000 131 60.95
32 2.200000 132 59.69
32 2.200000 133 60.75
32 2.200000 134 60.64
32 2.200000 135 63.06
32 2.200000 136 53.90
32 2.200000 137 48.08
32 2.200000 138 41.79
32 2.200000 139 40.40
32 2.200000 140 31.08
32 2.200000 141 28.34
32 2.200000 142 29.03
32 2.200000 143 29.63
32 2.200000 144 23.99
32 2.200000 145 19.52
32 2.200000 146 2.45
32 2.200000 147 -4.12
32 2.200000 148 -12.75
32 2.200000 149 -9.35
32 2.200000 150 -7.43
32 2.200000 151 -1.36
32 2.200000 152 5.50
32 2.200000 153 2.24
32 2.200000 154 0.94
32 2.200000 155 3.72
32 2.200000 156 6.24
32 2.200000 157 10.57
32 2.200000 158 4.97
32 2.200000 159 6.93
32 2.200000 160 10.36
32 2.200000 161 14.18
32 2.200000 162 7.52
32 2.200000 163 1.86
32 2.200000 164 -1.55
32 2.200000 165 3.15
32 2.200000 166 2.47
32 2.200000 167 -2.64
32 2.200000 168 -4.62
32 2.200000 169 -8.57
32 2.200000 170 -18.63
32 2.200000 171 -18.90
32 2.200000 172 -17.57
32 2.200000 173 -18.51
32 2.200000 174 -22.56
32 2.200000 175 -31.81
32 2.200000 176 -25.24
32 2.200000 177 -23.88
32 2.200000 178 -27.08
32 2.200000 179 -21.85
32 2.200000 180 -16.32
32 2.200000 181 -8.99
32 2.200000 182 -11.55
32 2.200000 183 -10.74
32 2.200000 184 -7.38
32 2.200000 185 -5.95
32 2.200000 186 -5.56
32 2.200000 187 -0.52
32 2.200000 188 -5.60
32 2.200000 189 -7.58
32 2.200000 190 -8.23
32 2.200000 191 -11.89
32 2.200000 192 -17.88
32 2.200000 193 -14.35
32 2.200000 194 -18.57
32 2.200000 195 -21.35
32 2.200000 196 -21.03
32 2.200000 197 -21.95
32 2.200000 198 -19.75
32 2.200000 199 -12.48
32 2.600000 0 4881.15
32 2.600000 1 2704.05
32 2.600000 2 1651.57
32 2.600000 3 1075.50
32 2.600000 4 730.64
32 2.600000 5 513.25
32 2.600000 6 375.23
32 2.600000 7 276.28
32 2.600000 8 198.45
32 2.600000 9 158.42
32 2.600000 10 123.05
32 2.600000 11 93.03
32 2.600000 12 66.56
32 2.600000 13 50.94
32 2.600000 14 44.18
32 2.600000 15 37.88
32 2.600000 16 31.85
32 2.600000 17 33.76
32 2.600000 18 33.51
32 2.600000 19 33.00
32 2.600000 20 24.96
32 2.600000 21 17.60
32 2.600000 22 16.48
32 2.600000 23 16.61
32 2.600000 24 15.76
32 2.600000 25 11.68
32 2.600000 26 12.15
32 2.600000 27 13.39
32 2.600000 28 2.52
32 2.600000 29 4.64
32 2.600000 30 6.41
32 2.600000 31 5.47
32 2.600000 32 7.12
32 2.600000 33 10.09
32 2.600000 34 6.28
32 2.600000 35 5.61
32 2.600000 36 5.56
32 2.600000 37 -8.03
32 2.600000 38 -14.16
32 2.600000 39 -16.97
32 2.600000 40 -13.38
32 2.600000 41 -13.59
32 2.600000 42 -18.88
32 2.600000 43 -23.20
32 2.600000 44 -23.32
32 2.600000 45 -18.30
32 2.600000 46 -10.06
32 2.600000 47 -13.79
32 2.600000 48 -20.90
32 2.600000 49 -22.53
32 2.600000 50 -20.95
32 2.600000 51 -27.19
32 2.600000 52 -23.27
32 2.600000 53 -19.28
32 2.600000 54 -12.00
32 2.600000 55 -7.79
32 2.600000 56 -4.40
32 2.600000 57 -11.27
32 2.600000 58 -23.83
32 2.600000 59 -22.92
32 2.600000 60 -30.95
32 2.600000 61 -28.44
32 2.600000 62 -26.07
32 2.600000 63 -25.38
32 2.600000 64 -18.68
32 2.600000 65 -16.73
32 2.600000 66 -19.54
32 2.600000 67 -15.59
32 2.600000 68 -8.49
32 2.600000 69 0.63
32 2.600000 70 2.71
32 2.600000 71 4.93
32 2.600000 72 8.70
32 2.600000 73 14.24
32 2.600000 74 11.14
32 2.600000 75 2.66
32 2.600000 76 8.10
32 2.600000 77 7.25
32 2.600000 78 -1.43
32 2.600000 79 3.74
32 2.600000 80 0.26
32 2.600000 81 -2.40
32 2.600000 82 -6.92
32 2.600000 83 -13.12
32 2.600000 84 -15.29
32 2.600000 85 -16.36
32 2.600000 86 -17.48
32 2.600000 87 -13.08
32 2.600000 88 -12.19
32 2.600000 89 -10.24
32 2.600000 90 -4.05
32 2.600000 91 0.50
32 2.600000 92 -3.03
32 2.600000 93 -2.69
32 2.600000 94 -4.60
32 2.600000 95 -7.30
32 2.600000 96 -5.04
32 2.600000 97 0.02
32 2.600000 98 -1.51
32 2.600000 99 1.82
32 2.600000 100 0.67
32 2.600000 101 1.37
32 2.600000 102 2.07
32 2.600000 103 -1.31
32 2.600000 104 -1.24
32 2.600000 105 -3.12
32 2.600000 106 -3.06
32 2.600000 107 -10.53
32 2.600000 108 -13.33
32 2.600000 109 -13.02
32 2.600000 110 -8.22
32 2.600000 111 -2.13
32 2.600000 112 -0.32
32 2.600000 113 -1.74
32 2.600000 114 -0.69
32 2.600000 115 10.67
32 2.600000 116 15.96
32 2.600000 117 22.62
32 2.600000 118 17.92
32 2.600000 119 9.95
32 2.600000 120 4.45
32 2.600000 121 3.32
32 2.600000 122 4.27
32 2.600000 123 7.25
32 2.600000 124 8.45
32 2.600000 125 4.42
32 2.600000 126 0.75
32 2.600000 127 -2.62
32 2.600000 128 7.46
32 2.600000 129 5.24
32 2.600000 130 3.21
32 2.600000 131 0.80
32 2.600000 132 1.53
32 2.600000 133 -1.25
32 2.600000 134 -0.46
32 2.600000 135 3.49
32 2.600000 136 2.72
32 2.600000 137 1.46
32 2.600000 138 2.31
32 2.600000 139 5.65
32 2.600000 140 1.65
32 2.600000 141 4.54
32 2.600000 142 -2.56
32 2.600000 143 -0.72
32 2.600000 144 2.51
32 2.600000 145 -4.82
32 2.600000 146 -6.00
32 2.600000 147 -3.30
32 2.600000 148 -5.66
32 2.600000 149 -4.39
32 2.600000 150 -5.34
32 2.600000 151 -10.99
32 2.600000 152 -9.73
32 2.600000 153 -13.05
32 2.600000 154 -12.53
32 2.600000 155 -7.94
32 2.600000 156 -14.02
32 2.600000 157 -14.89
32 2.600000 158 -17.25
32 2.600000 159 -12.93
32 2.600000 160 -5.43
32 2.600000 161 -9.11
32 2.600000 162 -13.02
32 2.600000 163 -8.92
32 2.600000 164 -5.59
32 2.600000 165 2.49
32 2.600000 166 6.26
32 2.600000 167 5.77
32 2.600000 168 5.17
32 2.600000 169 3.76
32 2.600000 170 2.46
32 2.600000 171 2.63
32 2.600000 172 10.22
32 2.600000 173 6.44
32 2.600000 174 3.19
32 2.600000 175 5.95
32 2.600000 176 2.81
32 2.600000 177 1.68
32 2.600000 178 -3.48
32 2.600000 179 1.48
32 2.600000 180 7.21
32 2.600000 181 -4.49
32 2.600000 182 -6.52
32 2.600000 183 -5.95
32 2.600000 184 -4.47
32 2.600000 185 -13.59
32 2.600000 186 -16.52
32 2.600000 187 -12.22
32 2.600000 188 -9.90
32 2.600000 189 -4.59
32 2.600000 190 -2.86
32 2.600000 191 -4.31
32 2.600000 192 1.93
32 2.600000 193 11.75
32 2.600000 194 13.10
32 2.600000 195 12.06
32 2.600000 196 6.36
32 2.600000 197 4.51
32 2.600000 198 3.41
32 2.600000 199 6.69
32 2.500000 0 5687.55
32 2.500000 1 3493.98
32 2.500000 2 2399.10
32 2.500000 3 1768.19
32 2.500000 4 1356.69
32 2.500000 5 1074.52
32 2.500000 6 872.06
32 2.500000 7 722.60
32 2.500000 8 613.06
32 2.500000 9 528.02
32 2.500000 10 456.64
32 2.500000 11 394.15
32 2.500000 12 346.09
32 2.500000 13 306.74
32 2.500000 14 283.87
32 2.500000 15 249.65
32 2.500000 16 222.26
32 2.500000 17 197.16
32 2.500000 18 180.96
32 2.500000 19 167.01
32 2.500000 20 151.23
32 2.500000 21 131.96
32 2.500000 22 126.02
32 2.500000 23 112.08
32 2.500000 24 105.42
32 2.500000 25 90.90
32 2.500000 26 80.35
32 2.500000 27 79.85
32 2.500000 28 74.87
32 2.500000 29 62.83
32 2.500000 30 60.66
32 2.500000 31 49.15
32 2.500000 32 38.98
32 2.500000 33 35.35
32 2.500000 34 36.33
32 2.500000 35 37.86
32 2.500000 36 31.65
32 2.500000 37 29.39
32 2.500000 38 28.82
32 2.500000 39 27.51
32 2.500000 40 30.51
32 2.500000 41 20.92
32 2.500000 42 15.78
32 2.500000 43 14.03
32 2.500000 44 12.71
32 2.500000 45 8.09
32 2.500000 46 10.41
32 2.500000 47 5.19
32 2.500000 48 -0.65
32 2.500000 49 -0.04
32 2.500000 50 -5.03
32 2.500000 51 -11.85
32 2.500000 52 -24.19
32 2.500000 53 -27.49
32 2.500000 54 -27.15
32 2.500000 55 -23.11
32 2.500000 56 -14.67
32 2.500000 57 -7.46
32 2.500000 58 -2.39
32 2.500000 59 -3.54
32 2.500000 60 -3.18
32 2.500000 61 -8.55
32 2.500000 62 -17.86
32 2.500000 63 -18.08
32 2.500000 64 -18.03
32 2.500000 65 -19.42
32 2.500000 66 -21.53
32 2.500000 67 -19.45
32 2.500000 68 -20.87
32 2.500000 69 -14.90
32 2.500000 70 -16.93
32 2.500000 71 -11.37
32 2.500000 72 -5.25
32 2.500000 73 -5.31
32 2.500000 74 -5.21
32 2.500000 75 -9.29
32 2.500000 76 -6.12
32 2.500000 77 -7.35
32 2.500000 78 -7.36
32 2.500000 79 -5.31
32 2.500000 80 -4.98
32 2.500000 81 4.45
32 2.500000 82 -2.23
32 2.500000 83 -2.90
32 2.500000 84 -1.56
32 2.500000 85 -1.53
32 2.500000 86 1.20
32 2.500000 87 6.41
32 2.500000 88 4.66
32 2.500000 89 9.66
32 2.500000 90 10.05
32 2.500000 91 9.49
32 2.500000 92 6.27
32 2.500000 93 1.60
32 2.500000 94 3.31
32 2.500000 95 -0.47
32 2.500000 96 -6.76
32 2.500000 97 -7.58
32 2.500000 98 -5.32
32 2.500000 99 -11.08
32 2.500000 100 -8.37
32 2.500000 101 -2.25
32 2.500000 102 -0.01
32 2.500000 103 3.15
32 2.500000 104 4.40
32 2.500000 105 4.13
32 2.500000 106 4.51
32 2.500000 107 3.37
32 2.500000 108 7.50
32 2.500000 109 12.53
32 2.500000 110 8.13
32 2.500000 111 4.36
32 2.500000 112 5.28
32 2.500000 113 8.44
32 2.500000 114 8.44
32 2.500000 115 11.24
32 2.500000 116 7.55
32 2.500000 117 8.75
32 2.500000 118 0.13
32 2.500000 119 -0.72
32 2.500000 120 0.17
32 2.500000 121 5.50
32 2.500000 122 5.66
32 2.500000 123 4.82
32 2.500000 124 -4.37
32 2.500000 125 -2.61
32 2.500000 126 -0.72
32 2.500000 127 -0.63
32 2.500000 128 5.16
32 2.500000 129 6.33
32 2.500000 130 10.26
32 2.500000 131 9.49
32 2.500000 132 4.02
32 2.500000 133 5.50
32 2.500000 134 11.77
32 2.500000 135 9.57
32 2.500000 136 10.97
32 2.500000 137 10.70
32 2.500000 138 12.75
32 2.500000 139 14.81
32 2.500000 140 17.57
32 2.500000 141 17.46
32 2.500000 142 8.89
32 2.500000 143 3.76
32 2.500000 144 1.81
32 2.500000 145 -4.91
32 2.500000 146 -2.72
32 2.500000 147 2.50
32 2.500000 148 3.60
32 2.500000 149 4.77
32 2.500000 150 5.77
32 2.500000 151 6.89
32 2.500000 152 7.67
32 2.500000 153 4.81
32 2.500000 154 5.72
32 2.500000 155 5.21
32 2.500000 156 1.93
32 2.500000 157 -0.99
32 2.500000 158 -2.32
32 2.500000 159 -5.00
32 2.500000 160 -3.05
32 2.500000 161 -12.12
32 2.500000 162 -7.12
32 2.500000 163 -10.13
32 2.500000 164 -9.71
32 2.500000 165 -3.13
32 2.500000 166 -0.77
32 2.500000 167 -6.71
32 2.500000 168 -7.20
32 2.500000 169 -11.46
32 2.500000 170 -14.20
32 2.500000 171 -10.43
32 2.500000 172 -12.35
32 2.500000 173 -12.91
32 2.500000 174 -11.53
32 2.500000 175 -11.98
32 2.500000 176 -11.30
32 2.500000 177 -5.06
32 2.500000 178 -2.46
32 2.500000 179 -0.09
32 2.500000 180 -8.57
32 2.500000 181 -12.27
32 2.500000 182 -5.89
32 2.500000 183 -2.43
32 2.500000 184 -0.87
32 2.500000 185 8.01
32 2.500000 186 2.02
32 2.500000 187 -2.90
32 2.500000 188 -5.90
32 2.500000 189 -8.94
32 2.500000 190 -7.38
32 2.500000 191 -17.27
32 2.500000 192 -19.70
32 2.500000 193 -22.54
32 2.500000 194 -17.27
32 2.500000 195 -17.58
32 2.500000 196 -14.43
32 2.500000 197 -11.91
32 2.500000 198 -9.02
32 2.500000 199 -5.65
32 2.400000 0 7594.88
32 2.400000 1 5370.68
32 2.400000 2 4228.43
32 2.400000 3 3533.30
32 2.400000 4 3065.33
32 2.400000 5 2723.18
32 2.400000 6 2458.53
32 2.400000 7 2241.26
32 2.400000 8 2062.48
32 2.400000 9 1916.04
32 2.400000 10 1794.16
32 2.400000 11 1679.21
32 2.400000 12 1572.08
32 2.400000 13 1480.47
32 2.400000 14 1400.59
32 2.400000 15 1326.30
32 2.400000 16 1254.90
32 2.400000 17 1189.11
32 2.400000 18 1128.07
32 2.400000 19 1082.82
32 2.400000 20 1029.26
32 2.400000 21 977.91
32 2.400000 22 942.41
32 2.400000 23 901.42
32 2.400000 24 868.30
32 2.400000 25 831.98
32 2.400000 26 791.78
32 2.400000 27 765.56
32 2.400000 28 739.91
32 2.400000 29 707.93
32 2.400000 30 679.21
32 2.400000 31 641.49
32 2.400000 32 607.56
32 2.400000 33 582.25
32 2.400000 34 561.71
32 2.400000 35 537.82
32 2.400000 36 517.88
32 2.400000 37 493.29
32 2.400000 38 467.04
32 2.400000 39 450.00
32 2.400000 40 427.53
32 2.400000 41 413.89
32 2.400000 42 403.46
32 2.400000 43 392.72
32 2.400000 44 375.52
32 2.400000 45 350.21
32 2.400000 46 338.19
32 2.400000 47 323.79
32 2.400000 48 308.55
32 2.400000 49 293.44
32 2.400000 50 283.53
32 2.400000 51 266.40
32 2.400000 52 257.79
32 2.400000 53 249.39
32 2.400000 54 238.22
32 2.400000 55 229.43
32 2.400000 56 225.83
32 2.400000 57 218.63
32 2.400000 58 202.48
32 2.400000 59 192.43
32 2.400000 60 188.90
32 2.400000 61 179.37
32 2.400000 62 178.21
32 2.400000 63 172.63
32 2.400000 64 171.91
32 2.400000 65 165.53
32 2.400000 66 159.57
32 2.400000 67 157.22
32 2.400000 68 153.91
32 2.400000 69 147.27
32 2.400000 70 140.80
32 2.400000 71 131.59
32 2.400000 72 129.61
32 2.400000 73 122.15
32 2.400000 74 117.04
32 2.400000 75 112.57
32 2.400000 76 116.16
32 2.400000 77 109.83
32 2.400000 78 90.17
32 2.400000 79 74.11
32 2.400000 80 66.79
32 2.400000 81 63.47
32 2.400000 82 60.68
32 2.400000 83 57.89
32 2.400000 84 48.71
32 2.400000 85 42.98
32 2.400000 86 44.99
32 2.400000 87 44.70
32 2.400000 88 36.61
32 2.400000 89 42.42
32 2.400000 90 40.18
32 2.400000 91 37.19
32 2.400000 92 39.96
32 2.400000 93 42.34
32 2.400000 94 41.00
32 2.400000 95 37.49
32 2.400000 96 38.72
32 2.400000 97 45.52
32 2.400000 98 44.13
32 2.400000 99 50.93
32 2.400000 100 52.23
32 2.400000 101 44.81
32 2.400000 102 47.99
32 2.400000 103 47.31
32 2.400000 104 46.35
32 2.400000 105 45.39
32 2.400000 106 46.02
32 2.400000 107 49.44
32 2.400000 108 55.02
32 2.400000 109 61.95
32 2.400000 110 70.48
32 2.400000 111 71.60
32 2.400000 112 68.19
32 2.400000 113 69.80
32 2.400000 114 72.03
32 2.400000 115 71.91
32 2.400000 116 68.02
32 2.400000 117 59.04
32 2.400000 118 55.99
32 2.400000 119 61.03
32 2.400000 120 63.38
32 2.400000 121 58.59
32 2.400000 122 54.75
32 2.400000 123 49.52
32 2.400000 124 49.67
32 2.400000 125 48.03
32 2.400000 126 43.71
32 2.400000 127 42.73
32 2.400000 128 46.65
32 2.400000 129 53.66
32 2.400000 130 57.38
32 2.400000 131 59.15
32 2.400000 132 57.58
32 2.400000 133 59.24
32 2.400000 134 57.46
32 2.400000 135 59.24
32 2.400000 136 56.99
32 2.400000 137 54.12
32 2.400000 138 53.77
32 2.400000 139 56.12
32 2.400000 140 47.31
32 2.400000 141 41.00
32 2.400000 142 40.29
32 2.400000 143 44.90
32 2.400000 144 42.37
32 2.400000 145 41.27
32 2.400000 146 44.97
32 2.400000 147 43.83
32 2.400000 148 38.98
32 2.400000 149 39.56
32 2.400000 150 36.84
32 2.400000 151 42.05
32 2.400000 152 41.85
32 2.400000 153 41.27
32 2.400000 154 29.47
32 2.400000 155 23.85
32 2.400000 156 19.26
32 2.400000 157 15.40
32 2.400000 158 19.09
32 2.400000 159 26.35
32 2.400000 160 24.38
32 2.400000 161 12.66
32 2.400000 162 8.36
32 2.400000 163 9.80
32 2.400000 164 5.74
32 2.400000 165 6.06
32 2.400000 166 9.82
32 2.400000 167 11.22
32 2.400000 168 16.33
32 2.400000 169 15.29
32 2.400000 170 8.43
32 2.400000 171 5.22
32 2.400000 172 1.47
32 2.400000 173 2.92
32 2.400000 174 4.58
32 2.400000 175 -1.47
32 2.400000 176 -1.89
32 2.400000 177 4.04
32 2.400000 178 9.00
32 2.400000 179 9.60
32 2.400000 180 8.88
32 2.400000 181 8.74
32 2.400000 182 7.85
32 2.400000 183 1.66
32 2.400000 184 -5.90
32 2.400000 185 -6.38
32 2.400000 186 -3.69
32 2.400000 187 4.74
32 2.400000 188 -0.86
32 2.400000 189 -9.93
32 2.400000 190 -2.65
32 2.400000 191 -10.06
32 2.400000 192 -10.53
32 2.400000 193 -3.57
32 2.400000 194 2.68
32 2.400000 195 7.49
32 2.400000 196 9.92
32 2.400000 197 3.90
32 2.400000 198 7.09
32 2.400000 199 7.21
32 1.800000 0 1457.36
32 1.800000 1 461.50
32 1.800000 2 174.73
32 1.800000 3 75.27
32 1.800000 4 35.09
32 1.800000 5 20.07
32 1.800000 6 12.06
32 1.800000 7 8.29
32 1.800000 8 3.09
32 1.800000 9 3.81
32 1.800000 10 1.36
32 1.800000 11 -0.34
32 1.800000 12 -0.97
32 1.800000 13 -1.63
32 1.800000 14 -0.51
32 1.800000 15 -2.47
32 1.800000 16 0.07
32 1.800000 17 -1.36
32 1.800000 18 0.57
32 1.800000 19 -0.62
32 1.800000 20 -0.05
32 1.800000 21 0.89
32 1.800000 22 3.59
32 1.800000 23 1.02
32 1.800000 24 -0.33
32 1.800000 25 -0.43
32 1.800000 26 0.77
32 1.800000 27 -1.53
32 1.800000 28 -0.43
32 1.800000 29 -0.43
32 1.800000 30 -1.58
32 1.800000 31 -3.09
32 1.800000 32 -1.87
32 1.800000 33 0.12
32 1.800000 34 1.24
32 1.800000 35 2.61
32 1.800000 36 -0.68
32 1.800000 37 -1.25
32 1.800000 38 -2.09
32 1.800000 39 1.66
32 1.800000 40 0.76
32 1.800000 41 0.93
32 1.800000 42 2.25
32 1.800000 43 2.84
32 1.800000 44 4.33
32 1.800000 45 1.31
32 1.800000 46 1.69
32 1.800000 47 2.95
32 1.800000 48 3.44
32 1.800000 49 2.65
32 1.800000 50 2.96
32 1.800000 51 4.09
32 1.800000 52 0.73
32 1.800000 53 0.20
32 1.800000 54 -1.31
32 1.800000 55 -0.84
32 1.800000 56 -0.68
32 1.800000 57 -1.41
32 1.800000 58 -0.97
32 1.800000 59 0.83
32 1.800000 60 0.45
32 1.800000 61 1.25
32 1.800000 62 2.81
32 1.800000 63 0.07
32 1.800000 64 -0.12
32 1.800000 65 -0.62
32 1.800000 66 -0.93
32 1.800000 67 -0.32
32 1.800000 68 0.04
32 1.800000 69 0.93
32 1.800000 70 2.46
32 1.800000 71 1.93
32 1.800000 72 3.68
32 1.800000 73 4.85
32 1.800000 74 3.17
32 1.800000 75 0.88
32 1.800000 76 -0.72
32 1.800000 77 1.82
32 1.800000 78 0.73
32 1.800000 79 0.79
32 1.800000 80 -1.66
32 1.800000 81 0.28
32 1.800000 82 1.29
32 1.800000 83 -0.89
32 1.800000 84 -2.97
32 1.800000 85 -3.66
32 1.800000 86 -0.53
32 1.800000 87 -0.35
32 1.800000 88 -2.03
32 1.800000 89 -1.24
32 1.800000 90 1.63
32 1.800000 91 1.69
32 1.800000 92 -0.03
32 1.800000 93 0.05
32 1.800000 94 0.41
32 1.800000 95 -1.06
32 1.800000 96 -2.49
32 1.800000 97 0.78
32 1.800000 98 1.55
32 1.800000 99 2.38
32 1.800000 100 0.66
32 1.800000 101 -0.33
32 1.800000 102 0.56
32 1.800000 103 0.44
32 1.800000 104 -1.13
32 1.800000 105 0.43
32 1.800000 106 1.95
32 1.800000 107 0.31
32 1.800000 108 0.92
32 1.800000 109 0.06
32 1.800000 110 0.41
32 1.800000 111 0.45
32 1.800000 112 -1.69
32 1.800000 113 -2.85
32 1.800000 114 -0.59
32 1.800000 115 0.69
32 1.800000 116 1.96
32 1.800000 117 2.04
32 1.800000 118 1.90
32 1.800000 119 0.54
32 1.800000 120 2.86
32 1.800000 121 1.75
32 1.800000 122 1.04
32 1.800000 123 -1.09
32 1.800000 124 -1.89
32 1.800000 125 -1.69
32 1.800000 126 -0.38
32 1.800000 127 0.58
32 1.800000 128 5.06
32 1.800000 129 3.81
32 1.800000 130 6.21
32 1.800000 131 3.25
32 1.800000 132 -0.01
32 1.800000 133 0.55
32 1.800000 134 1.16
32 1.800000 135 3.10
32 1.800000 136 4.21
32 1.800000 137 3.26
32 1.800000 138 0.04
32 1.800000 139 -0.51
32 1.800000 140 0.32
32 1.800000 141 1.05
32 1.800000 142 2.15
32 1.800000 143 0.90
32 1.800000 144 -4.18
32 1.800000 145 -4.37
32 1.800000 146 -2.70
32 1.800000 147 -4.14
32 1.800000 148 -2.60
32 1.800000 149 -0.77
32 1.800000 150 -0.99
32 1.800000 151 3.64
32 1.800000 152 1.51
32 1.800000 153 2.62
32 1.800000 154 2.52
32 1.800000 155 4.54
32 1.800000 156 1.95
32 1.800000 157 0.24
32 1.800000 158 -1.78
32 1.800000 159 -2.11
32 1.800000 160 -0.08
32 1.800000 161 -0.39
32 1.800000 162 1.28
32 1.800000 163 -0.47
32 1.800000 164 -1.25
32 1.800000 165 0.40
32 1.800000 166 0.72
32 1.800000 167 -1.21
32 1.800000 168 -0.90
32 1.800000 169 -0.77
32 1.800000 170 -1.26
32 1.800000 171 -2.73
32 1.800000 172 -0.71
32 1.800000 173 -2.37
32 1.800000 174 -0.59
32 1.800000 175 -0.92
32 1.800000 176 -0.29
32 1.800000 177 0.64
32 1.800000 178 -0.58
32 1.800000 179 -0.17
32 1.800000 180 -1.03
32 1.800000 181 -0.72
32 1.800000 182 -1.65
32 1.800000 183 0.17
32 1.800000 184 1.09
32 1.800000 185 3.98
32 1.800000 186 4.43
32 1.800000 187 5.07
32 1.800000 188 0.56
32 1.800000 189 -2.32
32 1.800000 190 -3.39
32 1.800000 191 0.48
32 1.800000 192 -0.71
32 1.800000 193 -0.07
32 1.800000 194 3.84
32 1.800000 195 2.08
32 1.800000 196 -1.29
32 1.800000 197 0.72
32 1.800000 198 -0.80
32 1.800000 199 -0.97
32 2.000000 0 2972.06
32 2.000000 1 1362.53
32 2.000000 2 740.10
32 2.000000 3 446.00
32 2.000000 4 285.96
32 2.000000 5 193.00
32 2.000000 6 132.38
32 2.000000 7 93.55
32 2.000000 8 62.70
32 2.000000 9 48.17
32 2.000000 10 33.46
32 2.000000 11 25.53
32 2.000000 12 16.43
32 2.000000 13 7.47
32 2.000000 14 7.14
32 2.000000 15 2.38
32 2.000000 16 3.94
32 2.000000 17 3.19
32 2.000000 18 -1.31
32 2.000000 19 -2.90
32 2.000000 20 -3.87
32 2.000000 21 -6.95
32 2.000000 22 -1.74
32 2.000000 23 -0.36
32 2.000000 24 -2.43
32 2.000000 25 -3.83
32 2.000000 26 -4.86
32 2.000000 27 -9.93
32 2.000000 28 -4.06
32 2.000000 29 1.42
32 2.000000 30 1.12
32 2.000000 31 -2.33
32 2.000000 32 -2.59
32 2.000000 33 2.05
32 2.000000 34 7.52
32 2.000000 35 5.56
32 2.000000 36 -2.15
32 2.000000 37 -2.17
32 2.000000 38 -1.68
32 2.000000 39 -0.91
32 2.000000 40 -2.39
32 2.000000 41 -1.93
32 2.000000 42 -2.31
32 2.000000 43 3.50
32 2.000000 44 4.15
32 2.000000 45 -1.13
32 2.000000 46 -4.62
32 2.000000 47 -2.75
32 2.000000 48 -2.14
32 2.000000 49 -0.44
32 2.000000 50 0.54
32 2.000000 51 -0.18
32 2.000000 52 -2.28
32 2.000000 53 -0.90
32 2.000000 54 -1.88
32 2.000000 55 -4.56
32 2.000000 56 -4.66
32 2.000000 57 -4.60
32 2.000000 58 -8.15
32 2.000000 59 -8.76
32 2.000000 60 -6.13
32 2.000000 61 -5.33
32 2.000000 62 -1.28
32 2.000000 63 -4.70
32 2.000000 64 -3.53
32 2.000000 65 -4.28
32 2.000000 66 -2.65
32 2.000000 67 -1.40
32 2.000000 68 3.20
32 2.000000 69 1.32
32 2.000000 70 -0.05
32 2.000000 71 3.94
32 2.000000 72 6.53
32 2.000000 73 8.71
32 2.000000 74 6.19
32 2.000000 75 6.60
32 2.000000 76 8.20
32 2.000000 77 6.60
32 2.000000 78 2.15
32 2.000000 79 0.51
32 2.000000 80 -2.80
32 2.000000 81 -2.98
32 2.000000 82 -2.22
32 2.000000 83 -6.78
32 2.000000 84 -8.14
32 2.000000 85 -11.81
32 2.000000 86 -6.72
32 2.000000 87 -0.82
32 2.000000 88 -1.65
32 2.000000 89 -1.64
32 2.000000 90 -7.45
32 2.000000 91 -9.16
32 2.000000 92 -9.11
32 2.000000 93 -5.77
32 2.000000 94 1.10
32 2.000000 95 -5.16
32 2.000000 96 -5.26
32 2.000000 97 -2.76
32 2.000000 98 -4.12
32 2.000000 99 -4.00
32 2.000000 100 -3.63
32 2.000000 101 -2.52
32 2.000000 102 -2.15
32 2.000000 103 2.77
32 2.000000 104 0.39
32 2.000000 105 3.14
32 2.000000 106 6.53
32 2.000000 107 4.80
32 2.000000 108 2.31
32 2.000000 109 5.80
32 2.000000 110 5.67
32 2.000000 111 3.19
32 2.000000 112 -0.27
32 2.000000 113 -1.36
32 2.000000 114 1.12
32 2.000000 115 0.94
32 2.000000 116 3.49
32 2.000000 117 3.56
32 2.000000 118 -1.71
32 2.000000 119 -5.09
32 2.000000 120 1.18
32 2.000000 121 1.48
32 2.000000 122 1.40
32 2.000000 123 -3.03
32 2.000000 124 -0.44
32 2.000000 125 1.97
32 2.000000 126 -3.17
32 2.000000 127 -6.20
32 2.000000 128 -1.88
32 2.000000 129 1.01
32 2.000000 130 6.01
32 2.000000 131 0.36
32 2.000000 132 -3.29
32 2.000000 133 1.64
32 2.000000 134 1.01
32 2.000000 135 2.24
32 2.000000 136 1.22
32 2.000000 137 0.36
32 2.000000 138 -1.08
32 2.000000 139 -0.49
32 2.000000 140 -2.60
32 2.000000 141 -2.65
32 2.000000 142 1.41
32 2.000000 143 1.96
32 2.000000 144 -5.61
32 2.000000 145 -7.74
32 2.000000 146 -4.05
32 2.000000 147 -5.22
32 2.000000 148 -9.68
32 2.000000 149 -7.22
32 2.000000 150 -5.62
32 2.000000 151 0.44
32 2.000000 152 3.66
32 2.000000 153 3.53
32 2.000000 154 2.82
32 2.000000 155 5.51
32 2.000000 156 6.26
32 2.000000 157 4.33
32 2.000000 158 -3.23
32 2.000000 159 -0.90
32 2.000000 160 1.89
32 2.000000 161 4.28
32 2.000000 162 5.79
32 2.000000 163 0.87
32 2.000000 164 -2.19
32 2.000000 165 -3.21
32 2.000000 166 -0.65
32 2.000000 167 -5.61
32 2.000000 168 -5.06
32 2.000000 169 -5.24
32 2.000000 170 -5.66
32 2.000000 171 -6.17
32 2.000000 172 -3.78
32 2.000000 173 -6.71
32 2.000000 174 -6.46
32 2.000000 175 -5.74
32 2.000000 176 -2.40
32 2.000000 177 2.20
32 2.000000 178 0.28
32 2.000000 179 0.22
32 2.000000 180 -4.20
32 2.000000 181 -1.45
32 2.000000 182 -3.14
32 2.000000 183 -5.48
32 2.000000 184 -2.68
32 2.000000 185 0.13
32 2.000000 186 -3.05
32 2.000000 187 1.26
32 2.000000 188 -0.84
32 2.000000 189 -3.75
32 2.000000 190 -4.80
32 2.000000 191 -0.55
32 2.000000 192 -5.57
32 2.000000 193 -2.44
32 2.000000 194 1.44
32 2.000000 195 0.65
32 2.000000 196 -3.43
32 2.000000 197 0.81
32 2.000000 198 -1.60
32 2.000000 199 -1.73
32 2.700000 0 4460.62
32 2.700000 1 2293.51
32 2.700000 2 1286.38
32 2.700000 3 770.28
32 2.700000 4 474.82
32 2.700000 5 307.86
32 2.700000 6 197.50
32 2.700000 7 131.36
32 2.700000 8 84.40
32 2.700000 9 61.27
32 2.700000 10 46.97
32 2.700000 11 35.36
32 2.700000 12 24.31
32 2.700000 13 23.10
32 2.700000 14 24.62
32 2.700000 15 23.04
32 2.700000 16 19.11
32 2.700000 17 12.45
32 2.700000 18 2.54
32 2.700000 19 -1.93
32 2.700000 20 -6.58
32 2.700000 21 -10.25
32 2.700000 22 -9.99
32 2.700000 23 -2.19
32 2.700000 24 -1.42
32 2.700000 25 -7.44
32 2.700000 26 -5.56
32 2.700000 27 4.38
32 2.700000 28 -1.51
32 2.700000 29 -2.74
32 2.700000 30 -2.86
32 2.700000 31 1.99
32 2.700000 32 2.56
32 2.700000 33 2.42
32 2.700000 34 -2.46
32 2.700000 35 -2.16
32 2.700000 36 -1.74
32 2.700000 37 1.73
32 2.700000 38 3.48
32 2.700000 39 2.83
32 2.700000 40 0.82
32 2.700000 41 -2.63
32 2.700000 42 -7.69
32 2.700000 43 -1.26
32 2.700000 44 -4.08
32 2.700000 45 -5.43
32 2.700000 46 -3.65
32 2.700000 47 -1.08
32 2.700000 48 -3.61
32 2.700000 49 -3.37
32 2.700000 50 -9.58
32 2.700000 51 -12.76
32 2.700000 52 -17.67
32 2.700000 53 -16.12
32 2.700000 54 -13.39
32 2.700000 55 -11.20
32 2.700000 56 -7.68
32 2.700000 57 -5.14
32 2.700000 58 -11.71
32 2.700000 59 -8.68
32 2.700000 60 -8.09
32 2.700000 61 -9.32
32 2.700000 62 -11.03
32 2.700000 63 -8.14
32 2.700000 64 -9.07
32 2.700000 65 -9.78
32 2.700000 66 -7.08
32 2.700000 67 -3.54
32 2.700000 68 2.45
32 2.700000 69 5.29
32 2.700000 70 5.39
32 2.700000 71 6.53
32 2.700000 72 9.71
32 2.700000 73 -1.13
32 2.700000 74 0.27
32 2.700000 75 -0.32
32 2.700000 76 -4.32
32 2.700000 77 0.73
32 2.700000 78 3.51
32 2.700000 79 9.75
32 2.700000 80 11.34
32 2.700000 81 13.64
32 2.700000 82 7.18
32 2.700000 83 -0.00
32 2.700000 84 -2.68
32 2.700000 85 -0.86
32 2.700000 86 2.35
32 2.700000 87 -0.18
32 2.700000 88 1.07
32 2.700000 89 4.16
32 2.700000 90 11.39
32 2.700000 91 10.59
32 2.700000 92 13.46
32 2.700000 93 7.39
32 2.700000 94 9.83
32 2.700000 95 12.83
32 2.700000 96 11.11
32 2.700000 97 8.92
32 2.700000 98 6.43
32 2.700000 99 9.35
32 2.700000 100 7.98
32 2.700000 101 2.09
32 2.700000 102 2.69
32 2.700000 103 7.41
32 2.700000 104 7.64
32 2.700000 105 5.58
32 2.700000 106 8.16
32 2.700000 107 7.22
32 2.700000 108 -0.28
32 2.700000 109 5.75
32 2.700000 110 5.26
32 2.700000 111 3.10
32 2.700000 112 -4.75
32 2.700000 113 -10.03
32 2.700000 114 -5.26
32 2.700000 115 3.12
32 2.700000 116 7.76
32 2.700000 117 15.97
32 2.700000 118 13.38
32 2.700000 119 10.12
32 2.700000 120 9.74
32 2.700000 121 14.11
32 2.700000 122 11.83
32 2.700000 123 4.61
32 2.700000 124 -2.64
32 2.700000 125 -4.43
32 2.700000 126 -4.41
32 2.700000 127 1.41
32 2.700000 128 5.79
32 2.700000 129 -0.13
32 2.700000 130 -1.90
32 2.700000 131 -4.40
32 2.700000 132 -0.44
32 2.700000 133 -0.95
32 2.700000 134 -8.54
32 2.700000 135 6.72
32 2.700000 136 9.04
32 2.700000 137 3.46
32 2.700000 138 0.46
32 2.700000 139 2.45
32 2.700000 140 4.56
32 2.700000 141 2.22
32 2.700000 142 0.96
32 2.700000 143 4.69
32 2.700000 144 10.07
32 2.700000 145 8.02
32 2.700000 146 9.35
32 2.700000 147 13.92
32 2.700000 148 5.57
32 2.700000 149 4.27
32 2.700000 150 -2.79
32 2.700000 151 -7.25
32 2.700000 152 0.70
32 2.700000 153 4.52
32 2.700000 154 5.38
32 2.700000 155 7.97
32 2.700000 156 4.23
32 2.700000 157 -1.61
32 2.700000 158 1.33
32 2.700000 159 -5.08
32 2.700000 160 -1.43
32 2.700000 161 -4.74
32 2.700000 162 -1.53
32 2.700000 163 -2.49
32 2.700000 164 3.80
32 2.700000 165 6.65
32 2.700000 166 13.29
32 2.700000 167 18.80
32 2.700000 168 12.34
32 2.700000 169 5.86
32 2.700000 170 5.66
32 2.700000 171 8.59
32 2.700000 172 11.00
32 2.700000 173 5.80
32 2.700000 174 6.38
32 2.700000 175 7.44
32 2.700000 176 10.49
32 2.700000 177 13.96
32 2.700000 178 11.23
32 2.700000 179 10.54
32 2.700000 180 12.33
32 2.700000 181 3.33
32 2.700000 182 -4.80
32 2.700000 183 -1.35
32 2.700000 184 -1.09
32 2.700000 185 -2.99
32 2.700000 186 -10.13
32 2.700000 187 -0.41
32 2.700000 188 3.66
32 2.700000 189 -1.85
32 2.700000 190 -5.04
32 2.700000 191 -8.87
32 2.700000 192 -0.34
32 2.700000 193 5.00
32 2.700000 194 2.93
32 2.700000 195 2.01
32 2.700000 196 7.28
32 2.700000 197 18.83
32 2.700000 198 19.28
32 2.700000 199 16.58
32 2.300000 0 10309.96
32 2.300000 1 8005.45
32 2.300000 2 6804.68
32 2.300000 3 6056.06
32 2.300000 4 5528.48
32 2.300000 5 5129.84
32 2.300000 6 4808.52
32 2.300000 7 4542.49
32 2.300000 8 4304.53
32 2.300000 9 4105.58
32 2.300000 10 3930.20
32 2.300000 11 3772.29
32 2.300000 12 3626.12
32 2.300000 13 3488.01
32 2.300000 14 3367.42
32 2.300000 15 3253.43
32 2.300000 16 3156.67
32 2.300000 17 3063.99
32 2.300000 18 2970.97
32 2.300000 19 2881.53
32 2.300000 20 2790.76
32 2.300000 21 2707.18
32 2.300000 22 2635.24
32 2.300000 23 2561.03
32 2.300000 24 2495.08
32 2.300000 25 2424.89
32 2.300000 26 2356.64
32 2.300000 27 2293.08
32 2.300000 28 2234.01
32 2.300000 29 2176.34
32 2.300000 30 2117.89
32 2.300000 31 2066.71
32 2.300000 32 2019.95
32 2.300000 33 1967.46
32 2.300000 34 1922.96
32 2.300000 35 1874.82
32 2.300000 36 1832.29
32 2.300000 37 1781.91
32 2.300000 38 1731.79
32 2.300000 39 1688.49
32 2.300000 40 1643.46
32 2.300000 41 1605.10
32 2.300000 42 1564.51
32 2.300000 43 1530.95
32 2.300000 44 1492.29
32 2.300000 45 1452.27
32 2.300000 46 1421.25
32 2.300000 47 1381.43
32 2.300000 48 1344.37
32 2.300000 49 1311.34
32 2.300000 50 1277.17
32 2.300000 51 1247.41
32 2.300000 52 1222.56
32 2.300000 53 1198.15
32 2.300000 54 1167.28
32 2.300000 55 1134.29
32 2.300000 56 1103.54
32 2.300000 57 1080.42
32 2.300000 58 1055.90
32 2.300000 59 1032.76
32 2.300000 60 1010.43
32 2.300000 61 989.75
32 2.300000 62 970.47
32 2.300000 63 945.30
32 2.300000 64 924.93
32 2.300000 65 908.72
32 2.300000 66 882.36
32 2.300000 67 865.22
32 2.300000 68 853.33
32 2.300000 69 844.22
32 2.300000 70 821.30
32 2.300000 71 794.15
32 2.300000 72 771.01
32 2.300000 73 745.01
32 2.300000 74 726.61
32 2.300000 75 716.80
32 2.300000 76 709.58
32 2.300000 77 693.10
32 2.300000 78 672.72
32 2.300000 79 657.38
32 2.300000 80 643.79
32 2.300000 81 624.69
32 2.300000 82 615.20
32 2.300000 83 600.02
32 2.300000 84 594.24
32 2.300000 85 584.65
32 2.300000 86 574.84
32 2.300000 87 575.74
32 2.300000 88 562.12
32 2.300000 89 549.90
32 2.300000 90 537.70
32 2.300000 91 528.08
32 2.300000 92 521.82
32 2.300000 93 518.30
32 2.300000 94 513.77
32 2.300000 95 495.36
32 2.300000 96 482.70
32 2.300000 97 480.15
32 2.300000 98 468.17
32 2.300000 99 453.17
32 2.300000 100 438.36
32 2.300000 101 415.64
32 2.300000 102 398.32
32 2.300000 103 391.60
32 2.300000 104 387.29
32 2.300000 105 376.89
32 2.300000 106 368.16
32 2.300000 107 360.51
32 2.300000 108 354.02
32 2.300000 109 346.59
32 2.300000 110 336.00
32 2.300000 111 326.00
32 2.300000 112 317.54
32 2.300000 113 305.31
32 2.300000 114 287.63
32 2.300000 115 271.60
32 2.300000 116 267.09
32 2.300000 117 269.65
32 2.300000 118 265.84
32 2.300000 119 259.58
32 2.300000 120 258.99
32 2.300000 121 248.10
32 2.300000 122 237.68
32 2.300000 123 217.61
32 2.300000 124 211.57
32 2.300000 125 211.01
32 2.300000 126 199.22
32 2.300000 127 190.84
32 2.300000 128 184.26
32 2.300000 129 190.53
32 2.300000 130 192.70
32 2.300000 131 184.46
32 2.300000 132 180.48
32 2.300000 133 182.36
32 2.300000 134 182.74
32 2.300000 135 182.80
32 2.300000 136 177.59
32 2.300000 137 169.28
32 2.300000 138 162.76
32 2.300000 139 156.87
32 2.300000 140 143.02
32 2.300000 141 129.20
32 2.300000 142 120.13
32 2.300000 143 116.22
32 2.300000 144 105.73
32 2.300000 145 91.77
32 2.300000 146 85.31
32 2.300000 147 82.04
32 2.300000 148 80.43
32 2.300000 149 83.39
32 2.300000 150 83.58
32 2.300000 151 90.42
32 2.300000 152 95.95
32 2.300000 153 88.79
32 2.300000 154 81.94
32 2.300000 155 79.49
32 2.300000 156 72.75
32 2.300000 157 60.21
32 2.300000 158 62.86
32 2.300000 159 67.80
32 2.300000 160 68.04
32 2.300000 161 65.75
32 2.300000 162 61.73
32 2.300000 163 53.43
32 2.300000 164 44.45
32 2.300000 165 43.72
32 2.300000 166 47.43
32 2.300000 167 45.10
32 2.300000 168 49.05
32 2.300000 169 39.20
32 2.300000 170 30.89
32 2.300000 171 29.17
32 2.300000 172 27.37
32 2.300000 173 27.70
32 2.300000 174 27.41
32 2.300000 175 21.56
32 2.300000 176 24.51
32 2.300000 177 22.80
32 2.300000 178 19.63
32 2.300000 179 15.74
32 2.300000 180 18.05
32 2.300000 181 25.83
32 2.300000 182 28.77
32 2.300000 183 29.34
32 2.300000 184 30.11
32 2.300000 185 31.33
32 2.300000 186 26.42
32 2.300000 187 19.67
32 2.300000 188 9.74
32 2.300000 189 9.21
32 2.300000 190 16.04
32 2.300000 191 14.78
32 2.300000 192 11.77
32 2.300000 193 15.56
32 2.300000 194 17.51
32 2.300000 195 17.98
32 2.300000 196 10.59
32 2.300000 197 8.32
32 2.300000 198 5.19
32 2.300000 199 5.33
